0.239945812579714,0.966503742994932,0.506600374295472,0.009995137966365,3.983706226080044,4.893286534260488,4.354120936595338,2.773808627983595,0.509819485864387,2.575499350217728,3.883479329484382,4.524376289991324,4.515435961548176,4.923709903304890,5.908366400357153,1.180585494800685,2.918377017693896,4.041213976448149,3.812372351628816,3.547181064493037,5.086774368142257,5.562711809988529,1.406928906915411,2.213073743256817,4.080870139545770,0.350439160363043,4.770656929638233,3.939068935958771,2.627127404825312,2.053416678283787,3.757811210304813,4.579729348322019,6.065343578928100,2.455450020005386,2.970030318092355,6.181357604944552,2.821997042829040,3.192066337569548,0.113595513593622,1.802541604934085,4.675358753156725,3.805381989383143,
0.240283947535079,0.973577017836472,0.504804416737432,0.017205223751219,3.973962799406579,4.883360732690068,4.362817877352619,2.764269350420594,0.510269654446189,2.574046395840075,3.884963064299329,4.527867642910361,4.507070891646594,4.914942673057787,5.916547723569523,1.189450911302668,2.926961188210296,4.048626831510860,3.805339795815627,3.537773872736703,5.077255047874842,5.564210951985819,1.403799579079215,2.223075827722278,4.089200456407037,0.343087281640971,4.764284464259434,3.936329413232346,2.625550617857191,2.063050894821445,3.748002163613027,4.589673096349673,6.075296320380129,2.461431431088243,2.971269904670172,6.190886872001530,2.812252268316517,3.182116775061489,0.110928590568980,1.800329664435713,4.666336167454724,3.805381989383133,
0.243719110140668,0.979857105362227,0.505505208400762,0.023179327121797,3.964373753346786,4.873390467842686,4.372079349475836,2.754538006939663,0.515800562239687,2.577349738804989,3.884776973551257,4.532756538155164,4.502429061276651,4.905644727799252,5.925227769461777,1.195730086642943,2.936168726842916,4.057119755952260,3.796971757983137,3.528706835827751,5.069070989914457,5.559912096140911,1.406198884536421,2.233050375040665,4.098141624485661,0.334630279775498,4.756310448115499,3.930376432877198,2.619552038611667,2.072372610712951,3.739142857285969,4.599235582492367,6.084091349040800,2.469298920017688,2.977178390079980,6.200606546505710,2.802640438953886,3.173673450897541,0.104322502082645,1.793826968725585,4.656880297279660,3.805381989383126,
0.248651494033953,0.987487090625317,0.504010561540837,0.029943601569522,3.959422026829966,4.865455305098767,4.381442970582031,2.746584975405907,0.522442106600721,2.578691170015923,3.889958482605806,4.531900760016512,4.499052977766989,4.896599197374555,5.934189144659187,1.194791901227546,2.945242039896136,4.065704485276346,3.788537590412012,3.521386525428115,5.069273776190589,5.557311195382576,1.408912077812176,2.242878674148179,4.107238980313324,0.327659044687722,4.747750382780232,3.924260785720727,2.612618477740311,2.081949974282812,3.730116722239444,4.602963706073056,6.093088582282260,2.477971187911576,2.984735111014889,6.209428729097282,2.792866015300466,3.164916180126490,0.096733537879888,1.786617843283346,4.648443224664779,3.805381989383126,
0.254237695103374,0.995733736975206,0.501862005019528,0.037597744775357,3.954864461697877,4.856839108132865,4.390950570845508,2.738323405461413,0.528907839047524,2.579598815001369,3.896929700687428,4.526834880241119,4.493212475867247,4.887316318467581,5.942970893500648,1.195490495881000,2.954508331555065,4.074254165051404,3.780313386221666,3.514073063857090,5.071625964108901,5.557367766775234,1.409300364930118,2.252612077422911,4.115249576462456,0.325821646926440,4.743291964843140,3.918806437431848,2.605465956144193,2.091678466611438,3.724801308719162,4.607184573788714,6.102317934392588,2.486802943404685,2.993075312777618,6.216166736265810,2.783026506749391,3.156007288872519,0.089202728449727,1.779181108978255,4.642817294870081,3.805381989383143,
0.255624962670950,1.004030184073294,0.498366393444234,0.045186933709856,3.956437613143630,4.850749808360368,4.400102045951411,2.730486285098186,0.534240390171053,2.578523116990158,3.904862176194346,4.520142973217072,4.488255239243009,4.878354822508407,5.950728615043414,1.196292790915115,2.963606309327543,4.081636177862785,3.773120826746078,3.506775969276368,5.071637395537631,5.558243902964607,1.408137579829375,2.262337043631911,4.123664937065598,0.324398364131298,4.739766582997206,3.913920946877477,2.599461252335463,2.101503232478545,3.725424006551237,4.612219126386041,6.111348781231820,2.494942757550780,3.000437245312024,6.221005663188437,2.773080355362936,3.147244879744591,0.083024790823870,1.773692050936170,4.639601143367308,3.805381989383146,
0.255929620265405,1.010837415507742,0.494097057191162,0.050916387827438,3.956839037282356,4.847251511085965,4.409562189154983,2.722473920329183,0.539895838222489,2.579460487112385,3.912378652383373,4.513663851773276,4.488282697327556,4.869034612302500,5.958294017968771,1.196219740074389,2.973027771298309,4.089335516408965,3.765470599507820,3.499813200444561,5.070906433070381,5.558368815435608,1.408537523666530,2.272171806643279,4.132232433919902,0.322533967644902,4.735596020673505,3.909523969294228,2.592736677968888,2.110476069324653,3.722814377545554,4.617745734575168,6.117939991507706,2.503281804765964,3.007175017200865,6.227558152425524,2.764193408662719,3.140920283778156,0.076487154139186,1.767677594804351,4.633988789681758,3.805381989383160,
0.254776867755525,1.015146460504224,0.492096924468703,0.054481547582978,3.954957186487651,4.842417181442504,4.418917583181143,2.714210229956827,0.546218126238389,2.583412133190234,3.916302040784601,4.511244917027041,4.489227116256229,4.859720246822908,5.966021463603630,1.195933294965002,2.982469670923704,4.097740623037807,3.757101565596976,3.493571434393297,5.071820704475368,5.559429669926883,1.409236997216615,2.281236624868930,4.141235517625022,0.319899239885929,4.731177689482181,3.905818518669582,2.585694785388421,2.119088730415696,3.720406989210568,4.622632482829376,6.124532915345990,2.512121566165607,3.014372126777072,6.233587763936135,2.755698166356324,3.134423064659120,0.069947533101796,1.761250607089201,4.628918255394158,3.805381989383181,
0.249874742670946,1.017255175667503,0.488156993693184,0.055916185144459,3.955842859178089,4.839304839898940,4.426160875513473,2.708212426515599,0.553546622196969,2.587568850476130,3.920888689901995,4.508207892910203,4.492568585463507,4.852415579667555,5.974349159323283,1.194315555195989,2.990112665150290,4.106623324955813,3.748225891230330,3.487433540399933,5.073928323551590,5.561158869995112,1.408493896888972,2.290650044375865,4.149801478730059,0.318015482362938,4.727428326195841,3.904964275549327,2.577916545271087,2.123660813236078,3.715192575423937,4.627151457967098,6.132119231544539,2.520947740262801,3.022308630138479,6.240677213611478,2.749558660230634,3.126865375873992,0.062359597024043,1.753819729979888,4.622522837605768,3.805381989383181,
0.244937316230993,1.020334832540701,0.482620136809098,0.057353075403155,3.957620146620059,4.837261534658987,4.432914569206399,2.702998442414221,0.558615042835446,2.590229066198462,3.927053895454833,4.503035721933057,4.494662679988229,4.845638744860232,5.981070392785356,1.194116006936054,2.997372612278148,4.113802441865687,3.741040814101369,3.480877937900231,5.075108069815673,5.563898069619722,1.405808327317084,2.299474985973025,4.157048502246075,0.316593771922333,4.725340483624679,3.903165417969520,2.572840045415701,2.128632126963384,3.711790586029229,4.632047794471376,6.140025151318339,2.527832012642427,3.028948192524547,6.246798209941723,2.743276678787530,3.119065465213914,0.057241894485756,1.748722085630810,4.616924548800225,3.805381989383176,
0.239420247517993,1.021903009894109,0.482865787627958,0.057443992981829,3.961931622631448,4.837184306143127,4.437806451583128,2.699472349524457,0.561375607394049,2.592060221723284,3.933001299746041,4.497946532654315,4.495356343688056,4.840734643870456,5.985505115413316,1.193915563814176,3.002787825761440,4.118609712558901,3.736168063614913,3.475659062549760,5.076969456574981,5.568347332387764,1.402273515385126,2.307840445882907,4.162177414464542,0.318000322201834,4.725964113119064,3.899536987330572,2.570511021128403,2.130172778359755,3.709986643960714,4.636456767542518,6.148020086412084,2.531651731341483,3.033747273934538,6.250234177416714,2.740547014021107,3.111485960797002,0.053734181561271,1.746355872130518,4.614031212374714,3.805381989383188,
0.232749395388565,1.020283012903720,0.479934942870278,0.054461700543455,3.967430588521832,4.837096200090956,4.442016321705354,2.696220326043136,0.561663563398633,2.592329995882063,3.939993333188740,4.491643802481048,4.492637343813246,4.836554523908577,5.987917428117763,1.195392466513402,3.007550730237897,4.121397507741221,3.733433405205820,3.469814834248834,5.077676862265140,5.573367702369978,1.397080480596477,2.316058849863618,4.165717178538602,0.319797048138444,4.728048432112226,3.894393225625878,2.570674725623475,2.132136750274831,3.711282786355285,4.641175314991410,6.156236556453930,2.533445576772958,3.037084696995502,6.251574433880085,2.738147373959080,3.103682137571421,0.052304251722664,1.746310414360290,4.613273288373141,3.805381989383200,
0.225659579813416,1.017609961351553,0.480311969003275,0.050460222034755,3.973626841778338,4.839160180989321,4.446284056436236,2.692317519077177,0.560951559579599,2.592295641410643,3.946379096290043,4.486173200182825,4.489851677691997,4.832566398875487,5.988928944916635,1.195422578760639,3.012111323198209,4.123217679825740,3.731492791711247,3.464697692766749,5.079091926938984,5.579469677607480,1.391442636328693,2.323997847232117,4.168858965881046,0.321194348568051,4.731061754365252,3.888747886596636,2.571749189957674,2.133134917212236,3.714041668610279,4.644115008131162,6.164453983385118,2.534727936705603,3.040656728454985,6.251131069197901,2.737009846312244,3.095797146743613,0.051938419861629,1.747515059414421,4.614441287385477,3.805381989383208,
0.217918838497470,1.012607348006112,0.482276665385394,0.044768720577006,3.980531557345921,4.841962620058251,4.449923788944464,2.688620271783329,0.559017764709496,2.591908017693160,3.953181399234807,4.480278942180692,4.486357525124872,4.829314711293512,5.988779802935208,1.193976816342204,3.015958152839678,4.123905584310660,3.730708917993527,3.459824684486661,5.080571788824781,5.585993728372427,1.385674758529458,2.332167131398006,4.171283390517635,0.323113408082199,4.735155184122289,3.882299453176280,2.574028673749606,2.134007736662830,3.716737603401717,4.646320964670463,6.172531637418294,2.534835914666959,3.043909060752373,6.250351382571633,2.736057802448602,3.088034008310907,0.052393290404959,1.749806590249849,4.615913352918587,3.805381989383216,
0.210705886691251,1.007298459914857,0.485761626688520,0.038603044140295,3.987994985018925,4.846468556319140,4.452522228755846,2.685954266920784,0.558036340398937,2.590316979901949,3.957524907201117,4.476993442798967,4.484051653523277,4.827174406856411,5.988916548886701,1.192357467693498,3.018648626371268,4.124446965847999,3.729779256867830,3.456253383785928,5.083881243469493,5.593461174090328,1.381184348233430,2.339768888926437,4.175130973785031,0.324404295142946,4.737000032121110,3.877115509208050,2.575449615034156,2.132613597600376,3.720473612683926,4.646811136261403,6.180767161976199,2.536436674914264,3.048314781428864,6.247638429752731,2.737468921703505,3.080892681114187,0.051830888967455,1.752042498615719,4.619377825391405,3.805381989383221,
0.203375555769047,1.003099509543116,0.487948481613418,0.033354411828019,3.995084578365223,4.849852135071582,4.455574174805577,2.683234221611352,0.557088478643831,2.588107655649651,3.962909839500041,4.472530909631695,4.480896122420304,4.824521489844990,5.989381741782087,1.191613683090450,3.021891718851152,4.125311074655664,3.728646401208267,3.452466177255744,5.086516746894691,5.600560905332512,1.376397570436045,2.347516512341757,4.179493313621557,0.325966017384005,4.739310569135743,3.872229826219150,2.576858750161914,2.131500726814255,3.724512834730317,4.647618588525124,6.188982511108456,2.538476202077788,3.052609848703645,6.244840510939621,2.738705349434211,3.073643405162829,0.051480122063030,1.754211223915177,4.622885457565979,3.805381989383234,
0.197105183513846,0.998900638457525,0.490402100746981,0.028814737605605,4.002804504546546,4.854830858542720,4.459205062846696,2.679727405943912,0.557992767060267,2.585840058830565,3.967941820516139,4.468848499586595,4.480982248172742,4.821415640873471,5.990930640340969,1.188630558557123,3.025599802478321,4.127203859595848,3.726241714846109,3.448963160771851,5.090167362001692,5.607554946774334,1.372577030360963,2.355379748285579,4.184416510435394,0.325955518506601,4.740490765814878,3.869649277135883,2.576041038795610,2.131275122823645,3.729299893136742,4.648055151071984,6.196725603030902,2.541631946398700,3.057491132271893,6.241365629095997,2.739280456413362,3.066381748780723,0.050132171945489,1.754949698729064,4.627373543573759,3.805381989383235,
0.190902750194683,0.995045154505112,0.491594586126862,0.024658809358485,4.010419321279694,4.858200207634459,4.462511660695668,2.676649549409519,0.557130638257482,2.583037186490503,3.974122478715064,4.463763521661816,4.478441835249614,4.818568829166694,5.991256965392887,1.187907273468706,3.029073764231342,4.127909827906205,3.725401695481247,3.445662105342915,5.093520649477859,5.614225866988818,1.367607235303995,2.363180732986893,4.188186218892638,0.326360124766546,4.742601199367420,3.866661209746723,2.577110982959081,2.131817680483408,3.733902881538141,4.648493308243202,6.204675569766121,2.543418428450517,3.061491863862654,6.238326099906859,2.738901318765010,3.058913777925044,0.050221383154328,1.756981599597836,4.631231543065039,3.805381989383234,
0.184979878308704,0.991526910914060,0.492270934611406,0.020887763781720,4.016785627102714,4.859502916841938,4.467141276924055,2.673130714171338,0.555624299390586,2.581084005955941,3.981072797372438,4.457724652026503,4.475289541780132,4.814290117385734,5.991391876411195,1.188474701747611,3.033843216153413,4.129198255983861,3.724263543735315,3.442473660541016,5.096179264184153,5.620485890634358,1.362315465505938,2.370559454362606,4.191503219140794,0.326724184029381,4.745085527569099,3.863731725981981,2.578967316109010,2.132484645726333,3.738522811554287,4.649152826624771,6.212443841216439,2.544614901544499,3.064802115542558,6.235272639494515,2.738388083501658,3.051578145095379,0.051000078010244,1.759469420656520,4.635024240883406,3.805381989383221,
0.177907525290583,0.985676694169685,0.494647899974045,0.014915236097754,4.023858911853718,4.861269968337702,4.471615163570035,2.669520866243675,0.551935984184798,2.579716041972776,3.988354144253770,4.451126028112077,4.470780994157469,4.810249834444756,5.989188549025802,1.188770772325095,3.038372583126598,4.128476564722900,3.725259134274002,3.439976960368843,5.098065728255476,5.626360875171007,1.356341964242656,2.378327713632041,4.192415623883255,0.329666469615216,4.750113473444461,3.859973301335951,2.582799830748732,2.133163824026037,3.743267548177796,4.649431805513265,6.219860469873956,2.543353905373246,3.065950158374775,6.232176234870196,2.737948790818321,3.044577295095187,0.053662349606023,1.763721490653372,4.638722721267863,3.805381989383203,
0.171212129446877,0.979420998025445,0.496576546935752,0.008831329538552,4.031403049066641,4.862874555711319,4.475371241383147,2.666189645932933,0.546785023716248,2.578046329167638,3.996507972873626,4.443552776862735,4.464647175172890,4.806948163825395,5.985444917564152,1.190763318003744,3.042185052456983,4.126102471070085,3.727971790706801,3.437543813977836,5.099436204626969,5.632036532597871,1.349056324140991,2.385454700008705,4.192270330189937,0.332946629673021,4.756154297995362,3.856670906606940,2.588127439861510,2.133463064504892,3.748310525955802,4.649792687324921,6.227912446262690,2.540726078475370,3.066296894190747,6.228607291109073,2.737854862452950,3.036909118671729,0.057954380763971,1.769330252529440,4.642811954240396,3.805381989383224,
0.164244319772672,0.972957380080036,0.499314960082512,0.002513822788046,4.039050909276503,4.864281396777736,4.478677299125295,2.662830833725830,0.540251192997273,2.575916266152622,4.004987051307921,4.435498215067214,4.457316328144682,4.804143175390154,5.980244069170428,1.191868081850060,3.045559683359482,4.122186193918740,3.732345272983938,3.436264055140312,5.099827832899552,5.637831944757614,1.340976270566213,2.392559002135908,4.191172745983588,0.337698649243416,4.763415736126566,3.853555962075938,2.594873339284583,2.133632555786362,3.753659084300764,4.648971117473896,6.236043606915489,2.536754525092465,3.064971221385072,6.224970982330124,2.738130137939721,3.029142595131033,0.063794939267940,1.776234761723400,4.646671258348761,3.805381989383278,
0.157912942864729,0.966989848486734,0.501943461712903,-0.003231614027956,4.046748563958388,4.865928178018649,4.482045431958812,2.659064982512275,0.533052822525652,2.573563239265723,4.013731489688102,4.427196730557925,4.449476176800530,4.801467626660409,5.974232549089782,1.191512955067555,3.048839712032266,4.117534777817212,3.737465848781212,3.435720879483407,5.099487059566612,5.644149460067809,1.332372572438655,2.399682705731179,4.189493387253569,0.343479433376474,4.771613861111700,3.851002184213426,2.602266948435608,2.134142097805216,3.759289529131370,4.647100423430647,6.244361645939573,2.532096093891581,3.062496016529216,6.221218703650796,2.738237334774275,3.021109196434353,0.070589492978805,1.783864074713464,4.650711910127338,3.805381989383353,
0.152068820473453,0.961444624842350,0.504304973686923,-0.008500137596104,4.053195504017026,4.866454319784178,4.485195730475864,2.655624300474746,0.525864020201211,2.571569741311201,4.022760266291036,4.418565448501632,4.441679046841010,4.798943575677413,5.968342033987503,1.192716280862905,3.051904267781227,4.112975583407529,3.742575786188965,3.434697871816544,5.098225677669509,5.650110227896495,1.323442637466823,2.406895589687548,4.187440520083430,0.348689904822129,4.779877533314969,3.849264191902479,2.609596453748740,2.134930763364550,3.763417136682887,4.645128114112106,6.252751645045102,2.527255075650237,3.059568606552077,6.219034044101970,2.737527761649518,3.012990551784409,0.077482722131835,1.791290795260598,4.653320951559426,3.805381989383422,
0.146308473047515,0.955991481298574,0.505944182567019,-0.013561796614968,4.057693036730910,4.866459633513530,4.489050626285107,2.651935277140106,0.518239584995522,2.569784118227052,4.032294572738266,4.409341300900661,4.434085795462833,4.795649002547209,5.962021133008778,1.195197582779964,3.055798300522155,4.108173677656833,3.747988252102697,3.434185163592005,5.096735068129056,5.654136591964323,1.313723253149562,2.414143679751907,4.184626139645476,0.353445303840894,4.788508689049261,3.848700142755896,2.617300590536815,2.136532939414646,3.766729816660816,4.643080285082296,6.261302641117908,2.521824709023960,3.055606244611307,6.218000326253661,2.735600515112659,3.004769209576808,0.085104960158808,1.799012782690353,4.655114722122741,3.805381989383502,
0.141142866505226,0.950932132450398,0.507656373518022,-0.018341807796628,4.062021416907939,4.866530322523847,4.492761863336503,2.648572061943343,0.512145205992071,2.568110366609639,4.041944096688730,4.399982384028806,4.427566119084130,4.792418402510036,5.957139850419923,1.196652514904857,3.059629796888587,4.104409872666341,3.752318168676086,3.433165052184175,5.094717631062272,5.657241391469253,1.304784706794528,2.421771778307072,4.182516293394563,0.358451266650834,4.796514123170192,3.847562994818046,2.623317638188043,2.138577479042478,3.770099154417634,4.641083286878762,6.270264540146855,2.517768452925937,3.052629486473952,6.217064599540636,2.733362031677077,2.995712224045613,0.091364910439546,1.805217904826557,4.656736370097402,3.805381989383579,
0.136264752293957,0.946203679230234,0.509121920685990,-0.022897881066172,4.064615946251898,4.865150579705156,4.497176839579511,2.645093350818216,0.506260250781244,2.566817669342010,4.051241638166370,4.390951677926947,4.421222042659994,4.788416026346139,5.952677247523826,1.199167641236826,3.064180023890612,4.101422189089101,3.756068332356279,3.432526198855547,5.092474149229424,5.659657645333167,1.295678138809574,2.429638268034877,4.180387858062486,0.362466565123424,4.804200507077060,3.846801059871453,2.629048015906752,2.141058979727406,3.772451354630826,4.638949728829689,6.278795553781900,2.513831635725214,3.049131387112022,6.217504252234157,2.730353051178975,2.987221447114524,0.097511006124745,1.810999683588272,4.657183280785524,3.805381989383645,
0.131838747732971,0.941856446650812,0.510609848568753,-0.027048276363009,4.066940283726827,4.864835186658098,4.501755945009668,2.641573538797256,0.501151689519994,2.566111750835535,4.059891196786091,4.382627917770196,4.416523781537954,4.784221603703679,5.948855082150820,1.200892576797605,3.068953140283425,4.099111580668031,3.758979651957802,3.431716040378845,5.089342861600567,5.661987568472007,1.286791072910910,2.437964741331609,4.178716052933040,0.365030615376956,4.811096241433596,3.845691140650483,2.633887731178135,2.144181139382428,3.774498319476140,4.637462584005966,6.287175479496137,2.510503395133195,3.045354755538190,6.218651407516794,2.726741406626118,2.979075160838792,0.102938183025456,1.816020079238248,4.657086145551601,3.805381989383708,
0.127437272918388,0.937850629012520,0.511733584113570,-0.031133302040564,4.068677067785885,4.864781822583530,4.506212198140988,2.638303810220801,0.495435145925424,2.566016233573892,4.069282649304403,4.373436025945751,4.412059728090077,4.780121788333108,5.944214886768064,1.203302131854514,3.073755372788581,4.095944492151599,3.762712920237055,3.431739932216171,5.085688942023534,5.662935495586053,1.277004687725550,2.446487935411064,4.176042861433494,0.367628210736129,4.819029517667703,3.845884133875204,2.639195662450497,2.147067671577409,3.776315543032990,4.635525757580503,6.296394088984185,2.506254047696597,3.040548794372560,6.219887833008002,2.723494391653927,2.970062062303389,0.109566674623917,1.821718441837288,4.656802406274395,3.805381989383764,
0.124473750632218,0.934796288890616,0.513428004879824,-0.033946308991467,4.070701034414919,4.864379881305787,4.510864763753988,2.635116197843759,0.491113759119092,2.565686646362619,4.077816860910745,4.365213511079333,4.408098267849491,4.775788070027010,5.941060083763311,1.205091877667219,3.078712211315655,4.094151769110212,3.765057798340867,3.432465956521324,5.081829579924721,5.665254080161439,1.268426021497356,2.455225650037058,4.174375714127739,0.370208318608931,4.825621036098570,3.845163492368461,2.643048265966929,2.150443954781052,3.778084112799489,4.633331029653304,6.305365702069087,2.503320998621465,3.036828951805664,6.221504764434710,2.719914970572948,2.961301604872420,0.114537502795283,1.826024606609592,4.656140704724361,3.805381989383832,
0.123834472172878,0.932374935647441,0.515414961932843,-0.035805506286011,4.074851252450519,4.865640490017211,4.516563274915035,2.631766560128183,0.489106407700147,2.566480923367001,4.084992881837432,4.358620182431530,4.406070073718653,4.770360254188267,5.939776584024048,1.204487122344320,3.084803218148833,4.094293811639851,3.765149528662932,3.433611916740206,5.079672916107310,5.669575204778726,1.261946327826142,2.464171172851577,4.173756580138000,0.371088579527873,4.829440529532409,3.843015560347163,2.644595975906446,2.154255932068355,3.780658306930663,4.631197920962009,6.312875924453960,2.502139482774239,3.034714907981881,6.222342849056291,2.716246080625647,2.954132825366458,0.116680166122924,1.828012011031725,4.656387560791744,3.805381989383914,
0.123223957751806,0.930184854835317,0.517173034221269,-0.037619014292243,4.076163624158931,4.863354376930578,4.522243567937885,2.628530967687150,0.487081274308123,2.566321714688198,4.092888753173916,4.351135382978025,4.402924851816833,4.764835339780234,5.939385682419521,1.203012178042069,3.090909361363707,4.095105263120395,3.765289951906745,3.437332469879261,5.079607816725749,5.674925009038869,1.256702262204207,2.473514287195630,4.172487850976884,0.374178080619760,4.834185870879500,3.841349297592843,2.646130462961627,2.158872083079527,3.782424692302927,4.625704447914321,6.320041112997344,2.500775956302317,3.032916178345158,6.224758622515216,2.711722967171118,2.947460017198145,0.118157576499413,1.829423544285535,4.654841091156994,3.805381989383986,
0.123198458346294,0.929782671804919,0.517838500599395,-0.037828635878117,4.079950489205330,4.862366067880886,4.527818032531481,2.625267585069738,0.485529103724263,2.565711992117605,4.099221526882929,4.345591805362307,4.400366220437327,4.759569137495903,5.939042358124373,1.200872615093892,3.096663540110336,4.095997504876912,3.765160356194738,3.441715089206679,5.080556605757801,5.680032740350649,1.250556593873168,2.482787173045064,4.171569352075344,0.377647542619351,4.839482164830550,3.839597163112812,2.647048805724999,2.162574155884531,3.785101840457097,4.618743611605198,6.327349740949749,2.499551813719858,3.031358899012288,6.225205007672552,2.708205066352275,2.940702526147265,0.120160359423737,1.831122355910112,4.655779666600219,3.805381989384061,
0.123310133491123,0.929403256631971,0.518217414975589,-0.038036073323978,4.084130515186293,4.860631504996859,4.532889204681640,2.622257275096797,0.484367278885295,2.563862132882041,4.106144321828905,4.339581230261659,4.397060380440974,4.754834547972727,5.939214020030664,1.197274527408576,3.101854386592621,4.097087415260263,3.764903539783865,3.447832651332431,5.083867515871201,5.687029620769844,1.244712733345553,2.491632208777916,4.171595720806334,0.381259217734458,4.844248119876282,3.838122221333608,2.647645965460879,2.166445552058243,3.787452522061368,4.610078968913431,6.335642686326286,2.499031965726878,3.031768444209772,6.225552116487402,2.704499518434014,2.932894969135232,0.121920864009245,1.832646048041835,4.656734769499933,3.805381989384118,
0.124942208569192,0.929542019499292,0.519944152404454,-0.037593671765220,4.091149855610500,4.863201729836371,4.537169725652654,2.619445983205933,0.484182160334240,2.562381931766950,4.111598864159638,4.335116779154754,4.395857750023351,4.750951575562526,5.939255564678231,1.191164564988718,3.106265077568166,4.097565816159274,3.764558518976948,3.455650235534270,5.084678788727749,5.694587263759010,1.238735836843235,2.500213683553343,4.171936634241163,0.384616516329425,4.848752700130158,3.836291029935004,2.647096169403800,2.169280703852593,3.791724363760043,4.601934642688003,6.344440217988357,2.498722220073045,3.032116365793329,6.223120484668905,2.703811702848333,2.924570563200172,0.123567877817319,1.833957406785464,4.659858101798515,3.805381989384162,
0.126328610457703,0.929650260187958,0.521366592895772,-0.037197568069964,4.096993052642676,4.864506328930082,4.541927021703786,2.616596548358829,0.483781025861023,2.561050794332717,4.116565281951992,4.331039788104718,4.394344690706690,4.746565503841460,5.939340159351742,1.186489097752838,3.111108615355950,4.098448603502117,3.763990129952396,3.463531961137990,5.085043800716117,5.699003870135450,1.231587389882086,2.508967460309080,4.171991219317310,0.386120764366099,4.853455960398976,3.834499254916812,2.646710574146500,2.172898625571064,3.795335881629138,4.593879238778608,6.352544449143608,2.498191418012717,3.031018244208094,6.221956479726239,2.702065795192503,2.917137923749026,0.125525601523637,1.835293604183291,4.662055964902616,3.805381989384215,
0.127226350033776,0.929562215513733,0.522082963989256,-0.037166242309269,4.100844193620700,4.864149242043006,4.546473652557117,2.613945067135862,0.483006603518137,2.559856972663762,4.122783225065731,4.325516463785852,4.392450232589162,4.742341234684490,5.939577425282076,1.183757801446924,3.115756427506950,4.099428189923515,3.763725190442435,3.470760936617624,5.083029057802356,5.704277328696655,1.224682630823979,2.518250597787429,4.171807621367218,0.387968082140212,4.858833531973990,3.833399455645076,2.646618810786114,2.176945479000506,3.796725073012408,4.585697602624887,6.360331539062918,2.497447080247447,3.029448128356630,6.223262301344053,2.698894175574018,2.910068007878317,0.127769176247043,1.836615900457100,4.661805739505875,3.805381989384248,
0.128078439193357,0.929395521974318,0.522668797030561,-0.037474511604396,4.103293243104978,4.862214958316240,4.551328765639505,2.611394444419913,0.483985011003155,2.558283926431489,4.128530586500869,4.320601103227178,4.391078962405559,4.737775883988173,5.942166896403126,1.181348013089461,3.120696522682783,4.102543368084415,3.761514425633684,3.477510728815859,5.081022484458234,5.712113840757413,1.222564284928718,2.527967022972621,4.172871445336826,0.389789043764613,4.861105254390863,3.830915541224151,2.644899941231224,2.181714892693537,3.796692748886124,4.578001929783508,6.365499630052507,2.498627182529070,3.029871207434772,6.226355279572580,2.694542260549616,2.905866905753949,0.126398197292490,1.835334963885248,4.659735532789901,3.805381989384308,
0.129176800513915,0.929858468078597,0.523533381364495,-0.037419840546160,4.104568913333628,4.859511005438534,4.555946468515897,2.609079131146681,0.485702434403202,2.557402503852432,4.134931597733354,4.315023349336299,4.390242261680982,4.733412734853868,5.945731528038042,1.179223056386269,3.125444809271328,4.106514372126358,3.758487840606403,3.484575503515679,5.078889235180466,5.719893490967564,1.220740146668218,2.538018832056850,4.174212318211022,0.391156836440224,4.862760184082474,3.827999572609484,2.642453295581631,2.186496101741862,3.795849779525438,4.570375653868554,6.371852314277287,2.500496050627198,3.030600967047075,6.230293254618237,2.689725815318402,2.900305158937643,0.124117282092228,1.833031971329367,4.656900840442774,3.805381989384343,
0.130604933814852,0.930247007325025,0.524230060299586,-0.037275452393550,4.105995583650299,4.856285209587130,4.560428099919729,2.606880099343922,0.486868612868336,2.555478208762947,4.141450454185293,4.309259360658520,4.388499708318691,4.729283657223228,5.948838396320387,1.176516280107634,3.129976166363472,4.110051850184887,3.756123749308274,3.493147133350934,5.078206218152360,5.727831932101964,1.217987606739366,2.547996655955373,4.175445830736222,0.393591339406477,4.865748546809812,3.825485613371516,2.640477393731538,2.190766352723128,3.795287157183327,4.561347264515685,6.378876932097270,2.501948166674226,3.030224228082705,6.233782521634792,2.685485990854537,2.894111139396826,0.123018786281077,1.831699284148968,4.654435412755200,3.805381989384402,
0.132004763581072,0.930807285253239,0.524907226353581,-0.037011870944321,4.106914335154950,4.852097430124978,4.563961594848219,2.604923104541904,0.486878320169129,2.553885585288703,4.148676446045776,4.302529823072734,4.385677900387657,4.726052584721562,5.950843841082317,1.175990274408582,3.133573543783379,4.112570740399812,3.755106043228204,3.502804269394777,5.075672902141436,5.732603621673679,1.213011695452298,2.558224410802746,4.175140103785800,0.394517841569916,4.870270473358260,3.823652366323493,2.639461141330933,2.194413221806214,3.793212680975845,4.552180599900809,6.386879717110299,2.501971158152733,3.027555452095176,6.238400729672986,2.681078126295402,2.887035882842991,0.123922024122868,1.831629418805625,4.650696371836101,3.805381989384440,
0.133481073534267,0.931725561452981,0.525088764225040,-0.036245452320381,4.106778220398488,4.846947656654867,4.566879987928413,2.603169803871701,0.487044895173803,2.552569729862231,4.156008302087840,4.295647445874591,4.382316417669567,4.723436771689589,5.953194644774686,1.175021778395988,3.136493687336658,4.115306906600847,3.754035424599047,3.512732069672061,5.077546219465355,5.739516157965443,1.208274059369023,2.568534671226157,4.174672695940161,0.394296875834545,4.875352629459816,3.822362080773220,2.638216436122335,2.198317732953143,3.790889429976465,4.541717245095119,6.395913698244452,2.502310439776400,3.026195933128421,6.243270519898141,2.676533284181803,2.878785444971464,0.124019279016834,1.830919166742012,4.646571368358244,3.805381989384479,
0.135583260344686,0.932304184232529,0.525137774487337,-0.035626029967257,4.106587187493453,4.841789889366766,4.571765358811051,2.601362015895461,0.488227306694738,2.552890368060188,4.162107622741359,4.290228119586936,4.380298735292172,4.719016759925450,5.956352642609573,1.173755412802231,3.141208105586675,4.119498058495382,3.751263742871524,3.523246311770590,5.081222263474213,5.747653840367455,1.204299687391105,2.578864016807931,4.174765776183613,0.394139055244391,4.879625895874626,3.821403687578759,2.635835473095933,2.202427269863910,3.788662085410473,4.530873074264339,6.405337714547758,2.503587696175626,3.025734455842827,6.247891550812425,2.671847155338870,2.870059865670769,0.122851158664289,1.828977096121001,4.642859175901342,3.805381989384517,
0.138998426158393,0.932568906849034,0.526393077327296,-0.034988193436227,4.108982529092901,4.838164443256182,4.578072122208638,2.599654244068929,0.489881492430388,2.554696286592036,4.168091829175608,4.285146745190559,4.379076563733372,4.713149950319047,5.959384824755537,1.171468742803772,3.147453505550586,4.124021688243118,3.747704541724271,3.533310758167479,5.083617601243205,5.754713778329084,1.200018203439118,2.588792652381109,4.175466858215004,0.391586368578033,4.883791198638465,3.820639537256155,2.633143914396811,2.207200031472391,3.787661343966823,4.520746734051101,6.414409426083655,2.504493792557653,3.024302877527979,6.251697357878347,2.666953545978024,2.861820149714609,0.121933065973086,1.827008721919201,4.640200393634109,3.805381989384557,
0.141818283991454,0.932489242629287,0.527916080352339,-0.034904941235265,4.111227870755140,4.834000979690902,4.583888383349597,2.598101673522454,0.492410332397247,2.555503258365064,4.173797011207398,4.280351415578451,4.377942094162135,4.707712758709085,5.963473414562276,1.168748050141122,3.153237950798734,4.129232365342925,3.743580129167149,3.543660293731450,5.089442549397476,5.763378214200602,1.197275521888896,2.599036158012951,4.176701102067224,0.389388320210914,4.886322544218391,3.821689540184296,2.629426576579285,2.211834089989486,3.786589547221368,4.509513053455635,6.423792805921521,2.506538727047138,3.025722271861897,6.255309557147921,2.662163215708324,2.853515255223885,0.119125093554642,1.823607594877036,4.637749077764450,3.805381989384630,
0.145186623505916,0.933178640817256,0.529393691510777,-0.033562161725230,4.114233715148556,4.831654750328481,4.588677286037480,2.596611343982509,0.496285357275297,2.555905258765484,4.179094582135942,4.276288582145079,4.378766154664093,4.703234786185797,5.968700886970439,1.164487023546504,3.158092116931745,4.135150866754883,3.738463442371451,3.552095158450649,5.095856316715229,5.773246366130051,1.195613822455504,2.608950478414591,4.178791957944175,0.387341079483903,4.887741303298203,3.824899551174751,2.624358880981534,2.215109130405964,3.786720199359569,4.498405424303146,6.434114995347963,2.509826655988037,3.028378735457570,6.257582698819659,2.659344391432447,2.844116989791478,0.115290165025689,1.819211575448456,4.636636926434690,3.805381989384686,
0.147952463319133,0.933759248054434,0.530348891797113,-0.032500271788690,4.116902519398199,4.829455019296324,4.593845388043243,2.595327075106668,0.499967413311888,2.556405803159340,4.184954779208541,4.271540552900088,4.379840834025365,4.698347867297681,5.973703199848000,1.160348589502620,3.163359829862162,4.140867614857979,3.733529917912915,3.561842110092064,5.101437231053619,5.781920583227068,1.193238413419400,2.618453236287932,4.180951297004616,0.384532094837099,4.889184951607582,3.828022215855558,2.619594065780559,2.219106966150673,3.787518044925483,4.487149767253051,6.443419835928476,2.512895560847261,3.030228617141792,6.259494167031723,2.656007212482501,2.836029051090005,0.111632516083520,1.815103934501451,4.635839676618951,3.805381989384731,
0.150172621526677,0.934057105447006,0.531556959098361,-0.031283885949980,4.119401889561635,4.826678891998913,4.598708464111363,2.594214685585696,0.502815717481901,2.556914418565756,4.189970861862621,4.267174975724372,4.379964780990493,4.693820454401393,5.977767583344282,1.157445341732444,3.168216934002094,4.145702598695178,3.729629370621068,3.572871565659683,5.106880680132839,5.788144912368256,1.189649844182062,2.627515048402735,4.182258583108336,0.382528455714901,4.891777433016578,3.829914524549009,2.615676461055687,2.222055456650673,3.788452772238764,4.475153218879147,6.451972979731200,2.514959087244597,3.029974579107554,6.260997093684185,2.653614961421765,2.828822809326943,0.109554993409222,1.812210922970720,4.635190607094550,3.805381989384803,
0.153815445443830,0.934947553218273,0.533220647764694,-0.029818697865823,4.122254466956886,4.823884771048727,4.603817473457385,2.593266405268833,0.505399851774388,2.557882425060447,4.195629847219013,4.261992295429711,4.379708398456144,4.688996561937266,5.981334816280817,1.154778536489265,3.173410148371679,4.150177921383547,3.725994485084262,3.581601219680698,5.110502998574705,5.792992335491193,1.185141114571668,2.636351568930262,4.183204874664149,0.380364604766943,4.895177700255113,3.831750892107836,2.612007152712058,2.225797394703745,3.790060701833045,4.464165831594563,6.460500838574377,2.516546488589383,3.028942763834938,6.262276017745597,2.650914188018261,2.821470742466277,0.108390082120482,1.810025192106369,4.634564540575520,3.805381989384865,
0.157231921844040,0.935599075528119,0.534609228987295,-0.028204784780226,4.125437440886985,4.822050973912078,4.608855815566091,2.592529008244115,0.507576320179860,2.559700426732617,4.201343136054359,4.256774152073702,4.380156608709025,4.684235245957692,5.984209755381192,1.151819003097882,3.178521377266383,4.153959787418660,3.722857785035120,3.591946617321016,5.112415292318958,5.796005127700429,1.179429389706473,2.644885929139402,4.183406298445563,0.378241762845924,4.899733516529371,3.833528877348964,2.608727764231144,2.230159143629288,3.792002184196034,4.453771540587340,6.469065051390245,2.517397995122864,3.027059294036616,6.263452130772363,2.647595288146865,2.813920295409692,0.108392332035004,1.808682160316361,4.634136983779450,3.805381989384912,
0.160180121974227,0.935754436102899,0.535270091195623,-0.027395672290308,4.129321519227756,4.821306444464397,4.613447815853072,2.591882533125999,0.508395536111009,2.562011432176295,4.207457312558860,4.251073817825707,4.379694510244357,4.679892047425727,5.985290553296014,1.148985014098431,3.183169445620722,4.155917932004910,3.721383719841849,3.603503649814459,5.112604567688178,5.795435140567649,1.171687574277852,2.653177472414286,4.182515219586726,0.377248965090852,4.906268946817169,3.833761034977293,2.606819954597307,2.234126172473220,3.794823922791276,4.443112582819055,6.478092112166622,2.516622452247415,3.024002132396611,6.263770448526760,2.645006314342439,2.806083728372824,0.111135790605426,1.809599640159295,4.634428515560207,3.805381989384940,
0.163617742119600,0.935758298034682,0.534687905567396,-0.025933693414707,4.134053906359156,4.820666788136195,4.617608223205477,2.591246190102985,0.508260628686562,2.564460378232242,4.213521770543173,4.245380894203062,4.378446452632413,4.675984625628286,5.985318218217799,1.145843433062625,3.187366544846914,4.156919351154172,3.721007868472284,3.616138148383376,5.112515311625297,5.793751800269636,1.163207923798468,2.661011961422226,4.181419478849084,0.378342118897320,4.914197792791722,3.832543091948651,2.605928516339992,2.237620131902978,3.797920315025568,4.431477129327745,6.487171217963681,2.514795700877157,3.020117211797634,6.263638511248326,2.642909092086225,2.798229342771929,0.115804115414822,1.812260814087195,4.635242094803856,3.805381989384954,
0.166734144560108,0.936068425627030,0.534515979181581,-0.024047045819187,4.138615737472170,4.820173547773316,4.621282076728860,2.590409585742947,0.507364705070189,2.568269135788102,4.220798522504695,4.238172859620532,4.376329557919478,4.672480358517765,5.984268668634871,1.142832771350277,3.191195746461425,4.156877971866377,3.721539586883449,3.629678824791052,5.110296108659615,5.790979614977997,1.153883779644405,2.668730286362758,4.179820182982259,0.382750647487604,4.923588119907249,3.830707781763739,2.605808518118572,2.241803101314910,3.801127845626498,4.420602999640141,6.497331975212854,2.512471009466549,3.016272180417432,6.263729114831069,2.639944948877876,2.788928124272848,0.122001047238103,1.816368021407878,4.635676637161041,3.805381989384965,
0.168573086918496,0.936228157803184,0.535917842311193,-0.023409828963978,4.142323942113221,4.820245952947390,4.625062749794757,2.589823908141247,0.506172678197820,2.572067414720386,4.226884802302315,4.232005763556407,4.374942530704853,4.668737622292487,5.982944221929147,1.140765287172901,3.195259257902371,4.156581510110544,3.722157277677784,3.643943887619628,5.108872660929936,5.786283233414927,1.144267008495948,2.676506718321642,4.178502073143608,0.384736318799466,4.931940160350907,3.828381913630899,2.606029338005201,2.246362295704310,3.803477852204209,4.409034012949198,6.506164442113893,2.510304710861038,3.010737796433402,6.264918557760706,2.636420364070842,2.781211440000048,0.128293279951289,1.820437237762023,4.634749239613209,3.805381989384983,
0.170244200670677,0.936624995673395,0.537013167602663,-0.023103018149113,4.145753075371047,4.819607793594082,4.628983130825143,2.589298848041785,0.504991997473339,2.575635840702818,4.233256262236994,4.225465368662537,4.373160584765684,4.664850049584961,5.981655689910588,1.139624687666935,3.199485291880230,4.156508025366258,3.722718454801788,3.658337755093153,5.107694192266888,5.780005893368951,1.133945281685065,2.684130090968429,4.177044757928543,0.384571240308274,4.940083771327751,3.826121726355015,2.606254270250244,2.249966241206703,3.806280331473994,4.397496503609239,6.514493479571565,2.508103772670023,3.004462095406012,6.265405457064571,2.633695448429046,2.774396854784531,0.134628884128915,1.824581336131141,4.634660007510928,3.805381989385004,
0.173918763202112,0.936829370496883,0.537428294246336,-0.022021175311781,4.150119564789817,4.819176737808784,4.632008677082513,2.588579492944353,0.505102328887467,2.577859492634172,4.238657912393908,4.220484490304281,4.372137060371054,4.661932408943053,5.981649789349201,1.137833454799337,3.202650226513113,4.157282314631706,3.722165011915062,3.672073388764771,5.110252677254987,5.775265622643700,1.124366284302341,2.691302669009070,4.176934118346289,0.383802652330342,4.946693786302768,3.825748732463442,2.605258118986297,2.250926888956785,3.809498063125684,4.384679435225661,6.522826972156897,2.507218332162346,2.998890930294736,6.263949308440284,2.633356906023385,2.768112491674837,0.139515826776982,1.827541017821474,4.636644748328270,3.805381989385011,
0.177466708436120,0.936399250772911,0.538159144756129,-0.020786340099546,4.155227712208263,4.818880303962517,4.634737634979055,2.587814326361707,0.504310684054268,2.580228943365593,4.243798389945524,4.215611666378680,4.370649667414302,4.659159779144653,5.980708178971265,1.136272825588363,3.205631175372673,4.157126476948767,3.722653434404491,3.686549027040891,5.113646022542642,5.769254603466909,1.113988808968184,2.698825201232764,4.176308423702181,0.385308532972508,4.954952016503109,3.824325009286508,2.605038457205652,2.251466769928855,3.812281269293031,4.370909022859206,6.531052851823349,2.505177292598332,2.992088813392614,6.262419435619294,2.633211075730481,2.762177979625732,0.146114831016433,1.832062851735691,4.638716227716958,3.805381989385041,
0.184786625372337,0.936022354084644,0.540946764525168,-0.018958995529976,4.160322835212029,4.819108967730007,4.637348851277668,2.587210285018543,0.503261284807792,2.583142443437765,4.248081342582758,4.211681615633020,4.370053057852812,4.656525344152290,5.979425801748815,1.135654505453732,3.208422732133138,4.156664108756189,3.723435860480456,3.701034241843288,5.117211352978171,5.761135583035424,1.102801779686740,2.706443968501074,4.174921128372801,0.384568499442038,4.963509287048741,3.822841147043238,2.604961586397448,2.251310171157673,3.814952089237595,4.357198346134700,6.538769129191167,2.502513567639681,2.984232759425721,6.260680467289930,2.633660484590675,2.757206880777918,0.153293272007041,1.836860717791011,4.640996510472729,3.805381989385063,
0.191574503339913,0.936310594081060,0.543351258744901,-0.016747177653702,4.164876803965431,4.818840323950021,4.637849765898076,2.585722891210686,0.503912654235325,2.586721065076399,4.251802693556723,4.208355070763476,4.371398529705055,4.656018633100258,5.980052403121350,1.134349033776872,3.209106869998031,4.157763539890971,3.722750781348077,3.714829271529712,5.120536633061165,5.757777638424884,1.093034972385466,2.714362165792686,4.174420676750466,0.385979555889926,4.971078489248691,3.823660999082720,2.603205545957774,2.250502417682509,3.816987867845452,4.343748752910153,6.547969910168765,2.501672739051507,2.978403929147364,6.259268652824240,2.634908604438344,2.750511371824624,0.158593983805942,1.839705779420281,4.643018722636968,3.805381989385112,
0.197899721101258,0.936887245846002,0.545797912342259,-0.014415888826495,4.168268463365028,4.817816376187595,4.637840094503673,2.584364095402147,0.505490222571890,2.588179490756598,4.254338415939915,4.206460650341969,4.372945154762834,4.656067178980383,5.981939676407975,1.133561189274666,3.209249151580765,4.159912355675117,3.721115402948578,3.729132864541782,5.125578818284770,5.754191723577727,1.083451096229076,2.721798246574686,4.175532785580459,0.380458903837668,4.974595295671586,3.825308045187959,2.600786940973644,2.249313064399558,3.818275556219367,4.330901653181401,6.554755362848305,2.502590847064944,2.970965283818824,6.258191197108636,2.636148885823823,2.747833750912003,0.161244932644772,1.840826894870147,4.644849852610208,3.805381989385135,
0.203267440014520,0.937016546077506,0.548372111696828,-0.012913356888617,4.171697992685046,4.816987153215416,4.637762098863091,2.583028492116431,0.506821577441038,2.588489732453591,4.256554791860167,4.204907093978026,4.373706380547591,4.656178840047447,5.983698210689711,1.132596531403149,3.209325982441357,4.161883038123595,3.719710255408939,3.743298711639718,5.132200417997635,5.750658888551610,1.073979062274257,2.729366063892627,4.178018094529378,0.375453746126887,4.977232555915426,3.826774181139962,2.598628665375232,2.247977497074747,3.818269187349888,4.317365652217325,6.561413628324607,2.504004113662520,2.964068987847158,6.258445332481561,2.637049280428590,2.745298971852575,0.164017390065464,1.842286982965604,4.645186041580670,3.805381989385185,
0.208260295400435,0.937220096252872,0.550163543425810,-0.011505342351337,4.175870504946917,4.816312466162179,4.637697387596649,2.581682882188771,0.506808358815193,2.589298367998015,4.259298913821737,4.202828086198561,4.372815485464292,4.656300418713545,5.983877038425907,1.130836801963041,3.209312925421790,4.162375698149027,3.719748033578504,3.757950877209411,5.138653090523412,5.744840709122243,1.063195600932096,2.736880366585050,4.179787614286368,0.373036241414047,4.982827105839983,3.827381589338772,2.597634688748768,2.247215865552739,3.818407049781639,4.303329133722097,6.568204772249032,2.503739572996447,2.956303918569387,6.258426639254115,2.637660208345540,2.742487318792240,0.169642067046926,1.846345879884276,4.645718770538391,3.805381989385225,
0.212774820189440,0.937908588311608,0.552073506640805,-0.010159814441449,4.178904256401142,4.814306907465447,4.636506247570072,2.579940159481152,0.508448680245339,2.589541615026423,4.262250117409395,4.200583843918557,4.372693410456775,4.657577740000923,5.985924324708455,1.128545950736190,3.208204872980891,4.164504176053992,3.718225834809786,3.772111718663805,5.145248253452934,5.743038282947259,1.053723504481927,2.744408395370746,4.182837590333902,0.371300365794859,4.987432597269629,3.829573528653995,2.595094241123626,2.246196344440916,3.818523156296306,4.289455642967423,6.576099757063950,2.505512470882302,2.950189666875088,6.258289394073775,2.638653053859113,2.738275913386139,0.173176354863248,1.848531369543286,4.646346909868552,3.805381989385292,
0.216690116360844,0.938482191905945,0.554509540147198,-0.009518470731496,4.182020587820062,4.812383249522795,4.635109322928376,2.577865152018208,0.509905553383653,2.590105854596137,4.264996927396163,4.198080548610015,4.372438281403893,4.658603492843949,5.987695639608947,1.126963108632222,3.207332486643944,4.166440094741913,3.716834579213444,3.786228106204026,5.153444107273816,5.741611712113858,1.044010848825404,2.752075929241196,4.185769542837990,0.371475306894273,4.993383557372913,3.831770885635877,2.592589748817474,2.245092496103224,3.818502980098437,4.274733096764743,6.584482785245680,2.507096852202416,2.944117562030994,6.258115520640628,2.639527989433375,2.733187210457599,0.177196963179018,1.851296965919056,4.647037771689837,3.805381989385346,
0.220168633285471,0.938795865408426,0.556800647981654,-0.009466134177341,4.185749420278184,4.810613950557186,4.633950662746089,2.576025428895167,0.511117169778217,2.589409243027595,4.268054080591450,4.195418998938256,4.371064719365771,4.659322819151797,5.989162055074910,1.124583256660400,3.206737225881759,4.168002682763308,3.715810117696940,3.801286030875068,5.163960268523249,5.740988876212165,1.034288929246629,2.759753549512041,4.189931564214967,0.371920165143444,4.998775691203052,3.834295718124603,2.590233749572754,2.245150889538492,3.818090813294768,4.259407579027285,6.593277272867558,2.509105731124499,2.939088987572734,6.258458972157674,2.639182366181387,2.727700859084888,0.181317958885505,1.854580531816309,4.647233043064131,3.805381989385402,
0.223236632733894,0.938530125880665,0.558774198935237,-0.009837973009539,4.189031228473758,4.808486622028962,4.633418556200489,2.574380685202849,0.511260194728578,2.590070710352670,4.272271357419320,4.191221042527920,4.368696011734600,4.659459936487820,5.989500573409731,1.122629383245079,3.206770031919889,4.168753840752316,3.715702343759200,3.816917772829560,5.173161461877128,5.737651514322155,1.023221421764722,2.767166576801728,4.193417061505997,0.374080024272145,5.005646028541666,3.835996847722942,2.588934354805616,2.245303576475072,3.818124943784025,4.244615572942860,6.602357258779861,2.509901177454215,2.933883367753770,6.258665615615024,2.638926650362645,2.722219739485575,0.187093170456570,1.859389420525412,4.647547590047349,3.805381989385462,
0.226280025771285,0.938312351270075,0.560854757945997,-0.009340793238734,4.193087301039341,4.806578275008044,4.633658137197111,2.573059309893125,0.512403490945834,2.590509696944448,4.277223298327407,4.186389276979981,4.366598410251536,4.658848279605488,5.990469127347317,1.119455002346088,3.207623379111721,4.170141986405984,3.714718427178425,3.832120679169635,5.181412967217573,5.736530885696598,1.012225563604541,2.774802020236885,4.196678308546420,0.377754542174357,5.011784242449548,3.838750015320036,2.586546861022852,2.246147599280096,3.819279125818490,4.230157063097622,6.610858524489357,2.511818760290209,2.930313374029808,6.258287665334153,2.638352417922345,2.715364654572866,0.190968155166883,1.863149406621381,4.648599037926288,3.805381989385506,
0.228509923854500,0.938088084694525,0.562188785270477,-0.009160375558055,4.198231778659402,4.805463633362692,4.634684931292517,2.572001414460490,0.513790841024145,2.591007423110258,4.282316766463187,4.181433156139175,4.364727502864559,4.657452950713721,5.991384679375900,1.115671540954913,3.209365974150064,4.171518432202223,3.713506700375333,3.847352058839168,5.189511653042437,5.735692486211498,1.000946364131840,2.782584378146944,4.199890537362481,0.379342247892367,5.017380777156962,3.841594459284728,2.583853900085855,2.247728244104755,3.821059449152550,4.215560616064215,6.618642286170747,2.513799654013997,2.926459871306176,6.257834399639979,2.637469106929787,2.709714422523308,0.194081909138609,1.866623407900500,4.649628669819483,3.805381989385536,
0.230615794060490,0.938039946407855,0.563209387341613,-0.009133792727189,4.204507548984774,4.805115757199162,4.636267458049924,2.571554577891318,0.515343600561397,2.591210816646297,4.287083847684640,4.177109754820662,4.363117410270338,4.655548657754578,5.992299323395208,1.111434871444615,3.211603146975912,4.172892827764676,3.712108124761256,3.862396686320929,5.198747158042151,5.734192485995630,0.989686961609853,2.790174897982016,4.203663802103732,0.380754684580340,5.022628159089688,3.844321372344635,2.581149968557980,2.250049986063504,3.822934464160498,4.200623273515557,6.626448577046576,2.515812983103590,2.922904020615380,6.257573918884566,2.635918853852915,2.705081846292635,0.196917724309874,1.869943459460470,4.650603306808132,3.805381989385564,
0.232419636000026,0.936808323312345,0.564358196043677,-0.008874553831853,4.209234266713946,4.804189978938920,4.638642111814657,2.572123803544361,0.516206144643489,2.591809166982414,4.292051687550092,4.172422506371703,4.361438382207468,4.653137259563282,5.992738113019926,1.106875835213297,3.214356240123516,4.173928320114864,3.711256432312280,3.878310553746196,5.209108030539672,5.730700611068213,0.978204999051324,2.797664403465157,4.207039189026327,0.382663556400537,5.028573376633571,3.846588441328992,2.579090423259746,2.254781173303373,3.823217914314563,4.185336304289509,6.632588504059337,2.517464234177590,2.917866353679535,6.260271226309550,2.631793091876087,2.702132908109677,0.200290620227580,1.873731821124902,4.648369820802812,3.805381989385604,
0.234079435673755,0.935178272444758,0.565522329567043,-0.008054864495016,4.214358783031132,4.803520237292850,4.641324571854510,2.573355587252943,0.517050219797986,2.592512232834426,4.297139313167064,4.167753772041196,4.360241555478454,4.650543871126406,5.993103021302642,1.102213475649390,3.217247489827210,4.174947555533408,3.710473983569054,3.894572942806659,5.221132013001077,5.726258697141489,0.966508547394121,2.805186036036236,4.210330922184579,0.385268600062100,5.035042104748960,3.848933025570904,2.576935256693791,2.259095822051324,3.823009501460201,4.169250067857361,6.638537160942630,2.518838405306514,2.912289032858405,6.262518037514475,2.627857497257804,2.700275617256228,0.204114651332042,1.877873977572835,4.646874393972871,3.805381989385655,
0.235110851226078,0.934437388243208,0.565796792517730,-0.008289853455310,4.219070198853442,4.802586519031272,4.643660654737289,2.574512087477479,0.517242184409966,2.592986628487645,4.300828943020384,4.164462628456339,4.358250721133086,4.648253700121546,5.992902220148802,1.099299285458434,3.219798661179512,4.175354604139285,3.710291702652360,3.910516204350805,5.233363425952066,5.718401557669907,0.953746082141878,2.812754289006528,4.213169305221910,0.381949404268238,5.042228562758305,3.850799393783574,2.575307656862787,2.264749159924018,3.822334802870198,4.153735573669701,6.643231418366232,2.519621768589802,2.903618253887248,6.265820761357046,2.622445291744801,2.701004001752300,0.208936269387786,1.882687745395451,4.644565723366228,3.805381989385679,
0.236126671697621,0.933500874152102,0.566068363304011,-0.008311773309574,4.223447489642145,4.801798543588967,4.646763235225143,2.575956008263933,0.516422706997735,2.595248020893708,4.305073371676333,4.160236412336943,4.356412776792333,4.645172233839904,5.991544146601238,1.097150686340351,3.223168245396588,4.174858080830103,3.711087145229421,3.927167501444639,5.245564356285645,5.708007333220310,0.939787831211294,2.820266092119867,4.214823049974960,0.379584673539453,5.051102884130194,3.851877988684073,2.574526958364060,2.270998007137936,3.822037906180316,4.138089890790874,6.647733765177219,2.518758658963300,2.893975039292437,6.269216475833984,2.616480608996170,2.702511122408073,0.215839884622478,1.889102671070309,4.642222538696315,3.805381989385718,
0.238973143306273,0.932098612184862,0.565738786277039,-0.007925410042035,4.229824931721226,4.802543523870753,4.649716686006204,2.577117628356274,0.515989535767711,2.597800952805105,4.308692254144161,4.157014440187841,4.354914447864620,4.642115918700316,5.990156321440308,1.094580726241302,3.226462183173188,4.174197940838924,3.711578053788202,3.941920202366585,5.259234197805907,5.698024927638691,0.925878879076878,2.827273601998549,4.216768455213057,0.378288091595765,5.060489617852366,3.853179254397072,2.573475079749938,2.275436730698829,3.822718262743412,4.121675504547014,6.652498567320225,2.517874495253155,2.883583775384235,6.271136182341380,2.612421462045313,2.704821703762264,0.222848727509531,1.895829129663144,4.641234219566618,3.805381989385709,
0.241706954341786,0.931052591116793,0.564686407258244,-0.007855351736707,4.236781172440606,4.803313104492783,4.652534232811956,2.578173665850262,0.516187969087371,2.599723887894268,4.312000437862317,4.154265924792846,4.354008267746499,4.639178260603348,5.989374685069047,1.091870110814471,3.229596413415599,4.174030355734479,3.711637944098788,3.957154881675614,5.273869858223572,5.690123356698322,0.912139906751437,2.834689820219419,4.217992970002800,0.377728912655944,5.069319441627714,3.855883271843060,2.571631509420594,2.280038636603673,3.822987414577497,4.104906600975130,6.657476412329243,2.517565634444074,2.874252471337525,6.273422194402255,2.608014664111360,2.708250642266459,0.228171157278083,1.901349801646909,4.639862103761056,3.805381989385709,
0.244034581299143,0.929845499895801,0.564045280129984,-0.007920732087082,4.241568473113383,4.802802284175436,4.655631693546356,2.579921476957070,0.514591308664660,2.603579770726952,4.314628345230509,4.151168658540735,4.351985770037963,4.636302304913759,5.986994641677618,1.091024306002687,3.232688805474226,4.172501078749512,3.713397908219388,3.973368965065841,5.288270041554806,5.679948076014846,0.897523391776482,2.841855486017463,4.217772973852976,0.380997802953590,5.080720166783102,3.855735956412456,2.571446628496576,2.285133250738021,3.822863744422787,4.087674225530496,6.660471823011266,2.515004028704556,2.862610622781224,6.276943847843860,2.603249272339918,2.713283295041225,0.236418985060635,1.909479171863473,4.636868062899165,3.805381989385691,
0.246142456805272,0.928817817142387,0.563369034998891,-0.007920044547584,4.244952150766775,4.801507816947649,4.658187276585698,2.581289967560547,0.512127820154873,2.608865522542105,4.317506969059698,4.147385864810578,4.349959967307620,4.633959410662436,5.983879319996562,1.092206875261936,3.235230422850608,4.170505629028511,3.715912049283515,3.989559183765178,5.302026306715136,5.667995905404658,0.882020742694621,2.848938256779194,4.216741285711992,0.385123790467628,5.093063511651343,3.854463771664484,2.572028606052163,2.290093080744922,3.821788970071041,4.070504442491459,6.664224161962043,2.511285020146883,2.850644473966872,6.281186169130164,2.597881042278969,2.718191408893342,0.246060470008724,1.918718535466220,4.633271038856480,3.805381989385674,
0.244309464571936,0.929354391901974,0.564683454339766,-0.009828818403286,4.252414645305662,4.803967707460404,4.660829101385184,2.582029478924286,0.512312604031185,2.610948969611315,4.318520531771092,4.147296546376844,4.350110469617662,4.631132035927378,5.982596213410751,1.091840014710568,3.238081622459088,4.169764251256101,3.716363716474560,4.006365297427189,5.316922433555461,5.659537022833826,0.867728467117219,2.854892955813505,4.218584636927657,0.383460966656845,5.101330848882954,3.857228569615576,2.570298125543655,2.290110737804678,3.822848136948752,4.052717219338366,6.669934577489763,2.510224862418796,2.838308421630833,6.281432950299337,2.597460083691684,2.724723980614766,0.252008914467683,1.925188380731414,4.633734074610627,3.805381989385664,
0.242416273011404,0.929643817068486,0.565518871164643,-0.011600750859749,4.259536955937307,4.805873055383381,4.663036271875433,2.582711664034930,0.513603261526340,2.611295103316014,4.318854810588400,4.148039987899069,4.350737572343196,4.628782967015211,5.982712013379468,1.091180369652201,3.240459887618674,4.170157345911971,3.715858645244578,4.017577771752451,5.332923436158028,5.653082044400706,0.853988016760636,2.861326673597167,4.221088091989839,0.377971527215186,5.106069660034101,3.861942990450615,2.567610408777354,2.290359459997166,3.823857611262310,4.034482945069984,6.674592904035274,2.511204697518803,2.826510820171210,6.281613464868744,2.597036043243121,2.734791434864449,0.254359363657703,1.928766284560934,4.634311836883781,3.805381989385625,
0.240759486501916,0.929553378653679,0.566131652069705,-0.013260567751604,4.266443051155867,4.807404338918838,4.664914219226913,2.583251075956749,0.515577695397507,2.610289322289876,4.318113490937555,4.150050275114170,4.351561104577668,4.626795862569662,5.983607053401045,1.091227975306911,3.242425038680745,4.171205653415872,3.714810247056979,4.025397239761561,5.349823718973532,5.647383950932092,0.840344944828842,2.867843318397344,4.224136105210277,0.369926129313359,5.108465626489860,3.868132520050545,2.564222564200985,2.290272359656376,3.824480122463597,4.015957004375265,6.680000234384488,2.513450500175551,2.814813548854121,6.281751356736909,2.596922963862627,2.746400585669029,0.254878535548519,1.930836099920404,4.634839373044124,3.805381989385563,
0.240497610164503,0.929737948853686,0.566112388846258,-0.013586580570444,4.274945958975199,4.810016967495120,4.665582603518271,2.581722359105889,0.519656304013442,2.607385232396426,4.316848410127561,4.153303019482132,4.353790070770130,4.625456094191586,5.986372375442758,1.089917472247409,3.243543150139477,4.173665432399350,3.712011041152286,4.032023972125980,5.366280568849294,5.647832567140527,0.827501728147502,2.873702276032593,4.227847379204147,0.362123647826342,5.108611596642822,3.877164598809110,2.558971860729634,2.288013881646389,3.827733072854755,3.997206208375770,6.689261384601003,2.518014880851843,2.807301486336562,6.278728782627276,2.599374555615017,2.756671363244902,0.252161561714084,1.930574578103746,4.638708654105507,3.805381989385497,
0.239965893591769,0.929345965163540,0.565681617013618,-0.012965880663469,4.282814635707851,4.812047337684217,4.666101111948624,2.580051356970677,0.523446656353511,2.604329541893067,4.315110650403708,4.156567520079228,4.355497392344525,4.624258109499262,5.988968177333680,1.089507661075089,3.244526224610922,4.175972870407680,3.709587981840463,4.035509529765228,5.383250235375963,5.647486400745131,0.814376936106639,2.879787212938190,4.231548660513939,0.355559291987131,5.109201768655847,3.885796188333960,2.553898621655361,2.285091675401921,3.830896739623832,3.978245986103572,6.697987299609490,2.522304706162289,2.800329156189398,6.275581711445480,2.602347442713759,2.768417612346944,0.249933184949327,1.930878660625416,4.642629607823189,3.805381989385436,
0.239114294633530,0.929225103124904,0.566040398902751,-0.013397762369430,4.289295579889437,4.813447791687757,4.665936362461810,2.577797839229264,0.525831767948397,2.603240325438716,4.313566391826489,4.159024545582718,4.356702999210723,4.623870076403359,5.990340280833923,1.089800811190721,3.244708777186646,4.177307817121951,3.708383467909294,4.041842600603749,5.399304267755102,5.646038008100386,0.800482278617995,2.885627595693600,4.234944100400540,0.355138704757843,5.113405490436144,3.892614725344042,2.549995797836073,2.281726593899713,3.833525835632706,3.959582152320124,6.707086195264683,2.524749483887080,2.793045027740899,6.272923848730223,2.605602641761190,2.779164481949819,0.251130016972154,1.934220503560699,4.646014029853123,3.805381989385352,
0.238357687345182,0.929372442313196,0.565773751279578,-0.013960263415821,4.296174225918826,4.815375611904924,4.665697368701004,2.575760122555777,0.527305915018456,2.603306228006623,4.312761124872604,4.160948753196268,4.357444464272056,4.623702108257913,5.990601075140197,1.089391382738266,3.244637274289317,4.177616532081585,3.708205315491184,4.044856659742851,5.415215643394814,5.643757626623879,0.785994361685461,2.891931597646204,4.238085378140370,0.358332727339632,5.120048541196476,3.898835818909576,2.546613840693631,2.278615160805239,3.835904920799786,3.941002801776385,6.716224022853009,2.525634951972219,2.785219166653917,6.269951307201485,2.608614663650720,2.788037999861102,0.254803887354044,1.939979174217575,4.649856804797100,3.805381989385278,
0.236656310577849,0.929910522651988,0.563725700677926,-0.016520367311578,4.301655488314909,4.816252456303299,4.665738672354949,2.574318822931734,0.528574697369758,2.603976057300731,4.312901416011885,4.161535929455942,4.358237242246417,4.623357172722792,5.990873872632440,1.089649800768783,3.244827314955666,4.178146304994617,3.708079880221363,4.044632721938211,5.431158926275478,5.640497400458422,0.770827719900562,2.898640454328353,4.241520011999335,0.360734185276142,5.126499370288559,3.904573418250952,2.543478572984488,2.275951167243717,3.837634033862170,3.922149029231234,6.726539815451873,2.526592177726481,2.777225591110126,6.267788993513992,2.610860587955317,2.798201474492565,0.258402809959497,1.945787513109404,4.652905300477229,3.805381989385209,
0.234569146380472,0.930766884890272,0.561690972494903,-0.018911188805850,4.307999344102911,4.817682872167958,4.665833369961665,2.573095284969165,0.529873604367003,2.604917883633402,4.313134198240138,4.162225554274156,4.359366628736998,4.622904380059834,5.990937137997489,1.089651501239218,3.245101787451317,4.178520828612787,3.708072335675059,4.039536488631210,5.447178072243926,5.636557124592108,0.755467926811047,2.905378190630922,4.244236369027135,0.363992620134218,5.133834823407334,3.910324633612740,2.540092162493035,2.273023762832759,3.839406638783597,3.903670612838612,6.736504715243822,2.526943866156904,2.768571899446984,6.264946597350677,2.613331565222794,2.808435212519234,0.262930805405072,1.952368914412169,4.656784821614085,3.805381989385120,
0.233185823016724,0.932225246303814,0.560267881871924,-0.019923406766510,4.313635049948779,4.818651236630241,4.665477831982986,2.571744086820829,0.530618401749279,2.606138737874753,4.314149301912777,4.162062731136821,4.358574536067908,4.622902995455001,5.990337929371853,1.089655460898718,3.244901899551421,4.178268249312348,3.708734733718666,4.037573396134196,5.462383007911085,5.632659156067336,0.739327811704820,2.912506696706181,4.248270287030677,0.369939166059291,5.142494560292450,3.915628399351025,2.537024847406816,2.270101447958992,3.841016558845486,3.885753774675300,6.748123461810405,2.526648783677620,2.760514764284690,6.262346129698342,2.615733103560982,2.814605003365439,0.268898186628498,1.960734913962469,4.660378061333466,3.805381989385037,
0.232152778639680,0.933897467405508,0.557981465310682,-0.020195052130712,4.317754014905988,4.818430369653083,4.664802245369945,2.570549652081850,0.531737332428599,2.607652263343059,4.315668152121795,4.161317037624404,4.358262631597954,4.623478591658469,5.990301622576633,1.089159451185586,3.244220685581525,4.178672618196833,3.708927362297632,4.037213476426321,5.477571159865262,5.630787355731615,0.723915713952446,2.919247619120050,4.252306706543820,0.376917466830480,5.151556489609846,3.920819107105356,2.533686840147216,2.267713377996003,3.841645478646584,3.868073320279444,6.760901370153095,2.527067659485940,2.753295961678141,6.261115829945600,2.617469818026948,2.818573685834445,0.274162345322605,1.968453882462648,4.662649442269791,3.805381989384951,
0.231491184240869,0.934783655288693,0.556155288832048,-0.020829077570682,4.321416156394474,4.817361963746286,4.664329463746296,2.569856188960277,0.534064559241555,2.607592592177957,4.316763599181927,4.160996932992489,4.358951342155027,4.623966573366301,5.991698715356199,1.088230056037913,3.243703484770085,4.180356724246063,3.707938402902018,4.038939129103558,5.493266423683890,5.629259313521493,0.708453398303743,2.925552149363066,4.255476765794561,0.381016236804894,5.158951871559971,3.925798270719343,2.529517459223471,2.265871627909581,3.842776594389024,3.849895679012791,6.773711399222145,2.529010811065848,2.745767241308546,6.259680390922493,2.619131517511734,2.826443584023768,0.276744531818382,1.973843595570492,4.665155219134689,3.805381989384866,
0.229916533765362,0.935841897960176,0.554146547447778,-0.021672463803774,4.324052188617046,4.815791774467313,4.663982547521189,2.569480964435038,0.535334796016996,2.608153877876846,4.318089702945457,4.160149249562363,4.358946571049628,4.624461059243727,5.992268227265023,1.087287342121979,3.243197245183419,4.181290619509935,3.707878092099094,4.039255358321434,5.508962989410471,5.627535544838241,0.693115005506508,2.932186449100399,4.257958896736359,0.388321198135844,5.168126459684552,3.930178743026111,2.526231585007061,2.264542514761660,3.843708514082187,3.831875305207507,6.786169115976966,2.529845685255562,2.738714783915869,6.258887292327323,2.620343921253991,2.835076243852777,0.280944082512637,1.980729754490018,4.666864043473775,3.805381989384760,
0.227667867445669,0.939151962393150,0.556964542243219,-0.021466156914225,4.325046045331603,4.812972926603641,4.662273062644561,2.567816165414534,0.536980985924675,2.609009688520742,4.319255341492220,4.159248205975566,4.359381295294785,4.626454171499491,5.993565591606255,1.086612352617696,3.241243513319025,4.183017605358143,3.707275216830261,4.036547254921451,5.524458082506584,5.627080418699658,0.678379328727924,2.938742486769090,4.262293584058528,0.395051696033243,5.176438245415918,3.934432012874824,2.522750609668388,2.264084220297668,3.843170154819590,3.814300230021932,6.798632080115268,2.531782614679629,2.733732261091094,6.260588988789920,2.620451089901993,2.839485556669620,0.284626124200674,1.986894883399623,4.665867878335995,3.805381989384653,
0.225129618941488,0.942800936101854,0.559105948222508,-0.020553155451739,4.325085928165191,4.809845696816430,4.660390184579549,2.565570697578869,0.537822414734861,2.610044197724571,4.320426434187737,4.157911051548937,4.359109818991169,4.628420137570349,5.994232520777622,1.086154744333912,3.239354308809857,4.184106764812833,3.707389967137687,4.030474197128571,5.540138782401625,5.627411744609704,0.663889476916731,2.945806567312553,4.267411499763237,0.403773660924286,5.185760366213497,3.938259589443237,2.519992629238756,2.264095201934042,3.841732927541968,3.797187922838161,6.811500531180766,2.532918157937081,2.728869542775940,6.263632713488150,2.619894548330017,2.842396360861517,0.289541007954073,1.994391567316775,4.663254852801665,3.805381989384524,
0.221951358283653,0.947433806180770,0.556044759198490,-0.020948166161046,4.324130497499490,4.805845941061357,4.657727767601411,2.563038134213029,0.538647076415860,2.612211590667361,4.321485692340572,4.156446873950365,4.359688513110150,4.631225232600319,5.995089036020369,1.087094336022721,3.236681325549524,4.185590290774424,3.707326714745833,4.024061415885725,5.555058551330633,5.626087486531058,0.648833755730806,2.952547978969570,4.272196714526806,0.411930543859756,5.195199185921407,3.941788459103485,2.517259090966289,2.264114321636047,3.839352528791166,3.780341879799814,6.823905713085060,2.533825188131463,2.723252344575144,6.267669259147638,2.618860309874485,2.845251770925586,0.294810495078490,2.002035783496749,4.659871175908969,3.805381989384442,
0.218911343954933,0.951740705071447,0.552231125731399,-0.020469164159743,4.323997754824350,4.802995868286171,4.656255463764907,2.561207166895194,0.539414045565684,2.612526148586812,4.322465462277705,4.155330052457063,4.359221998876095,4.632786628773667,5.995850970243628,1.086981583795519,3.235211769492123,4.186964987843074,3.707216267139657,4.024286391683831,5.569960246579617,5.625458063003138,0.635430976033195,2.959514180657590,4.277745701890660,0.419901762845272,5.203686600025915,3.945027458085137,2.514671602391435,2.265513887634961,3.835768056507442,3.764597566750797,6.834121774582017,2.535273694220125,2.718528308994270,6.273418688604355,2.616274801569352,2.851609003191404,0.299039929317719,2.009181578283015,4.654688046090313,3.805381989384384,
0.215539962252368,0.955466576063738,0.548328408160368,-0.019524197618278,4.323304648610727,4.799917689640163,4.654954936851325,2.559381470033613,0.538867967959150,2.614803465675864,4.324323443628857,4.152885383325783,4.358125031567261,4.634168117867543,5.995181117031017,1.088425700020249,3.233852830149006,4.187209164827913,3.708395430886659,4.029276236195381,5.584031519895901,5.621203555424449,0.620599479580705,2.966581506911939,4.283603761287064,0.429681656998498,5.213702103543082,3.947322058033013,2.513090465002459,2.266848994123350,3.831919752765242,3.749907066608630,6.844355222158459,2.534575403265635,2.713450113040184,6.279295016626188,2.613497825988512,2.857856815309220,0.305877347659601,2.018503994864849,4.649406419805499,3.805381989384339,
0.210381332144313,0.959332583467170,0.542582296440496,-0.018349520708079,4.323307940877258,4.797270060281546,4.653473797741090,2.557586506853311,0.538943927478489,2.616857095904009,4.325760282199607,4.150870670950130,4.357702482896798,4.635765711633311,5.994944167269312,1.089536588498562,3.232247692077983,4.187790295371235,3.709264882986569,4.028564955325379,5.599047712922326,5.616501262441655,0.605091544445549,2.973870686697361,4.288852866282118,0.438359445196461,5.223034572484187,3.950240475488947,2.511003209231672,2.268068153105020,3.828552581320597,3.734295495844547,6.855439757510031,2.534356138607451,2.708113523444378,6.284538347650385,2.611215721665892,2.866293096101051,0.311881096771823,2.027236159378701,4.644727589929968,3.805381989384335,
0.204037412017007,0.962217955701839,0.535539120432618,-0.019345270059190,4.322043575189617,4.793621015700084,4.651724910406561,2.555834954451710,0.539017337328119,2.619353287797614,4.328040358838313,4.147867624459986,4.357004883920546,4.637652471703364,5.994750580184152,1.091340365646034,3.230396325162454,4.188636449860923,3.710129898538983,4.028352716534438,5.614118426358421,5.614360331445240,0.589872623366020,2.981186913084920,4.293753986369896,0.448035792106871,5.232079404227512,3.953558681507130,2.508778370314549,2.268672821761872,3.823855817292571,3.720069294730077,6.868517639339001,2.534674110297026,2.704697466754663,6.290405883426391,2.608673323284853,2.871427538585210,0.317100901865510,2.035585100028285,4.639526637687005,3.805381989384323,
0.198103659508948,0.964862001160457,0.528639698255069,-0.019011841392159,4.320788871244762,4.790107425622703,4.650646917865140,2.554282749335713,0.538987740730176,2.622390296752753,4.331039422435443,4.143982335170110,4.355938983742703,4.638840225103857,5.994165331694380,1.092634115953246,3.229327552608090,4.189097958902672,3.711218968164253,4.027082160317839,5.629231209998817,5.611084553098385,0.574037560176599,2.988667978920055,4.299132722331142,0.457488285474680,5.241094671238634,3.956806024846551,2.506644048474040,2.269518571830415,3.820052443636311,3.706522635305710,6.880932208480565,2.534814686724181,2.701007777391583,6.295578488151656,2.606390860615620,2.877788099129947,0.322560153275280,2.044420596875715,4.634844132855822,3.805381989384340,
0.192667149084225,0.967842384503328,0.523232424318417,-0.018465833772470,4.319314238664822,4.786691479348813,4.649382851056695,2.552820896204986,0.537644370252428,2.627772092475610,4.333679629736525,4.140026155116458,4.355048109301021,4.640487511874142,5.992067854534477,1.094697080113246,3.227740916359105,4.188007336166034,3.713789163811107,4.027746144429431,5.642896211947212,5.604865359904355,0.558255121045226,2.995954876435917,4.303510149326169,0.469579979875303,5.252633097049263,3.958460349253538,2.505286903347881,2.270065943472557,3.816739368488517,3.693466104024631,6.889156310650584,2.532356921333474,2.694909456564722,6.300073216387005,2.604655703304189,2.885068960169067,0.330973066372142,2.055549422508935,4.630614494820321,3.805381989384362,
0.186086074401027,0.969460244693958,0.515794190305727,-0.017852592260828,4.317525409700462,4.782749736587140,4.647783281437472,2.551597487818746,0.537111691384602,2.632321540131830,4.335071768227461,4.137402153215908,4.354846844662728,4.642567276592247,5.990893989641358,1.097882802241605,3.225637753248359,4.187779907173440,3.715602875819539,4.024102243989454,5.656656713396532,5.596732785663002,0.542318413507518,3.003150718263055,4.306894681633655,0.476809515353528,5.262776948161999,3.961378128546281,2.503285430553380,2.269941711312534,3.813026440863701,3.680184657322322,6.895154341021350,2.530957694544008,2.686518802761205,6.304321868158214,2.603373669823585,2.894689184846662,0.337830929727367,2.064944233169159,4.626751537241037,3.805381989384385,
0.178908153541870,0.972011575922545,0.507029541073443,-0.018761337356842,4.316917532573896,4.779524756516300,4.646901138105694,2.551183095179920,0.537117727906796,2.636727956195682,4.336123198138774,4.135402023419238,4.355358670496726,4.643989217896408,5.990006419881142,1.101146443102400,3.224088480806857,4.187818312222624,3.716920764152560,4.019350336272769,5.670305759335006,5.587027505916643,0.526290164546363,3.009960102247504,4.311509428848900,0.479966416923291,5.271649577558812,3.965353527053154,2.500854442577382,2.270032475060821,3.809828139389761,3.667109194060090,6.900474606319998,2.530389717927229,2.676307918276819,6.308087393728241,2.601993894141028,2.907110385230498,0.343781242938987,2.073578422091021,4.623461666079401,3.805381989384437,
0.169369933109119,0.976854759125896,0.494690001679651,-0.018396856840892,4.316952022933595,4.776471949774426,4.646070494111079,2.551009770657698,0.538818616794995,2.638891581022617,4.336628616891312,4.134411190859417,4.356461787002091,4.645374263991822,5.990725221267924,1.102777312117759,3.222617136226634,4.189216891374874,3.716764106454912,4.008981977657406,5.685375682796372,5.579516069460174,0.510810356093678,3.017069216201909,4.316296500630625,0.481260162896906,5.278456100816530,3.972310802272718,2.497214876907760,2.270020135324170,3.806929233097447,3.653635137536662,6.904781023776641,2.532313191588857,2.666933204457483,6.311388116319237,2.601158292197093,2.919484510804025,0.346470944415521,2.079564531090969,4.620668420582327,3.805381989384466,
0.164595971800965,0.981843827625239,0.481589957349998,-0.016159489863596,4.316595213747500,4.773528125352629,4.645634991407712,2.551257499760014,0.540224152203364,2.642690024120265,4.337441210441224,4.132818877648521,4.358443116996300,4.646511682597580,5.990878866318513,1.104162627925556,3.221396893750875,4.190145409571876,3.717071760178988,3.998050401629345,5.700066917874908,5.570562605128907,0.495844468938671,3.023972533899396,4.319909975212467,0.485714131084533,5.286879211917730,3.979164286811923,2.493565800163632,2.269170733159124,3.804402715572012,3.639784838072305,6.906273658587236,2.533509953423343,2.658035064334900,6.314227033159094,2.601209534598266,2.931665572353359,0.350216709383605,2.086495761519776,4.618321247493448,3.805381989384495,
0.168344624217513,0.989472513384767,0.467388332131519,-0.007890692677585,4.316880039771029,4.770791461129497,4.644587027121864,2.550765783791077,0.542991325770634,2.645330616769789,4.337899425076388,4.131718932010620,4.361275870752173,4.648067886622687,5.992373320520602,1.105246227723016,3.219765088475066,4.192269112403224,3.716218278499141,3.984042937309952,5.716478303363745,5.565443225741569,0.481720973679838,3.030762100958516,4.322721075830962,0.491448360148406,5.294613367623930,3.988343746482469,2.489025951049308,2.266784600563418,3.803235332632244,3.625672802400345,6.911076963980018,2.535968553240275,2.652450275619723,6.315695937269663,2.602848499815976,2.939571169805449,0.352138939632968,2.091821757919449,4.617448915053895,3.805381989384542,
0.173525333507538,0.998300537930326,0.454938830875439,-0.002488764287043,4.317470600169596,4.768091284028668,4.643940760073585,2.551000976077617,0.545616481766612,2.649457900503248,4.338478316544651,4.130415834805972,4.364784245958197,4.649546371397814,5.993550211987771,1.106267454297274,3.218279197549637,4.194270151937036,3.715474485055028,3.972126239557530,5.732465036305463,5.558676618068907,0.468088567186835,3.036977350051539,4.324614235448233,0.499117779488162,5.303008442137761,3.998213254193588,2.484273895853372,2.265444276028519,3.801601067987304,3.611343799567673,6.912782498610826,2.538418544384152,2.648323569245827,6.317765611108839,2.603511338812387,2.945546117972751,0.354013618965648,2.096896240510151,4.616060096577313,3.805381989384530,
0.179225734722522,1.002211073710018,0.441911501342425,0.000213705666210,4.319724186953408,4.766175009596436,4.641987328463423,2.549880604075085,0.549209233529929,2.653712179675087,4.338965058890492,4.129677287235643,4.369064282445325,4.651987199676519,5.995254752210474,1.106613898132100,3.215822881411427,4.196880992888843,3.713975486538398,3.959210753260169,5.747484498985898,5.549563009514054,0.455046772089262,3.043104713758349,4.328449623155810,0.507254731379074,5.311034672208518,4.010280399240724,2.478483738817147,2.260666646237359,3.798533472891990,3.600573582631022,6.910424579655120,2.542354172309452,2.645391287343868,6.319663405681477,2.606750452164611,2.946453626692877,0.354813791382084,2.100917422162232,4.615123460688787,3.805381989384509,
0.183462231808669,1.009894172658518,0.431797451641719,-0.002024933086257,4.322761273894338,4.764725010378611,4.641928561980360,2.550692142556383,0.553031284570241,2.657156514687873,4.340229938219663,4.128718649836501,4.373207915922574,4.653007018449661,5.997133998699177,1.105237925650422,3.214791497757540,4.199780349535149,3.712175457340246,3.946370946592829,5.762893335887241,5.548366745959130,0.443654228086476,3.049063603124015,4.331280858704680,0.517245556750520,5.318727778726850,4.022773001115168,2.472443776758070,2.255971395582351,3.795535190811497,3.596138400540500,6.915232810427013,2.546864720230742,2.646617604122333,6.321373245516158,2.609979399472240,2.947440070029263,0.354713413502777,2.103727270476455,4.614386988709983,3.805381989384525,
0.186512834645677,1.017833360472490,0.420525873923478,-0.004879524364794,4.324483606412855,4.762630354220019,4.641318983042718,2.551363393083713,0.555695566989357,2.661090073647189,4.341376244351483,4.127628459501591,4.376544679811239,4.654509417083707,5.998203853110393,1.105633604169273,3.213262048078371,4.201943704400456,3.711365843030336,3.936761859218465,5.776219598038264,5.545769227996861,0.431729536299157,3.054415037669941,4.334817501300087,0.526498045622788,5.326762648226540,4.033012660709372,2.467360953960037,2.250786713867208,3.792030274689941,3.592378237824023,6.918767282323956,2.549692397009438,2.646537501634600,6.323075090121679,2.613283500793864,2.948839984615462,0.356585795652147,2.108260126994628,4.613578736899942,3.805381989384529,
0.187973250085224,1.025631226964063,0.413261849898333,-0.008709608273386,4.325331184244170,4.759526573110571,4.640796814345276,2.552052727581514,0.557766291608910,2.665493436695429,4.341993195280807,4.126529567122210,4.379920093393293,4.655962169101952,5.999095967111931,1.106970881641347,3.211839031530402,4.204176186328457,3.710771097600811,3.930218182876807,5.787496884991555,5.541852311720967,0.420556483650652,3.059743223317893,4.338701485584559,0.534375018204460,5.334322728652118,4.042044447425448,2.462782759952744,2.247056336659139,3.788018919819178,3.589137132443148,6.920305779735400,2.552027999144983,2.645144310243946,6.325738242391645,2.615284970281540,2.951910225632271,0.359047976148942,2.113024644066617,4.611833175052360,3.805381989384521,
0.187259378333573,1.035417624554127,0.409529674029918,-0.012177311733379,4.326504586212222,4.756753078236393,4.640023966698478,2.552447811760205,0.560239666372198,2.668837765846054,4.342188996852818,4.126033083805667,4.383568387967021,4.657640393141684,6.000469462704071,1.108064341619333,3.210224284616784,4.206733027181611,3.709836774060098,3.920246135292672,5.798702928194073,5.539145118736459,0.410461108850548,3.065560183463757,4.341729699257924,0.541929242072761,5.341257377600297,4.051742949676122,2.458072150303668,2.243206598018473,3.784007588174892,3.587636483375023,6.922628085954685,2.554854300033354,2.644021908435814,6.328376663963089,2.617352410782849,2.953819210078444,0.360616894029412,2.116961564195770,4.610096107097084,3.805381989384537,
0.182946030828176,1.045163126565775,0.414530463744404,-0.014312420467852,4.327208132066620,4.753508962573593,4.639028576142774,2.552605138595669,0.562750408577555,2.670848323655109,4.341766629448530,4.126059708433326,4.386989992022865,4.659518626993611,6.002237970661686,1.109656276405126,3.208406259951393,4.209624480395705,3.708798803445583,3.907701526524844,5.809709571499550,5.535797110188546,0.400409638532888,3.071213249814673,4.344699872510156,0.548371760289222,5.348392333676508,4.060855713363284,2.453543267777656,2.237862700774578,3.780644163213752,3.586232118987807,6.924045005479040,2.556808220071389,2.640566647098293,6.330134218074823,2.620866994078908,2.957792805680758,0.363291713818875,2.121939436296625,4.609184771861061,3.805381989384550,
0.181591661956808,1.055984876134281,0.419944087210740,-0.013186543684542,4.325742926405690,4.748719528080174,4.637419901324398,2.552427595787592,0.563034444020856,2.676994560498432,4.342714202870003,4.123794099690116,4.389735752150068,4.661977845750202,6.001592777323319,1.114530799410182,3.206049338004772,4.210645310000427,3.709985002315795,3.898207717397544,5.818444761767135,5.530259957337647,0.387826946351807,3.076906904016290,4.349186797781042,0.556336382248616,5.358174016180044,4.066178536284634,2.450418558617974,2.232740057382563,3.776301130708507,3.582921929743606,6.926394310711848,2.554482657547293,2.635123652894491,6.332427367257600,2.623623852443435,2.960710558331928,0.370808889649679,2.131121055472980,4.607570864829958,3.805381989384546,
0.179640789931880,1.068567451097034,0.426145476451733,-0.011312740145203,4.323053080114238,4.742995442840088,4.636628876043948,2.552945227926748,0.562350662230550,2.683609445741387,4.343994259547188,4.120865481500568,4.391662646494908,4.663833006849595,6.000405826279855,1.119234327197266,3.204311945491197,4.211368340332196,3.711771784557434,3.891000776790265,5.823076166180163,5.524332007123005,0.375865115265938,3.082395159998033,4.354343748068924,0.565048128722449,5.368670725582517,4.069480360450942,2.448099877036478,2.229320575821986,3.772099617500952,3.582127571503103,6.927473703186269,2.551018521184394,2.629149846876562,6.335266369406030,2.625102676852370,2.963527802257641,0.379562110444819,2.141263870422887,4.605324440562219,3.805381989384541,
0.173965250974954,1.081032105163656,0.436813273903923,-0.013185077478804,4.320206366573414,4.737638864740579,4.636077352400855,2.553503353726929,0.560597661055991,2.689922873630408,4.345273727460377,4.118002411667436,4.392700610046230,4.665378854158257,5.998768712284710,1.123441471539216,3.202907405140380,4.211613543485587,3.714059522491587,3.887437166178889,5.824443748186953,5.518049023537709,0.364638598946090,3.087558340860504,4.360824367671598,0.574206274911271,5.379233222719018,4.070209818260503,2.446727701679080,2.226896544171537,3.766975155975264,3.583983379887066,6.927631208853202,2.546406264078881,2.623502498504137,6.339003632937938,2.625579951099411,2.966217962556872,0.389384022743658,2.152184355292520,4.601850219703115,3.805381989384547,
0.165585362563856,1.095362092245196,0.443323402008112,-0.016802970535437,4.317040481365551,4.731875244605371,4.636369240211008,2.554482175685961,0.559561538528208,2.694983408476941,4.346564093804996,4.115208066642286,4.393887468923462,4.666060727411669,5.997760947061381,1.127974696195744,3.202357220616267,4.212565341559276,3.715720519920095,3.883965911127842,5.827464959589538,5.512265950863426,0.353512500573664,3.092744564439649,4.367042469406167,0.577419692286996,5.387449231187169,4.073298260623024,2.444716026101057,2.227445882016239,3.761598750887774,3.586478438576744,6.928706095683753,2.543989845592904,2.615541310187324,6.343436619699732,2.623370354762781,2.974744834342844,0.396407528872302,2.160581828840243,4.597996472366058,3.805381989384548,
0.158522928790853,1.109457034862434,0.450172989635269,-0.013200371438354,4.314033071724812,4.726051992761935,4.637258241818023,2.555892574078615,0.559783678611982,2.697486580010657,4.347534595704595,4.113031708233754,4.394691147898007,4.666288090807828,5.998074786562643,1.131462398568023,3.202258619057271,4.214694337967492,3.716303082518987,3.876093263328566,5.829507703416859,5.510432083423770,0.344529426242053,3.097721070395050,4.370459574791934,0.579640531321223,5.394833394013227,4.077355035959618,2.442425656648682,2.227500470554595,3.756459272095243,3.592386678281594,6.933171216430199,2.542651334378846,2.607306755339113,6.347560341742940,2.621738741524940,2.982557011961026,0.401808260459844,2.167200857974519,4.594452050745880,3.805381989384562,
0.153064735221944,1.124811734479949,0.456941395213563,-0.007577983694956,4.312102114424152,4.721032138038408,4.637602629984524,2.556740588849141,0.561342641396592,2.698067319171245,4.348419769916979,4.111316353449538,4.395548489517350,4.666693279251683,5.999537322849049,1.134194794255897,3.201969407185423,4.217720429630122,3.715850805097740,3.866100856651585,5.834372414583445,5.511813732049353,0.337134843147840,3.102287618588711,4.374759750565401,0.584283824255037,5.400708691194825,4.083989587484606,2.439404625552887,2.226066305354931,3.750921971743510,3.600143955918181,6.940224765726472,2.543694302787282,2.605017449105294,6.351187318256791,2.621123304324503,2.984702905850176,0.404311135236750,2.171203091894366,4.591383595002037,3.805381989384573,
0.142281870838776,1.140682551015340,0.466753204547813,-0.006708180352551,4.312999444537261,4.718454184105832,4.637481178461559,2.556982724190755,0.563401924331333,2.697489547713558,4.348629791723851,4.110803863658592,4.395962819927820,4.667076902758528,6.001031133442009,1.136469689844191,3.201596657169716,4.220578938613175,3.715101959518041,3.855891270341236,5.839328751234561,5.512770902018589,0.330194395363520,3.106602344133683,4.379735472452302,0.588086148091406,5.405704287210846,4.092342794442081,2.435909499009111,2.223214767806838,3.745366418206937,3.610433949364775,6.946310483567677,2.545156424202555,2.602922065053648,6.353887522635495,2.621572968244170,2.988408695164730,0.406415918518675,2.174836322645021,4.589341705652330,3.805381989384556,
0.129650869245125,1.154488056321867,0.477614904431522,-0.007181409214439,4.312502353972881,4.714467923989891,4.637740067121086,2.557648080339938,0.564694895072701,2.697620596225494,4.348547240905357,4.109920259399999,4.396024603626309,4.667410622282345,6.002133819575696,1.139560912831815,3.201295523350661,4.223189310834439,3.715029414245435,3.845825248257586,5.841743548424160,5.511559511170328,0.323647832874386,3.110806503619573,4.381885643553504,0.593572052932657,5.411567580310596,4.098406003927153,2.432989970782178,2.220000212475141,3.740036125391599,3.622266745543522,6.949637499154161,2.545710506528557,2.601324046843026,6.356522373833431,2.622510845607493,2.993579808015066,0.409303559182876,2.178797157364384,4.587244298721821,3.805381989384491,
0.117800671698327,1.167087426522419,0.486413300981334,-0.007279342881886,4.309882615541538,4.708670199515158,4.637675720845770,2.558111545297171,0.564216926630793,2.700380113678056,4.348681866547668,4.107696160919222,4.395042038053298,4.668145970111124,6.001763386413083,1.143886623359061,3.200624427485173,4.224695829250036,3.716454960084427,3.837658318552369,5.841197564352361,5.510171044270250,0.317485216997308,3.115055990309783,4.385301893504700,0.601036563928119,5.419558278785058,4.100999991541198,2.431094077985681,2.216984569945955,3.735000619678649,3.632417758948972,6.952680429788391,2.543553812934498,2.598431280029343,6.359326328540828,2.623451420398097,2.998402209838729,0.415183322469500,2.185421777948578,4.584793599261833,3.805381989384424,
0.109641404710694,1.179574942415924,0.491435218239400,-0.010139387272548,4.306930895364746,4.702520212572939,4.637397154863373,2.558526933968740,0.563708953075542,2.704555172258388,4.348496480756355,4.105201762108145,4.393938946931387,4.669108094263571,6.000676479799075,1.149354547138687,3.199779412108212,4.225624398806167,3.718474173113330,3.831529185702974,5.841234530079396,5.510041919543381,0.312574975418168,3.119086833247537,4.387025714734117,0.608131533469266,5.426719889354573,4.105243419210867,2.428733963224247,2.212120772687469,3.730007287059018,3.642731114487084,6.956950311961056,2.542809230679432,2.596124148552057,6.361597182115064,2.625961759750737,3.002870426796820,0.419509267039909,2.190761838185040,4.582848749588102,3.805381989384371,
0.100511954460966,1.192654140822739,0.492983251430094,-0.011275466464086,4.303315563472912,4.696023063063034,4.637304115182968,2.558861808295209,0.562703227285422,2.708598700273941,4.349487652413606,4.101828254766430,4.391780965683566,4.669813550890035,5.999399068270411,1.154554034245506,3.199192856672571,4.226443677738308,3.720621242162244,3.826366888487169,5.838724378987404,5.510457096530167,0.308012966835919,3.123734469107064,4.388879364266046,0.615766281130875,5.433484049966534,4.107858770197474,2.426924692949097,2.208127141116248,3.724285330172441,3.655063525822850,6.961586729231607,2.541857873931794,2.595016341777844,6.364372476311013,2.627408339239012,3.005406074118890,0.423775916814654,2.195939576464830,4.580345945839172,3.805381989384346,
0.091687655803606,1.206634309057849,0.493020598940816,-0.013847225920365,4.300649544882272,4.690456066973669,4.638062033969639,2.559134799629226,0.562338199152781,2.710582262667744,4.350634901815352,4.098679003868206,4.388855379882154,4.669540748945942,5.998776353563798,1.158159491650787,3.199586108095914,4.227771884039522,3.722144611746490,3.819514419364370,5.835945624592227,5.510700333240777,0.302376178335393,3.128289813086702,4.391609002601020,0.623894629474288,5.439425307566977,4.111339982163496,2.424955435171581,2.204912085881849,3.719108244334725,3.668627386235297,6.966712663521372,2.541766150383738,2.595178494445309,6.366995440725796,2.628568548780654,3.009116014724628,0.427007903484192,2.200773730572823,4.577916531787463,3.805381989384351,
0.082279364260803,1.218624532191025,0.491702214357988,-0.018216930192072,4.297610308815313,4.684779196870773,4.638573086169543,2.559384781238764,0.562091405501946,2.713132418090144,4.351118758951774,4.095967455748519,4.386576645896326,4.669507672231915,5.997864832432326,1.163170375789646,3.199697534805749,4.228880380240546,3.723847616859504,3.814982332059572,5.833014739425343,5.508619749998457,0.295877754083217,3.132856123248405,4.392125464977804,0.629672791210872,5.444604760919639,4.116256609561477,2.422466805436044,2.200268486028852,3.713973241909950,3.679388437976172,6.969530826460555,2.542393925491061,2.593992290681022,6.368934256839815,2.631136931419303,3.015994437733711,0.429351182625448,2.204598767830166,4.576095072177773,3.805381989384341,
0.069659663773815,1.229524598173770,0.486332095018115,-0.024725623134579,4.294914159972230,4.679361030300522,4.639657101798341,2.559731136379140,0.562089625826215,2.714347535220181,4.352149774242039,4.093176308271476,4.383803205940019,4.668837230903889,5.997574517177997,1.167478901117166,3.200487755026098,4.230673767436967,3.724968350100536,3.811430273174978,5.832030850299024,5.504604579196825,0.289611415649216,3.137431188572494,4.391383017488771,0.635218210212668,5.448809470659249,4.121429493265698,2.419941269160335,2.196244610361878,3.708671384435428,3.692164267442620,6.968977727458147,2.543843738126672,2.593669932849839,6.371082089085474,2.633192439045844,3.023509577525825,0.430588422107300,2.207253906367381,4.574158201116105,3.805381989384347,
0.060044674290430,1.244192616330516,0.477783351051428,-0.023663902740623,4.293235630180520,4.674481853551270,4.640569798487452,2.559811026740832,0.564300127518953,2.712034663131470,4.353123767636915,4.091251551298686,4.380454425026519,4.668220513955720,5.999353081136598,1.169159890781525,3.201337164466001,4.234101118744579,3.724212087126324,3.802496496003782,5.833715180161736,5.500435942628940,0.283531980362464,3.142384765297604,4.391993474585230,0.641348251087532,5.450937209638241,4.128203213569349,2.417079854923906,2.192219542207196,3.701431298226465,3.706791434098519,6.965423566390307,2.547812363556357,2.596151737099146,6.373914065876085,2.634519124796989,3.027336704796542,0.428743821212888,2.207653273268464,4.571586283324709,3.805381989384386,
0.049072319377031,1.257487763763947,0.465786278833537,-0.025794503320391,4.291843373619852,4.669924308615506,4.641259284706284,2.559862481033450,0.566054802561218,2.709485347852397,4.353960492155879,4.089640470647394,4.376852895225848,4.667810429741111,6.001058470440477,1.170278596399163,3.202003235015037,4.237325986883580,3.723540868506806,3.794928065846037,5.834291928638342,5.498218330089895,0.280218750439283,3.147671389024908,4.393132604120179,0.646708736558587,5.452161649836841,4.134203153632943,2.414577325597647,2.189133792105941,3.693441946908195,3.722970785531872,6.961444682543599,2.551943770967635,2.598793949348000,6.377219661082718,2.634518573457925,3.029471195054448,0.426488936168734,2.207193098451532,4.568555883259072,3.805381989384419,
0.041947064575247,1.270139496446248,0.456451711637432,-0.026522304622483,4.289908724426176,4.665388942318605,4.642156216913593,2.559996878317016,0.567221123625741,2.709629635208999,4.356871909474578,4.086013622744821,4.373690575145535,4.667170871300467,6.001360781496235,1.171779837040522,3.202896204950112,4.239474329257338,3.723854596495041,3.786967189419006,5.833884764574605,5.495481755585464,0.274340785175866,3.153829530885293,4.396864830208811,0.654267892186489,5.454892200583537,4.140414292683188,2.412102735579269,2.185233085680935,3.685476980422708,3.735497850228046,6.958060950478312,2.554955963452589,2.602263528461060,6.380258670835032,2.635079118481505,3.028569882073652,0.425804180607596,2.208701947176159,4.565884694397395,3.805381989384457,
0.035772419009380,1.282448907930229,0.446024548208646,-0.031346947094646,4.289320937791308,4.661759309767193,4.643173982287461,2.560232604223529,0.568329874193080,2.709435009448022,4.359417300686868,4.082889448239175,4.370919744588438,4.666287158877528,6.001601647116226,1.173021539294626,3.203971416333012,4.241460303332930,3.724197264092103,3.781455102422232,5.833431347783113,5.498923939945606,0.269633689608269,3.159908099992433,4.400584402726402,0.662611879778356,5.458000610894572,4.149285566979792,2.408713794392932,2.177974423451105,3.678114414091795,3.746901694993259,6.961476982374833,2.557963335000946,2.606030896769360,6.381474938832786,2.638775539725043,3.030323334062341,0.425282528733037,2.210409137613582,4.565115838728079,3.805381989384550,
0.025752696843113,1.293799826761143,0.444600897681434,-0.037997897278541,4.288223245455912,4.657617258842829,4.643615815691772,2.560089935387416,0.569955226690553,2.708926233083694,4.361010359055966,4.080166335634407,4.368150809909363,4.665961483159714,6.002286766212840,1.175528297927261,3.204503715652700,4.243877294370465,3.724456409588775,3.776493070498803,5.838814564422438,5.501298479731800,0.265077179261441,3.165634482443744,4.397018090999354,0.669214627708022,5.459098159060604,4.160024698841642,2.404921846227111,2.170936445294055,3.672177348503714,3.761051285338671,6.963605923239847,2.563232960877121,2.610449726358150,6.382061683359360,2.642595623212407,3.032968795201392,0.421502341837677,2.208454457543562,4.565109794335618,3.805381989384659,
0.015732740986311,1.302451613793399,0.444058650106617,-0.045712269098749,4.286750892414252,4.653472657986720,4.644016866734560,2.559856582878573,0.571002215205096,2.708183647125411,4.362524359994123,4.077507996850804,4.365107559515090,4.665679516500721,6.002912211675774,1.177683514694835,3.204936139183112,4.246152149427449,3.724905860849187,3.774907492871193,5.841536535529870,5.507202754049982,0.262034778612305,3.170673646176852,4.392397195844223,0.676368611273289,5.459992776691012,4.168951594435852,2.401581293368855,2.163591919415115,3.665991493255037,3.776753721237890,6.969409708576265,2.568557008530982,2.615644410894240,6.382918249238989,2.646751068954370,3.033234573669082,0.417390962655242,2.205994526040726,4.564554012252585,3.805381989384697,
0.009864692268725,1.304214510353966,0.441197650368911,-0.043654777602424,4.285609250765469,4.649484565763277,4.644588024904371,2.559877774645279,0.573630525316728,2.706031055096944,4.364661153262318,4.074744088775223,4.362687247495810,4.665310127224876,6.004753044783086,1.178519718569763,3.205445132949324,4.249487185775326,3.724316201945076,3.773787819825020,5.843165303610761,5.515573041327958,0.259597897179908,3.174948800412186,4.384792609124213,0.683008261063831,5.458967589471485,4.178910670441123,2.397968703475843,2.156930860824859,3.659250217374608,3.794290148148406,6.977824731042191,2.575911272574145,2.622672081476274,6.384255556518516,2.650308299853960,3.033659619121490,0.410570003713421,2.200615364182446,4.563478306796242,3.805381989384681,
0.008066431694853,1.305756085400215,0.435928841847903,-0.043578775337458,4.284293683817149,4.645060986589605,4.643207443055667,2.559213451081152,0.574744273201849,2.712301883409950,4.365948346555831,4.070284351899830,4.364539818388343,4.667164473959217,6.002516254637882,1.184340032220571,3.203907306257569,4.249455815348848,3.727161015127892,3.774883814710297,5.850964116209552,5.519671905586113,0.257300587381155,3.179043720899899,4.374028133389442,0.688147320098160,5.457918494798505,4.192724063677916,2.392740197719501,2.149315528531242,3.655873286907250,3.804105172163640,6.981943555250790,2.583823578617231,2.627947250266510,6.383430209978270,2.655440733357874,3.028083909667099,0.403156861607850,2.193882643723965,4.565068162090522,3.805381989384607,
0.005194905549486,1.308302297850146,0.430952889788935,-0.041319145613273,4.284527979965706,4.641808753792977,4.642367074431925,2.558816515735709,0.576981490927147,2.715835009521834,4.367114178168710,4.066915377219108,4.365087338806613,4.668432998613076,6.001655152159703,1.188286239297981,3.202782558560374,4.250530275557050,3.728738620602186,3.772140765324902,5.858276507647060,5.524082648251153,0.255302671744463,3.183152739602785,4.363363373719579,0.692707135192616,5.456476207547523,4.206008886807602,2.387580172916846,2.140663131350412,3.653416559586784,3.815675376464065,6.986944289592029,2.591568499706830,2.633067913274326,6.382035347020214,2.661984104655510,3.025193518514142,0.395931932989072,2.187507825768824,4.567094550333651,3.805381989384518,
0.000829534549189,1.309691740773451,0.427593275334855,-0.042317960025145,4.285121094514789,4.638472963812678,4.641370428475223,2.558151853728895,0.579683441028428,2.718287410638610,4.367240694528821,4.064478021254866,4.365487551938712,4.669694481396484,6.001460056589902,1.192498283513678,3.201649639868255,4.252184731375639,3.729614523363424,3.768863575453821,5.864914717883933,5.528248176938426,0.253428200250117,3.186782102257029,4.353975264914192,0.697028841532608,5.454800059486575,4.219575807725826,2.382014213490928,2.131958388391450,3.649326284164997,3.827198044193681,6.991692862122746,2.599982949413117,2.638084234714990,6.381501310474238,2.668286154407886,3.021415214984057,0.388041996028423,2.180335595033471,4.568231539323005,3.805381989384460,
-0.007103826696862,1.310328595003506,0.421548442972241,-0.044788453904002,4.284740028440948,4.634720485197342,4.642000533907686,2.557884304671163,0.580925073331019,2.720169473470860,4.369390642331256,4.060979230328545,4.364023102280626,4.669234795571988,6.000848845120568,1.195345506820826,3.202210637777803,4.253475648764038,3.730799116325868,3.766393261638729,5.866373356184753,5.531567158047033,0.250304873711202,3.190674771524392,4.348451190346137,0.701767221402559,5.454940320485842,4.229411500109565,2.377760335357274,2.123677941234572,3.646779376028182,3.838514778215993,6.996359200136706,2.604888482199925,2.642024747479592,6.380732436927439,2.674150162246127,3.018522596959954,0.384251478862990,2.177494467159383,4.569508972027685,3.805381989384425,
-0.016394400288842,1.310219124925116,0.413735000706243,-0.048043226312414,4.283465995287410,4.630683944473637,4.642992115416528,2.557889089251058,0.580775730380865,2.722749851435385,4.372319700142445,4.056932086089636,4.361673037446089,4.668418064261931,5.999443874027053,1.198266506384568,3.203097860388235,4.254144971153683,3.732673559638170,3.766833887327185,5.864642245364490,5.532853093464369,0.246533957280794,3.195081818755713,4.344855017488713,0.707133755518266,5.456149112308505,4.236261090703437,2.374661206687485,2.117701649559152,3.644754344868000,3.850054278591895,6.998929743523699,2.607700015027830,2.645602673704543,6.380468982546653,2.677941311138147,3.016954238198052,0.382873931400680,2.177081106741424,4.570269508086147,3.805381989384377,
-0.023999027239961,1.312282038928806,0.405557650969442,-0.050455498353913,4.284978382966339,4.628594651274432,4.644716767149448,2.558629089413226,0.580979198602241,2.724714318732059,4.375684411914820,4.053484785220919,4.358713371825292,4.667184249246514,5.998058428934770,1.199240994398989,3.204355736168178,4.254565294383041,3.734341201034511,3.766712709436382,5.861190134707435,5.533178940555618,0.243726446979184,3.199111303938329,4.343049398355302,0.713214495174061,5.458596709363382,4.243329848407015,2.371459637598506,2.109374316691686,3.643866665104041,3.860508692265901,7.000528835874624,2.609241908998246,2.648670551697790,6.379499651615337,2.684024961497004,3.015989532879459,0.383223763857566,2.178563344328102,4.571519989233578,3.805381989384331,
-0.031229051479991,1.313589236395188,0.398961384634914,-0.053418511356891,4.287755349245820,4.627472063483723,4.645565703871879,2.558325207975353,0.580643935746068,2.726738742371462,4.377915171438262,4.050982282116706,4.355435500494425,4.666343645308484,5.996092691312298,1.200509007931951,3.205098627967234,4.254121841062465,3.736418955796968,3.769046914600054,5.855541884042101,5.532925594301205,0.240863178560328,3.203670933315104,4.344294100763276,0.718601566716078,5.461796806077424,4.249594787148380,2.368356624293722,2.098675642003282,3.643887667043724,3.868921714480177,7.001543870282230,2.608894725478093,2.650038979291975,6.377366942670712,2.692377717043884,3.017391049366769,0.385889095266171,2.182306831016417,4.573515349110928,3.805381989384335,
-0.041209461263489,1.314420985010031,0.390856005855385,-0.057611763016852,4.290044949019340,4.626530193965779,4.646471031713965,2.558042363263968,0.579295570348819,2.728564043724139,4.380553681684611,4.048445507595074,4.351509444106116,4.665401325732883,5.993826509716240,1.201320228282537,3.205862349228141,4.253285412156783,3.738808233082042,3.770583340213495,5.846988475856400,5.532064511139767,0.238003152768699,3.209749215396878,4.347178167162878,0.723966154642318,5.465789944354733,4.252502015200907,2.366493872525312,2.087992025712254,3.644017524004675,3.878373509189477,7.002227378479549,2.606121589226901,2.650705363177634,6.375225910796932,2.701065019336712,3.018908851615536,0.391090022956920,2.188267566431832,4.575117940849168,3.805381989384311,
-0.051224817936009,1.314520424813800,0.385485759271815,-0.062815589152517,4.290884753916107,4.625137355783523,4.648737549495416,2.558937548548662,0.576244503384863,2.730694860281451,4.383619130686465,4.045676387965297,4.346508081073812,4.663461505305913,5.990732782917941,1.201404028395642,3.207600224682586,4.251595515886118,3.741962568055703,3.773467726550277,5.835460703788658,5.529443734441468,0.235152554057142,3.216365972468958,4.351136387040962,0.728933854776272,5.471683958163063,4.252409930119887,2.365943834862917,2.079248490646107,3.644875243464108,3.885770462270890,7.001006074093906,2.600857850098563,2.648431378150715,6.373523022158004,2.708315744240873,3.021762549051797,0.398829932599672,2.196797108920169,4.576227235005024,3.805381989384323,
-0.060147533507925,1.313444401845465,0.380529163094097,-0.067955687654242,4.291265488108769,4.624137225778171,4.652321939157227,2.560375136803576,0.572505568320248,2.733144938432112,4.387616043693794,4.042248931009487,4.341082816385819,4.660105220903649,5.986990104496031,1.201032627721921,3.210707008537123,4.249370162296609,3.745437516537393,3.777788579984688,5.822313296395588,5.526894655837913,0.232931337878595,3.223045902831544,4.355812728940971,0.733657319490071,5.477414721019639,4.250978335290841,2.365945108994336,2.071600635756451,3.647122576439872,3.894311487863884,6.999818847815829,2.595184120975856,2.646344438180118,6.371726650292689,2.715044767693588,3.025700977693413,0.406874260557133,2.205664062036048,4.577474767455676,3.805381989384406,
-0.060648951281268,1.314286160832442,0.370595426119841,-0.069757619599090,4.291056946890520,4.622561798876382,4.655710423929252,2.562063570876266,0.571222093250427,2.734454956927787,4.391590439244258,4.038875346185717,4.336912988097016,4.657198988628462,5.984428632512820,1.200318782495433,3.213421871291767,4.248235699411566,3.747945494768357,3.781627605804980,5.817541811624284,5.526320011093969,0.233379618749926,3.229013248402465,4.360560486233112,0.740020214679038,5.480837018314547,4.253954171055217,2.364103756220281,2.062265036424890,3.650062069343685,3.906087585025142,7.000930119903103,2.593749853621210,2.649298011197693,6.368481182729403,2.723335263746156,3.026459488220607,0.410671832545717,2.211188339072262,4.580544403207624,3.805381989384477,
-0.061025571046433,1.317140682844642,0.361902415024662,-0.069871581281328,4.289610402081849,4.620086710207920,4.658755275986071,2.563804366592262,0.569403572865340,2.736160749705162,4.395406786441418,4.035371965282406,4.333059771654296,4.654904730689448,5.981741829908818,1.199910730301116,3.215605202716014,4.247076688498897,3.750693276321691,3.785975413791136,5.811366547485801,5.525840520392148,0.233667836849088,3.234785640894450,4.366308437081158,0.745745679820358,5.485485034421916,4.255549252605885,2.362865815971680,2.053573043677728,3.651905421552027,3.914655084035382,7.002124059749089,2.591091817453679,2.650150464388704,6.365990410998958,2.730962224329296,3.026192571052452,0.415958565931465,2.218171789384900,4.582741820117892,3.805381989384503,
-0.061648494115407,1.318207406716197,0.353603599897480,-0.070868148970214,4.287229059253111,4.617111658522739,4.661075377035904,2.565225182164471,0.566881544835486,2.738710763822963,4.398920212627001,4.031759880077057,4.329752658003967,4.653297202528719,5.978497682406132,1.200957642508520,3.217176921697475,4.245472118797779,3.754046537433579,3.789744534420719,5.803660904155551,5.526941987940003,0.233362345265874,3.241131547488662,4.372165517519846,0.748623925949092,5.490294008524596,4.256588686295460,2.361893426032937,2.045520974155909,3.652427302129111,3.921211929125038,7.005056679035744,2.587833449982399,2.648675894717159,6.364147259570308,2.737692404555776,3.026127961154950,0.421881160110468,2.225867923537365,4.584189289874028,3.805381989384485,
-0.062471539992066,1.320599174050656,0.346579176684675,-0.069595734502409,4.285242059639763,4.614041857924508,4.662728146960545,2.565960273655062,0.566087589110045,2.741298215816500,4.402436246899815,4.027983987836375,4.327881940163920,4.652307031848474,5.976267835621941,1.202311627574794,3.218248987494484,4.244976835651448,3.756472884740110,3.792490140748300,5.798714872717735,5.531056257680146,0.233941338813690,3.246882503582654,4.374865097115566,0.753493466489998,5.493593077376121,4.259075515955312,2.360043248830062,2.038573209493089,3.650035208100984,3.928881016638036,7.010656278817548,2.587258411681615,2.650137960979385,6.363634876350061,2.742696786280963,3.025298640056727,0.424695221253210,2.230210737121487,4.584533875515763,3.805381989384497,
-0.066016711906045,1.322732137284135,0.341340968624764,-0.070879363758641,4.283671141128990,4.610971831133604,4.663583823406674,2.565922226150688,0.564940572967090,2.743972411027699,4.405241112540812,4.024531858996422,4.326101025124468,4.651743524037671,5.974055585038945,1.204038238370748,3.218927691046379,4.244572478746843,3.758974210656969,3.795745395618945,5.791547778035039,5.534915451871339,0.235001727714751,3.252678826640532,4.376869094696638,0.758258783730858,5.497491624561998,4.261412006326055,2.358151947916348,2.033735765274678,3.646131189173660,3.936447623085925,7.016141035593577,2.586251592942947,2.650513747349678,6.364365319980149,2.745603453151200,3.024066662440255,0.428062852116870,2.234826059315512,4.583563360362718,3.805381989384562,
-0.065107426612972,1.325335133213539,0.340449418255831,-0.070562972760427,4.282166213105789,4.608296847604696,4.664563746239492,2.566183403675562,0.564917015308314,2.746532669471902,4.408409037700042,4.020797385533035,4.324754155974120,4.651081118406054,5.971778168899785,1.205837793532055,3.219672323846290,4.244135032611976,3.761442220829295,3.799724662605951,5.789549334018955,5.538081142255739,0.233225923638307,3.259064362960844,4.378614261810138,0.765888775089982,5.499742135081726,4.265600370197976,2.355345180259417,2.029400310740590,3.642792311492769,3.946644171871055,7.021809885787517,2.588136605527817,2.654304771084130,6.364839285107879,2.748292613020685,3.025716401381883,0.428333263190353,2.237392684408676,4.583103939819959,3.805381989384517,
-0.066106913676061,1.328229210465204,0.336788899936020,-0.072675963831497,4.279550467199384,4.604671231027381,4.665710474426088,2.566956111305061,0.564763725703954,2.747882725442534,4.411731732618014,4.017118308739654,4.323292135077321,4.650314186268268,5.970416062664775,1.207531925931986,3.220505117691993,4.244634317087791,3.763274796131781,3.803670246356194,5.786878598841672,5.541477855306727,0.232181104227461,3.264695166617142,4.379510225525276,0.773097626689706,5.501709134543983,4.268786761448007,2.352888360559069,2.026123055773109,3.638615535217523,3.956580645274155,7.027424866239860,2.590051298618824,2.658113359975827,6.365880203370768,2.749842093101576,3.028631336527751,0.428342818176568,2.239391924146469,4.582119169401138,3.805381989384411,
-0.068734036370575,1.332793446683319,0.330662513088945,-0.076540014377949,4.276053686329337,4.600433072395298,4.666954075562178,2.567846804687740,0.564119748606331,2.748650221422566,4.415535764697481,4.013198185126982,4.321537471821320,4.649415196852402,5.969330992835181,1.209029489104773,3.221439342044517,4.245485401059508,3.764943665746533,3.807887933770545,5.783799527776045,5.544488348061728,0.231605611318733,3.270074509836965,4.380658971893076,0.778167793482960,5.503933721410647,4.271133911270993,2.350900479443740,2.025301981944742,3.634225086498311,3.965790851680916,7.031818426103784,2.591310134276627,2.659914381382368,6.367833558571300,2.749002559676540,3.032804305034230,0.429007489188987,2.241705131487109,4.580703019022671,3.805381989384335,
-0.071434591029336,1.335631508210180,0.325352217444196,-0.080620097002739,4.273073663968883,4.596828438587164,4.669006092871061,2.569052351283771,0.563762989228104,2.749079918399088,4.419637567746211,4.009319001656270,4.319496649451228,4.647657988852393,5.968316131874350,1.209895622487229,3.223211913079807,4.246379376845085,3.766425645141675,3.811623145502989,5.780581400130420,5.547925729131502,0.230249044095675,3.275913423425082,4.381050685559831,0.784380356749189,5.505572503017045,4.273569988856128,2.348843804049180,2.024778792187285,3.628169257585608,3.976725269799270,7.036947358996696,2.592933112773589,2.663111992954368,6.370445649815139,2.747435226045769,3.035799495534726,0.429144283053310,2.243222572433421,4.578695387706773,3.805381989384284,
-0.076514506185552,1.334521268362199,0.319073067076973,-0.089414308372723,4.270773098442272,4.594228702143440,4.670993503667170,2.569857096101222,0.563352406421424,2.748825272467001,4.422725675028559,4.006438829337315,4.316298286835351,4.645835027325189,5.967317096947083,1.210460615441522,3.225007063221456,4.247164106774751,3.767777431764602,3.814608906166603,5.782679780742434,5.555664594745238,0.232973385400927,3.281959974684092,4.381781333427461,0.793663912263650,5.505375168834730,4.276582369940193,2.346677717221456,2.028755116573496,3.620861544783196,3.989979004275458,7.045422277766791,2.596889132922546,2.669842720584635,6.374867970955942,2.741755124630281,3.040279615311491,0.426814843792202,2.242732318970440,4.575368012436139,3.805381989384113,
-0.080724741967583,1.334491500668572,0.313705034220214,-0.097240403945512,4.268177451723763,4.590784684455864,4.670189575397020,2.568820201349275,0.563234120937838,2.749551847786907,4.424659492165516,4.003990771821766,4.314372614609724,4.646798235544520,5.966839231924379,1.212804304888614,3.224180867477808,4.248845132553689,3.768832183720149,3.817219230602320,5.783492632161083,5.561939853637339,0.234310209920315,3.287631952621469,4.382690542222916,0.802556873595879,5.505480261741328,4.279571773733460,2.344387025990960,2.031683991465876,3.612096733003423,4.000684061050090,7.052727257162033,2.600789671524398,2.676257823335723,6.379636769184551,2.736746055744515,3.044265572832896,0.424785805732181,2.242388449743975,4.571578960179274,3.805381989383984,
-0.085345649997820,1.335496551530452,0.309431008648490,-0.105698370095265,4.265997951095143,4.587158490134687,4.669463229524336,2.568018772434249,0.563378101442129,2.750251515209736,4.425564847053460,4.002159301506604,4.313024660840804,4.647901069057228,5.966577977524627,1.215746025380945,3.223209235969865,4.250722785983865,3.769736745306967,3.819912994378000,5.784072808172562,5.566275235279843,0.235503653548852,3.292825459675079,4.382698431050765,0.808976255045520,5.505622786761871,4.283037079249090,2.341703268874059,2.036350628318435,3.603792804505354,4.009084225189091,7.057973925934239,2.604939329186552,2.680297895125693,6.384833103163341,2.730438736383800,3.050975292337966,0.422632578536312,2.241719694183494,4.567637649002746,3.805381989383871,
-0.090506224720106,1.336205589319869,0.304591694056194,-0.113492632440168,4.262960942996767,4.583185993828848,4.669153492690328,2.567243754529442,0.562661688959195,2.751578903112716,4.427590872707278,3.999281594633326,4.311834972143314,4.648552933376547,5.965789077592615,1.218907399665760,3.222720323730050,4.252237052880012,3.771070980514379,3.823712623831856,5.782494151150975,5.569855584065506,0.235885287282667,3.297986319588543,4.383554856029155,0.814157503745404,5.506757897493536,4.285164568527819,2.339572406883922,2.040395429751960,3.595473910993621,4.015288351171690,7.062715562111592,2.607393889786567,2.682737042374547,6.389839602488328,2.724599608689815,3.058033679022162,0.422285809447258,2.242737729926713,4.563646513291502,3.805381989383737,
-0.095580444835546,1.336378665724897,0.300145293005352,-0.120673194275942,4.259632761145386,4.579312890959125,4.669375095096241,2.566829108428224,0.562137752422238,2.752580850582194,4.430496041443511,3.995931799773918,4.310531900508473,4.648684367380230,5.965194786021272,1.221395345300144,3.222768070971401,4.253968704406802,3.772187360977045,3.826434442637146,5.780763359320066,5.573425495199291,0.235126270355241,3.302848636765951,4.385199589961888,0.820232304424173,5.508104078638549,4.287018134669899,2.337543836794567,2.043973622713523,3.587156530421412,4.021267731991225,7.067953522314560,2.609456070749006,2.686027167437465,6.394644512438628,2.719252351907956,3.064811090826174,0.422387061348475,2.244269742275909,4.559727682240815,3.805381989383626,
-0.101838386698423,1.337561582011450,0.294256947129917,-0.127338993601532,4.257418257242906,4.576614355269907,4.669675481032598,2.566728973317016,0.562219387753719,2.753525948681755,4.433017791615502,3.992974094168032,4.309470196634434,4.648744482095420,5.964448844545331,1.223755820917502,3.222786913245239,4.255304242274991,3.773443321601976,3.828600130738188,5.780800604565077,5.577238054410707,0.234722091162302,3.308339278328827,4.387447863728712,0.826638321701247,5.508704730749963,4.289739176324832,2.334992265242914,2.044408901201246,3.580004799405899,4.028082789184108,7.073438110211392,2.612186095658275,2.690205411251587,6.397842944056563,2.717340127774447,3.072941371571314,0.421754825520269,2.245285167733051,4.557083539467532,3.805381989383522,
-0.108011229146498,1.340128867797261,0.290142469854308,-0.132056959943912,4.252911396084859,4.572812592419364,4.671110784154287,2.567258237352097,0.560025798982515,2.755644900564973,4.438575844625535,3.987462103582934,4.308111479853054,4.647661302340509,5.962399784681193,1.225610048280767,3.223986186315150,4.255846537805284,3.775936811016737,3.833101304690080,5.775971887372419,5.579871542412463,0.232206422828741,3.314288329507355,4.392301904720363,0.831753047882849,5.512351972971589,4.288460869585128,2.334131750327505,2.045278761459435,3.573629055742485,4.030821663679611,7.078505423591010,2.610483478383717,2.691367884800073,6.401162511096901,2.715103604316134,3.080900361973744,0.425753848354956,2.250772249216748,4.553993989686314,3.805381989383349,
-0.115994086571172,1.343317521653881,0.282930933313216,-0.136326586568890,4.247605802584470,4.568558026193065,4.671870798134250,2.567747313250126,0.557983727991470,2.757226219645897,4.443721514596012,3.982264269809517,4.307306189120454,4.647322599325269,5.961078404503731,1.228039764806972,3.224480031711493,4.257012538916194,3.778072657717103,3.835689465834368,5.771425897585676,5.581175489068890,0.229410558009663,3.319911543317771,4.395949218402172,0.835362071440905,5.515527511446283,4.286803237922350,2.333497863103073,2.045999128411492,3.566880716055624,4.033540895761570,7.081759891920115,2.608959053018023,2.691865108073366,6.404455815356227,2.712663896107404,3.088206806003108,0.429450098253567,2.255729710788694,4.550931510695857,3.805381989383211,
-0.115169313992023,1.347065199445031,0.271503860426800,-0.135904478809872,4.242561387487871,4.565508735941201,4.672318552470450,2.568710171640127,0.556540947985196,2.760741763923487,4.448618950060951,3.976740946290140,4.308317396797020,4.647870554686881,5.958809964748601,1.231134539115567,3.224162105130963,4.257356645785527,3.781121977114086,3.841021598541672,5.771871082294897,5.584027730037508,0.227000434644730,3.326506447688095,4.399538360551813,0.841062874227526,5.517125544788644,4.287327544672185,2.332156793272528,2.045616382369293,3.560927247996081,4.040293054241871,7.086386687504045,2.609419786758743,2.695648234938492,6.406889088590251,2.711301950972186,3.092120501393471,0.431008261280679,2.258739988547839,4.548810850423833,3.805381989383084,
-0.111242311102999,1.352132199673080,0.262318863350756,-0.133178234383565,4.238371355890105,4.562714933110801,4.671865573418830,2.569596426366296,0.558066794135911,2.763686739824323,4.452737623162507,3.971667150373263,4.311306188277166,4.649398980441958,5.958324182375313,1.235015187836767,3.222958958869470,4.259229245084388,3.782776128196404,3.842871290490258,5.778887371683984,5.588311262435572,0.225396133392602,3.332133570063628,4.398256368100442,0.849114450978472,5.516202274628256,4.292984761888007,2.328643629443233,2.042194636693187,3.556912779615926,4.046985321931370,7.092325255345416,2.613934741229501,2.702763513804631,6.407080054866536,2.712977104686443,3.093710442815098,0.428098837337347,2.256955929015050,4.549456587675254,3.805381989382866,
-0.109323473532997,1.356875086376405,0.253199199380959,-0.132165523018835,4.234258582174785,4.559678957233609,4.670948564213962,2.569998396766398,0.558875358112510,2.766341343355277,4.456781303154581,3.966787653770016,4.313700607796407,4.651268978963929,5.957800801085958,1.238862433771245,3.221397252220444,4.261103615438790,3.784463944405396,3.844105615250244,5.785236416824890,5.594167587578747,0.223870041353240,3.337705086646536,4.397841791787726,0.855082161008236,5.515785307712251,4.297812955026440,2.325764105651926,2.042350757076669,3.552472220945756,4.052178950969445,7.100208027239344,2.617593366299129,2.708030037816085,6.408511899000523,2.711526401826248,3.094202021768670,0.426194866367834,2.256213407325167,4.549031393997548,3.805381989382624,
-0.107452924328139,1.360471746359504,0.245491528362229,-0.132056745030714,4.230870154085980,4.556621970448040,4.670102535540435,2.570232282121639,0.560167263243163,2.768583506338412,4.460538203330775,3.962289224308095,4.316082636833000,4.652964704388503,5.957779589894043,1.242525714260475,3.220027120788391,4.263480817314782,3.785595470150343,3.844159596052304,5.790728244703248,5.598744024916276,0.221292645159848,3.342534910676916,4.397027859861708,0.859315198447172,5.515085697907742,4.303268617099768,2.322567685836194,2.042741522127137,3.547139092410514,4.056074447675912,7.107468319072061,2.621481294472289,2.712204939730688,6.410333762084661,2.709871253987352,3.094717729225724,0.424142822139811,2.255277606961227,4.548231646842948,3.805381989382397,
-0.106482426073687,1.363138802993909,0.238892919748428,-0.133186798635736,4.228538018294226,4.553947414541877,4.669559697206819,2.570339032142484,0.562555507673291,2.769203552966118,4.463877053236466,3.958644488472977,4.317208263196931,4.654154985208836,5.958543785225196,1.245268582675811,3.219068128079557,4.266318836783878,3.785949612938619,3.840255916385803,5.797533174185678,5.604464528409597,0.218579513048133,3.347849227995833,4.397795375735829,0.864662488231730,5.513476728020160,4.309487683712482,2.318872224919567,2.039350806980007,3.542678990347389,4.061347369328578,7.115852773464860,2.626085073835914,2.718116657966991,6.410680515201571,2.711515731593502,3.096635135303086,0.421469618657053,2.253948243147064,4.548684784096223,3.805381989382242,
-0.105569695219624,1.364791957732648,0.232639807791375,-0.135250903655367,4.226264281079673,4.550962066328540,4.668513582415060,2.570044724306681,0.564407653088542,2.770095038871633,4.466555397574548,3.955350372593099,4.318397746265175,4.655847533885249,5.959091262930861,1.248295669148439,3.217619411680833,4.268894366538558,3.786489794675408,3.837093423944378,5.803138816729863,5.609904709447832,0.216150881684287,3.352855341558152,4.398367089896660,0.869086481069189,5.512654742036150,4.315372002472047,2.315321859001060,2.036539020596720,3.537850512357843,4.064211255370275,7.123776470678483,2.630071635720746,2.722533243074391,6.411448800469709,2.712691046540358,3.098398029560928,0.419477318782302,2.253215608367738,4.548542583350627,3.805381989382088,
-0.105288878857055,1.365172325626618,0.228044597873575,-0.137978907620327,4.223705590666675,4.547953253141838,4.668293840799871,2.570444101594652,0.565951797836415,2.770279828761215,4.469122441833321,3.952412392068752,4.318890909029817,4.656872381502237,5.959706980606438,1.250662239351792,3.216779101546975,4.271344347607046,3.786922125773313,3.834328562055339,5.806980514658096,5.614670799197939,0.214139788406963,3.357828165422704,4.400156944747294,0.872434139014715,5.512105729285563,4.319411130554819,2.312245792514950,2.032748248581261,3.533329643941954,4.067188209480189,7.130863037493584,2.633348366960860,2.725573970562033,6.411957573454602,2.714777582712364,3.103692405501043,0.418278463259012,2.253412609861955,4.548369111146767,3.805381989381942,
-0.105431985577106,1.364049291425679,0.224462353716942,-0.141222910786648,4.220963024296599,4.545101679138583,4.668763575475320,2.571291967965535,0.566943727605956,2.770370335513062,4.471743719635796,3.949528397353836,4.318928961492743,4.657093969822724,5.959805362722952,1.252567856626608,3.216710120894860,4.273298226337969,3.787782745716040,3.832020273205803,5.809177119011426,5.618922849722481,0.212793622277231,3.363158879672816,4.403718371789115,0.876929757337944,5.512242986017750,4.322584815917344,2.309500896009898,2.028298846727474,3.528834000023005,4.070660086144277,7.137404421324258,2.635926127901111,2.728937693790158,6.412496565880142,2.717477907322960,3.108374023175264,0.418039677140590,2.254884539071514,4.547815418518531,3.805381989381849,
-0.107663287376348,1.362780718051877,0.222710508114198,-0.145425992335159,4.218289311646300,4.542575039067447,4.669575826471637,2.572010945401344,0.567184813432691,2.769929220031288,4.474106173842384,3.946955320802577,4.317863322571601,4.656805928404646,5.959776028860788,1.254110101997861,3.217046218556967,4.275020143744769,3.788702192352455,3.829701904241974,5.809619871541311,5.621628808877175,0.211512895479980,3.368032428046387,4.407890788558201,0.880325905382193,5.513103316048586,4.323906250259380,2.307515864819287,2.023854688515637,3.525192179940001,4.075326231934773,7.142124813225855,2.637119418570505,2.730642269170359,6.412919813406037,2.720318621840879,3.114603369373284,0.419176015427617,2.257773050748262,4.547184773900073,3.805381989381805,
-0.110095244183981,1.362584037138290,0.220508084413571,-0.150034665477481,4.215546179121600,4.539913440143411,4.669633837903538,2.572110251301051,0.566758803297759,2.769588424245273,4.476267632299555,3.944589535537164,4.316482096241868,4.657202038120506,5.959506133921160,1.255843864549950,3.216679700607640,4.276441148523069,3.789769804225124,3.828197575899923,5.809281158639331,5.624808998956845,0.210328402063927,3.372625882005891,4.412221954698420,0.883025603685045,5.514477130845549,4.324858223389026,2.306049885459544,2.024469055938188,3.520270343987950,4.079364840088756,7.147375041607394,2.637702840623246,2.731690624507656,6.415370675740249,2.718439861543746,3.119869356140877,0.420944135728702,2.261150691544429,4.545008712520294,3.805381989381727,
-0.112638750172312,1.361972895309833,0.217758884108648,-0.153814397310039,4.214359121170498,4.538435657732281,4.671048807608121,2.573418457434282,0.566554765407758,2.768919112428212,4.479702493973936,3.941992728534903,4.314366573151092,4.656344260489020,5.959235659252638,1.255428829174595,3.217560522265308,4.277727594127443,3.790699696342859,3.826082332085432,5.808629779424717,5.627160254058921,0.209625342219778,3.376797039656796,4.417311797216371,0.885679684416757,5.516141213179139,4.325775827074550,2.304747875771417,2.025337650572247,3.515869897590147,4.083748740425292,7.151905959637379,2.637796204158801,2.732437268604774,6.417604164475718,2.716495925219522,3.124920768084780,0.423273536216145,2.265123754673569,4.543026514884605,3.805381989381612,
-0.115400696588846,1.363161386788408,0.214548541945192,-0.157832107961690,4.212975389241643,4.536613301502962,4.672219456964978,2.574372770637740,0.566306220889598,2.768163324093905,4.483235592179676,3.939266625246212,4.312708074585091,4.655705188433721,5.959329841035714,1.255265665964901,3.218239188083261,4.279376463606749,3.791352027955572,3.824202351763621,5.807282421886978,5.628762110603446,0.207744940566348,3.380153051763985,4.421523712372697,0.887520399868741,5.518115431574826,4.326411538369460,2.303495724855440,2.025463173986664,3.511063875459414,4.085587731196587,7.156350466265439,2.637545402957326,2.732474832020090,6.419649558852210,2.715036168588354,3.129697468639475,0.425914672585038,2.269253719679159,4.541154139315611,3.805381989381526,
-0.115864936010056,1.365702412880723,0.210946504434122,-0.159901950639893,4.213450938162369,4.535316728444544,4.673814688608054,2.576171708562935,0.568273398336553,2.766439237573073,4.487191133797862,3.936797625899379,4.311313757154482,4.654863968357959,5.960572891116706,1.253874609176159,3.219105479764520,4.281841942089094,3.790906626710767,3.819655133495548,5.807758203299679,5.628992951647642,0.206568644082007,3.382530467606854,4.424060207913109,0.891646741056999,5.519722465205923,4.330048939446383,2.301033281375670,2.024718019672207,3.506338750488899,4.087612501512422,7.159292582665814,2.638836890874026,2.734589426549961,6.421111014806055,2.714413537865738,3.132105226667593,0.426846041788357,2.271208295070215,4.539880421365272,3.805381989381472,
-0.116016735919853,1.368690551369859,0.207701077490346,-0.161127781608617,4.212678866401793,4.533518601150607,4.676239744475358,2.579221163274318,0.568741370853148,2.765838728286315,4.490972865773431,3.934133547827926,4.310526117591538,4.653788930781766,5.961024620090472,1.252877653854454,3.220253615445714,4.283761404555261,3.791373933008972,3.816378694350633,5.804827376606867,5.625751196328825,0.205724909258150,3.384757842590591,4.425175037792546,0.893461250286333,5.523764613401704,4.331453581875585,2.299455935234835,2.024381471079872,3.501946743676186,4.087178826205758,7.158527325542716,2.638010802507996,2.732938580506671,6.422819775518234,2.713556894322144,3.136105007790633,0.429986413530054,2.275244576619055,4.538234073236232,3.805381989381428,
-0.116357992931662,1.371215348701780,0.204668244431767,-0.161854740059277,4.210365910716346,4.530892884420439,4.678963174412750,2.581999928914070,0.567650323395309,2.766115282683853,4.495868591888130,3.930411477232703,4.310287657769462,4.652317773921586,5.960852404844891,1.252490270686001,3.221847694239342,4.285385275922684,3.792423869559195,3.815106917231100,5.801011549349786,5.621783278812628,0.203408921987652,3.386708413570522,4.424935871319239,0.892891030871661,5.528828563707944,4.331622509336116,2.298841552760359,2.029755159247629,3.497849551066256,4.083033093140209,7.157546537344217,2.635741605439729,2.729335907676160,6.426290877693097,2.707600217836800,3.140287888321081,0.434524118021132,2.280592121645091,4.535477806618732,3.805381989381482,
-0.117217720230693,1.373142993738421,0.201280605204241,-0.162436415777446,4.207466857487377,4.528073068640730,4.681898588732352,2.584794072538843,0.566096640122673,2.766678154063718,4.501115371116532,3.926328385779230,4.310629020692104,4.650555493828570,5.960521931254728,1.252473075109056,3.223715896341923,4.286941854106793,3.793619129740347,3.814715901491510,5.796386948383231,5.617231081322367,0.200034669650828,3.388390487819539,4.423577449579271,0.890764559110456,5.534370110825793,4.330646863638372,2.298452485274390,2.033074319404931,3.494128269360619,4.077772222283952,7.156259996423795,2.632480633197825,2.724544229491066,6.428985406973251,2.703492740453043,3.146170221747687,0.439957978425736,2.286624114310159,4.533250934838395,3.805381989381586,
-0.116780507054525,1.378980868122389,0.199392814623333,-0.160950920554104,4.205161363430061,4.524883405815485,4.683126803341884,2.586035543211870,0.566032660097586,2.767246938529968,4.506301863419521,3.922271925891962,4.311834503904387,4.650379246059637,5.961325627334133,1.252632334665760,3.224168955595290,4.289859486240316,3.793769208510061,3.811904451091471,5.791118658348803,5.610878218095271,0.195038512179393,3.389527368796606,4.420316962273275,0.890228578200372,5.539295969611912,4.331400826867839,2.297474655745959,2.036101205015687,3.488379996215010,4.073641043340907,7.153537858310107,2.630398031123070,2.721347034440655,6.432110462461161,2.699137539868106,3.149108117581589,0.444134093625529,2.291080471943963,4.530775281214030,3.805381989381672,
-0.116528142451192,1.384271777387650,0.197618286206224,-0.160036774374073,4.203424736583147,4.522001672016003,4.685344003704875,2.587347349686687,0.565756416788684,2.768626442465839,4.511625960407474,3.917913253660901,4.313251111939835,4.649124410756619,5.961389971876177,1.253244353370336,3.225686109351621,4.292227462531318,3.794449596257190,3.810178675819060,5.785708592338752,5.602676440075273,0.188310994391723,3.390941000758332,4.417079518818798,0.887808462754221,5.544478447892596,4.333134172149301,2.296031068824221,2.038980779283466,3.483508266724045,4.068393611859992,7.149291610548105,2.627891150897156,2.716667912991937,6.434955530176468,2.695048914271155,3.154700823853686,0.448799914177174,2.295996063871571,4.528931783025776,3.805381989381775,
-0.118400326380611,1.391373494794975,0.194685829694992,-0.161186719183038,4.200187658926248,4.518234929349632,4.687519713397710,2.588752602577245,0.564595073343989,2.770324754477009,4.517035608945390,3.913211977510814,4.315197642585268,4.647899092144113,5.961424842358214,1.255115035848783,3.227209253195076,4.294722785063948,3.795302178029435,3.807290094665343,5.779702062185065,5.592799344542296,0.180428710937581,3.392309911157268,4.412041438280002,0.884717843652409,5.550084973391314,4.333448852340910,2.295077676019195,2.041716083466433,3.478256589287883,4.062153858637576,7.143452069862823,2.624732709303634,2.711558406072860,6.437899289931938,2.690715319108470,3.162122840820396,0.453939855543373,2.301144958449962,4.526914638240050,3.805381989381883,
-0.120843259175237,1.398590238166793,0.191817821484644,-0.163580852624275,4.196121751350787,4.513845769125207,4.689363933685277,2.590165927224887,0.562695127169372,2.772107660926307,4.522274513039773,3.908494715309230,4.316976766187791,4.646977404812118,5.961254428140949,1.257491128008904,3.228427180944710,4.297067535332594,3.796407637636996,3.805276078922581,5.773483002940515,5.583022228129914,0.172891218420600,3.393511597388472,4.406943623767639,0.879752340546704,5.555483345224981,4.333322720041128,2.294499670719346,2.047252218298276,3.472570985589690,4.055441434701658,7.137510256166736,2.621468198891548,2.705343305372459,6.441819888317930,2.684048982590498,3.169579491340668,0.459110886915393,2.306341148584953,4.524057103245098,3.805381989381939,
-0.130469706432121,1.406948063225248,0.179793816193773,-0.171616627518297,4.192116574652583,4.508519188913423,4.691672474266150,2.591379901362681,0.561770688144486,2.770653484172677,4.527200599199395,3.904728404043023,4.317156332113004,4.645454026895588,5.963323584677362,1.258042907989504,3.230176506815702,4.301336717898277,3.795571875705925,3.797551885952139,5.771662370323909,5.575251761255909,0.168508334532867,3.394582129027502,4.402025754372998,0.875388106667297,5.559637155688518,4.334911575062405,2.293671502791937,2.055886384359584,3.467421863078069,4.049587192710898,7.132143780820178,2.620110311463254,2.699997257548051,6.446380545010561,2.674614975253321,3.178616687175801,0.462264686167156,2.309776194779807,4.521187365730254,3.805381989382000,
-0.139726652461936,1.416384549564687,0.171206391641918,-0.180821802127443,4.188398495576152,4.502906051959401,4.694466996324777,2.593514059203871,0.561825603654729,2.768527130305135,4.531818292450638,3.901313070046316,4.317710451432275,4.643623905747413,5.966307567969294,1.258326308355866,3.232202736400628,4.306523642263347,3.793864893124396,3.789031494340867,5.768883208138198,5.569318379783209,0.164195515820142,3.394909406389109,4.396644712926836,0.872323911387824,5.562891687441637,4.336732555792711,2.292295523768334,2.063529373448698,3.462177790571633,4.045768045170527,7.128335852612688,2.620414214683221,2.696106879472416,6.450899249051798,2.666181785663808,3.189351889592054,0.463881707435463,2.311214513780002,4.518396743777691,3.805381989382061,
-0.148322371309781,1.425499979746376,0.164272704570843,-0.189904775867735,4.185959443330475,4.498720850526270,4.695787927827624,2.593598367127669,0.560389596286906,2.768546332889326,4.534826965308349,3.898200689177820,4.318817599376715,4.642639871991969,5.967538776951197,1.260437076521257,3.233360130753697,4.310128062859306,3.793680421731822,3.784323345288550,5.765208330134533,5.566917599942567,0.159506377322614,3.395498856829910,4.391529928977823,0.868501185638889,5.566573339080882,4.337661892168785,2.291419223437912,2.072179963493375,3.456878592954758,4.042526424593950,7.128167810175674,2.619722151227888,2.691091676080310,6.456000491233418,2.657040057585587,3.198067856800149,0.466273651033843,2.313348487492387,4.514577730067844,3.805381989382096,
-0.160799130620957,1.437245538483020,0.152967011252865,-0.203560119606259,4.182706463350360,4.493117579107649,4.697349101882166,2.593886272972819,0.559863891970983,2.764644507051699,4.537673101296163,3.896192624863478,4.317855583799794,4.641345504009935,5.971423333454776,1.260832148878047,3.234766335696760,4.315961837077049,3.791035376749306,3.774417010928623,5.763166717604891,5.567279811222558,0.156807303386238,3.395908578910632,4.387839297097259,0.867166154646600,5.569006082502068,4.338084330211791,2.290578862784148,2.079247365139228,3.450803038494048,4.041902844491427,7.130597225942195,2.620539403140847,2.688433671300853,6.460877670992247,2.649174450538137,3.207378232275421,0.467109962417674,2.314435241451136,4.510733273798857,3.805381989382196,
-0.176088672642775,1.450424075418303,0.138473945620532,-0.220252083820940,4.180234724897729,4.486602419057300,4.698431196122448,2.593677251841922,0.561873666740616,2.756918564097013,4.540232420443284,3.895309474981614,4.315615174466634,4.640465770851625,5.978377366431269,1.259296111675494,3.235699344773979,4.324396099363984,3.785556406472875,3.761036184748108,5.764575232053534,5.569019292674244,0.158046707030740,3.394622627180787,4.381366848451295,0.869280756860771,5.569467997203545,4.342506866506287,2.288600192914313,2.086085780088095,3.444758786755785,4.045538225514258,7.132446491051577,2.624593915263445,2.689386761721635,6.465093884584038,2.641584905971100,3.214308862115111,0.464198978973266,2.311508855598944,4.507913559712344,3.805381989382294,
-0.191323897393864,1.462589644208801,0.124869633177888,-0.238215471372642,4.179013417356643,4.480791509396227,4.698499882724957,2.592569955995039,0.563522308988359,2.750117071817431,4.542006247161877,3.894841527915937,4.313008382000884,4.640513131429850,5.984239909949934,1.258378451575918,3.235614108445656,4.331663339845438,3.780887958334116,3.748646934261843,5.766985183572565,5.573433595115827,0.161090290573840,3.394854734880504,4.377297387575210,0.875859371602528,5.569724157127671,4.347621963494617,2.286720224846714,2.095181970561028,3.436884136609062,4.051131056935217,7.137169163466952,2.629532506272670,2.693918335458938,6.470699383145710,2.632235655512027,3.217093954542074,0.460191418349235,2.307607152280829,4.503275787613423,3.805381989382430,
-0.204378597215579,1.473248849816922,0.112597957644571,-0.253909519351158,4.177688062490641,4.475505929557671,4.699195405296395,2.591743920340080,0.564565072897359,2.745415392711442,4.544210444053594,3.893663293712209,4.311256633317308,4.639930520020888,5.988539168237672,1.258238259187172,3.236203451450951,4.337542541605102,3.777567491435830,3.738306831287663,5.768132541471807,5.575120359308089,0.161774233115552,3.395105340470525,4.374177002407856,0.880625352167791,5.570514063723717,4.352546414978383,2.284938376270707,2.104033479101913,3.428942529698078,4.054444317333417,7.139825082915835,2.633452497698043,2.696956715726831,6.476347613760457,2.623069044081595,3.220294718709115,0.457435088773240,2.305037384993352,4.498565817179963,3.805381989382567,
-0.218490644711904,1.481803241770868,0.102453930884907,-0.269728158759643,4.175092787639267,4.469598163487964,4.700571178935511,2.592156010560700,0.564863549340107,2.741047128618450,4.546901541842677,3.892212352584288,4.309478276818985,4.639194446595049,5.992541238841834,1.257333043165295,3.236968579979205,4.343218148455844,3.774650760845086,3.727558215622165,5.767866898470778,5.576894744971054,0.162659973822878,3.396114323598963,4.372201749210779,0.884856863174132,5.572265058304370,4.355409943467263,2.283813974579116,2.113413721319529,3.421520314987731,4.056671979709976,7.142618414168579,2.636328175254492,2.698798450677636,6.482248396630075,2.613532831375233,3.223509547944463,0.455931595269900,2.303802466462833,4.493444424925516,3.805381989382704,
-0.231505331980025,1.489094074225288,0.093024745613774,-0.284053964209816,4.171600119774657,4.463671962918307,4.701172202393594,2.592016126556548,0.564503370975480,2.737835084778746,4.549319390686247,3.890630504526146,4.307828372100803,4.639210818532139,5.995532038302479,1.257642250704361,3.236996558099310,4.348052662687328,3.772667978637829,3.717617823574348,5.765839648372283,5.578848361796039,0.161861431631877,3.397470597550365,4.370995344016300,0.887707943708923,5.574812696326900,4.356694563480304,2.282950472365490,2.120087924029445,3.414440035740852,4.058272694124075,7.146026384147817,2.637832165722317,2.699399491667824,6.487266858102405,2.606521879697083,3.227158783226481,0.455853830882278,2.304240839418080,4.488869256234826,3.805381989382842,
-0.241309948805475,1.495839878213338,0.083588881684362,-0.294024844493592,4.170410246384503,4.459689701309919,4.701201913095082,2.591311425453376,0.564597551399743,2.737026535543511,4.551388000864861,3.888842216979246,4.307422168563902,4.639765696284692,5.996677383988680,1.258682778090965,3.236470349390686,4.351085539230767,3.772363427021044,3.709670398967014,5.765101481354002,5.581636126778745,0.161174446768648,3.398815940924095,4.368793189232125,0.891377944726609,5.577102132866927,4.361653206772544,2.281055020279854,2.124721381115336,3.407953586895675,4.061064405098358,7.150247323372226,2.640411792475490,2.700627045300257,6.490912539743162,2.601322452983586,3.228041339125642,0.454698734673925,2.303509572206092,4.485915878519704,3.805381989382938,
-0.250402180492932,1.504871384174904,0.073579923365231,-0.303554136752547,4.169653204569697,4.455856184511952,4.700003414136276,2.589881822767839,0.565748880909500,2.734546358593777,4.552890196424165,3.887609825477252,4.307777876335516,4.641561987191196,5.999329210116353,1.259878708043679,3.234787629155203,4.355476075681374,3.770793034356239,3.701419578299504,5.765412705141878,5.583359089805528,0.159771265919861,3.397999099923431,4.365086245353713,0.893512730267828,5.578893850967921,4.368761930375356,2.278392515576000,2.126369743068803,3.402770756067880,4.060844202234346,7.153675551069623,2.643337586332101,2.701061589202974,6.492715098029321,2.598959484870216,3.226083984875136,0.453112031000024,2.302040270347962,4.485024906637480,3.805381989382978,
-0.257516203407283,1.513482615423455,0.063968532013242,-0.309630112920084,4.170571989305571,4.453605852005136,4.697834587998296,2.587446805843989,0.567769808273903,2.733555261138618,4.553634100023570,3.886300755004655,4.309625475890583,4.644050408094614,6.001033990560334,1.262229391020368,3.232449779473156,4.358991985384687,3.770100153106562,3.694391170035562,5.767144546653181,5.583454666436761,0.158871908655897,3.397109610803709,4.360271881555573,0.896021985895629,5.581175192913998,4.377897248322552,2.274488799058355,2.122244247729304,3.399101007906388,4.058265581570777,7.155411340925823,2.646772442502416,2.701306493261908,6.491531809592667,2.601832302297426,3.224283042388799,0.451049360520692,2.299843742618069,4.487400759176334,3.805381989383005,
-0.263314470088034,1.521021455746774,0.054738314531999,-0.315068511682484,4.171935702526857,4.451476557551189,4.696658431840610,2.586578071575125,0.569605286834633,2.732624823688087,4.554879614464726,3.884884835660920,4.311244439196015,4.645841139514540,6.002632953679877,1.263694284311194,3.230768918469795,4.362461588083921,3.769461060517178,3.688836487117018,5.768052532517348,5.582064505733630,0.158973050271355,3.395824177673142,4.355467276850060,0.896771399885634,5.583797800304562,4.386882157069135,2.270681400522506,2.118433900490891,3.395338174268158,4.054345590420695,7.155734678964556,2.649593819704160,2.699679776894756,6.490021577639630,2.604557511404773,3.223198672682834,0.449775002306540,2.298446397053166,4.490196843712456,3.805381989382916,
-0.268643485092757,1.526431479907516,0.046685212117918,-0.319275035941395,4.172572690009834,4.448909021270154,4.694224143019814,2.585170891013620,0.570575548636499,2.733242807305398,4.555999262564661,3.883309807078215,4.312846567742158,4.648927445243300,6.003273087237881,1.266002801122132,3.227877652067282,4.365186895008869,3.769622648008312,3.685957878008842,5.767552388525553,5.581089135836179,0.158319046174483,3.394463480226235,4.352154483937985,0.896632190796321,5.586467788619683,4.394080584177988,2.267759938639159,2.117025430441934,3.390583870005353,4.049956191511281,7.156829340873348,2.651547758777127,2.697539008730219,6.489955431360571,2.604982141066471,3.220887136383864,0.449479715968591,2.298116719064598,4.491331362583128,3.805381989382850,
-0.272121019518006,1.533065280983631,0.039063621546701,-0.324338476453771,4.175091351690842,4.447178968176059,4.692796823605155,2.584558578743352,0.571569753562390,2.733296853059693,4.557200633295889,3.882072969117087,4.313543900923719,4.650909334010289,6.003894698920778,1.267452254377218,3.226057324252580,4.367647520358956,3.769530840977316,3.683955207659396,5.767286985215157,5.579486875788060,0.158834275121777,3.392747305951453,4.347860832529934,0.896973688285468,5.589028293980090,4.403371864702645,2.264163117558806,2.114075202161089,3.386445886413750,4.047985825933957,7.157197323637735,2.653594542482310,2.695754928466401,6.489021702568398,2.606831348651329,3.217580894686716,0.449020764010713,2.297593589252250,4.493251268921704,3.805381989382787,
-0.275799448129642,1.538161199703015,0.032462366748112,-0.329291526422907,4.177029359672890,4.445321007097061,4.691364845203053,2.583825353045842,0.571484903185207,2.734625657115666,4.557975569765436,3.880831958151856,4.313946375871634,4.652713959996311,6.003479330763983,1.269301162081585,3.224396102409337,4.369087302798285,3.770336574111761,3.682873365546879,5.764887532669017,5.577124817939193,0.159402588733672,3.392296252100593,4.345839238124865,0.895737883905350,5.592886040893737,4.410479785920665,2.261053803758821,2.109665082562327,3.382406945788298,4.044026679530734,7.156784278470691,2.653348769170593,2.691900255660630,6.487371007792513,2.610303550937256,3.215438619900326,0.451145165986200,2.299819860100216,4.495648705697487,3.805381989382682,
-0.279181486674818,1.543347169510296,0.026305505654548,-0.333815334886506,4.178739281264438,4.443631927292756,4.689553826848035,2.582542537580440,0.571079600078146,2.735833703776799,4.558024957729109,3.879975989967404,4.313893331158333,4.654774136258662,6.003075538117070,1.271592934898736,3.222461583563273,4.370363300782664,3.771101761104646,3.681475820347829,5.760969648897503,5.574842905539246,0.160004134471749,3.391854684928882,4.344317398586997,0.894682165917872,5.597519802688403,4.415997720014442,2.258336177503456,2.103941106265005,3.378982183278128,4.041268196883661,7.156299305676483,2.652251846550910,2.687616973039232,6.485239452302480,2.614986973105196,3.214254003468187,0.454100110198704,2.303016287872025,4.498335335583133,3.805381989382589,
-0.279229138405188,1.550930660191040,0.019337289698946,-0.336372851930763,4.181252902227877,4.442385768458721,4.687353329214905,2.581024460652023,0.571748987629906,2.736603371878665,4.558184895375446,3.879125098028785,4.314374395734262,4.657269250552544,6.002631102861185,1.273575176565970,3.220125483984463,4.371509968253308,3.771866512523068,3.680095357674318,5.757555223851460,5.572379237717752,0.161459599981937,3.392143986804304,4.343057162042713,0.897722295452144,5.602978556883477,4.424252190427400,2.254866956869245,2.098429281692019,3.375272274430574,4.038949358425307,7.155782203594328,2.652036834106258,2.686792881103419,6.483344940003313,2.619476965074030,3.208841292513012,0.455995827518054,2.304794016213997,4.500702613806532,3.805381989382511,
-0.280068612084150,1.557616890278137,0.012325468823808,-0.339074231302311,4.182406336948683,4.440710462781193,4.685238939217368,2.579641181155967,0.571389163257290,2.738470089282708,4.558305473540658,3.878064759476310,4.314943284303193,4.659684848504225,6.001505076754357,1.276500627743543,3.217881577005204,4.372110770669438,3.773349747091892,3.679503758585257,5.752588280334368,5.569053792748093,0.160709336023999,3.392040489246459,4.342132672581520,0.898112062414868,5.608957966416195,4.430375294626888,2.252105157718290,2.093098518781181,3.371705194379480,4.035449207229178,7.154849814294693,2.650339191635076,2.683991901693794,6.481640341043859,2.623676358675968,3.204442307233591,0.459402541770940,2.308232080933941,4.502728564339436,3.805381989382436,
-0.280612614905389,1.564490982889020,0.005449709718936,-0.341170076101250,4.183113222732707,4.439138075808297,4.683044224524957,2.578146660351064,0.571199142767156,2.740497063915706,4.557949123513261,3.877130888074866,4.315913757565062,4.662204915286916,6.000331228215607,1.279746609434483,3.215524264655689,4.372634097314144,3.774969247245469,3.678832030731225,5.747568121346888,5.566423892495223,0.158801038133230,3.392174907331826,4.341276352032313,0.898740028402098,5.614735246986069,4.435282856424402,2.249497640265841,2.086640051078456,3.368943622133427,4.032485847477733,7.153938268131512,2.649037884782818,2.681388986270021,6.479547663219314,2.628916109075004,3.201005890368882,0.462528149623269,2.311571136467827,4.504972182390530,3.805381989382311,
-0.283250418602863,1.569249693475796,-0.001733604946047,-0.343772689672590,4.181959991793598,4.436487619029051,4.680943217565699,2.576821657554324,0.568815672161400,2.745671439593696,4.558205528226388,3.875274654823768,4.316977705050840,4.664651393398403,5.996896546729980,1.284298523034090,3.213270954553218,4.371277652496827,3.778766254741539,3.681189192963373,5.740190010591354,5.563476384655747,0.154443061488949,3.393988539403738,4.341985368554282,0.896383769912847,5.621751375504568,4.437605055489213,2.247938057969642,2.081274774355479,3.365886796089480,4.027355696409546,7.153276326462640,2.644850213228372,2.676253475676160,6.478177609964953,2.633047287253273,3.198526530328475,0.468615435422594,2.317915716290533,4.506202563916820,3.805381989382185,
-0.286095076052787,1.573452436741005,-0.006665857520633,-0.347404288703484,4.180403940831344,4.433790227642155,4.679860916026809,2.576233185194299,0.565404947712620,2.751299250326737,4.558555659071734,3.873470598502393,4.317460762221716,4.666191893984423,5.993161414354510,1.288345640660546,3.211871234810191,4.369695440266700,3.782718437644082,3.683830363323761,5.731185434083817,5.560818999655571,0.150708502521157,3.395823118926979,4.343187719658245,0.893263243196469,5.629172909582170,4.438048997023449,2.247220918090053,2.077971796804250,3.363173825508898,4.023794634494869,7.153134272645826,2.639938270171561,2.670031569197610,6.477841646281404,2.635419013834836,3.196318928134102,0.475430928218072,2.325162786802358,4.506422330243556,3.805381989382051,
-0.288284679902429,1.577294356178093,-0.012044249374972,-0.350901633522480,4.177879996889972,4.430707809882027,4.679011926088398,2.575963410912504,0.561485036703430,2.757122508583303,4.558116625375119,3.871950165070885,4.317845613409564,4.667719354028653,5.989243902651550,1.292929307471030,3.210498336006177,4.367941787676838,3.786875215465280,3.687181264557447,5.721086269397571,5.558471692771395,0.147688269885721,3.397410907451089,4.345568852750996,0.889747570266888,5.636910062675584,4.437182855443505,2.246995949901392,2.075466562974063,3.360668575060506,4.020797783297080,7.153447667591537,2.634351378137193,2.663108084252926,6.477868181874854,2.637067438207645,3.195273930223915,0.483045446789993,2.333380919029202,4.506165275388368,3.805381989381941,
-0.289880439552805,1.579812630537057,-0.016833500303173,-0.353967811066772,4.175208265268269,4.427838493119876,4.680076045327940,2.577666088295313,0.557241398766569,2.763911781613323,4.559051492864706,3.869900760451166,4.318766241925111,4.668097832754849,5.984662944698159,1.295936934207691,3.210274985037862,4.365662110225440,3.791792289685437,3.691516314269000,5.710532465882748,5.555470787132744,0.145597461149774,3.399076854094762,4.347975245586126,0.887281965607265,5.645618546165253,4.436012180014865,2.246796147225233,2.072598702380691,3.358182709947525,4.016349682577052,7.153000605095269,2.628231733832202,2.656408244477523,6.477854531407913,2.639058155185373,3.194862627985037,0.491295851272565,2.342193814701754,4.505907552870274,3.805381989381808,
-0.291079619154880,1.579732679133137,-0.021241369268982,-0.357551301770526,4.172001129746385,4.424985008644800,4.682228424555196,2.579833118578683,0.552930050909137,2.770512193007033,4.560989067707775,3.867375955967207,4.319632526040182,4.667218743770160,5.980165549807503,1.298410012807640,3.211280446314846,4.363488731047378,3.796614449384148,3.696759699965881,5.700213873012533,5.551158492895470,0.142161008832111,3.400712653596893,4.351223826632794,0.884999339098768,5.653692029078822,4.434519879070235,2.246564259102255,2.069234624815120,3.356178291825111,4.012177395098317,7.151830196505590,2.622360430566900,2.650282273494143,6.477578344447052,2.641521990183890,3.196731559499286,0.499332116571973,2.350980398821996,4.505970440475616,3.805381989381664,
-0.290310294233606,1.575196737523979,-0.023748577446780,-0.355757429727913,4.169570278936268,4.423769093291438,4.684476975171290,2.582098535154687,0.552028422955597,2.775525881569824,4.563607746462984,3.864766714003995,4.320618357356278,4.666172359134143,5.976319036187011,1.299714238630336,3.212427059589952,4.361774012407544,3.801076617010811,3.699770586302810,5.695936246412352,5.548391212414436,0.139976515548614,3.401405634352379,4.355774260841200,0.886354333883853,5.659411492113252,4.435743794697871,2.245164022654765,2.064228104438902,3.355395817491709,4.010256320738466,7.152942870060034,2.620138916892923,2.647840255918486,6.476000622010293,2.645829147505004,3.198987146573354,0.503599957192168,2.357231691384211,4.507500938590223,3.805381989381805,
-0.288843061946829,1.566597233880870,-0.024849211598101,-0.355279940443315,4.169224731428205,4.424044209798690,4.685740292620105,2.582727869643914,0.551410611186560,2.780781798706489,4.564824699983988,3.862739338729919,4.320819852611113,4.665193632118258,5.971772927591278,1.302226588974416,3.213364070072223,4.359190454233350,3.805824722117275,3.704784765053558,5.693749679884279,5.547286144866609,0.136490658041919,3.402277076999410,4.360289888777520,0.887161737693131,5.662729801188656,4.438647040741221,2.243006563558771,2.058921613641769,3.354335901744279,4.012348153445443,7.154728956162972,2.619797030036238,2.646251445776396,6.474555571516012,2.650394079368302,3.202366189913603,0.505812463135358,2.361363763133621,4.508765454563061,3.805381989381944,
-0.287827998837980,1.557912065389780,-0.025631060807758,-0.354577096279222,4.169215463408640,4.424596883522385,4.688226257743440,2.583986229761837,0.551420699154126,2.785649240425777,4.566832725310474,3.860394058509974,4.321318715472821,4.662976223531975,5.967478969373247,1.304121266305345,3.215503946698042,4.356907070259892,3.810263287910523,3.710073599185600,5.692071891753434,5.544774121565469,0.132607311116057,3.403075487244662,4.364911004689506,0.886099497773258,5.664775393579328,4.442686220470311,2.240478596802168,2.055957196925771,3.353897864137223,4.015447514717700,7.155144211589737,2.620538696246421,2.643895345352625,6.473720959251795,2.653268964375151,3.209292934237495,0.506879835288287,2.364107710514196,4.510056038337777,3.805381989382022,
-0.286697956538281,1.551447744927288,-0.026360705900580,-0.353403482238005,4.170355689030414,4.426088020716293,4.690771077208074,2.584869636630644,0.552504894667967,2.789820610423351,4.569247526162294,3.858045096810184,4.321737406399746,4.660628880812694,5.963617465982124,1.305306541761559,3.217752458556820,4.354853632567798,3.814196992929454,3.713531615091365,5.690783279777508,5.544867708950881,0.129475120764215,3.404039822154860,4.368177622504668,0.886607445798599,5.666123952826158,4.447616531680358,2.237480286830187,2.052360401859747,3.353222394270815,4.020100693057335,7.158905565630938,2.622371141203573,2.643054285807642,6.472728601812157,2.656834877626927,3.214305365501755,0.506734867016477,2.365530797267343,4.511413957963075,3.805381989382088,
-0.287312887814345,1.545318809089551,-0.025677203449326,-0.353113219066768,4.173932604688924,4.428810266757115,4.692557245219922,2.584836287712497,0.555015722703921,2.793000133233828,4.571201348382889,3.856226463991177,4.321897231623264,4.658771309150788,5.960368173554845,1.306225881286791,3.219439452769477,4.353385429049847,3.817380490978814,3.714633266046364,5.690268893145841,5.546878266348322,0.125156131689564,3.404408129119953,4.369745771940869,0.888191627855265,5.666894369942304,4.454706369694928,2.233505809484066,2.045910312217353,3.352997524696828,4.025722536937782,7.164161004307336,2.625160841841371,2.643309630674898,6.470182880836410,2.662894109081636,3.216179623997315,0.505505161959026,2.365626388259907,4.514321579148875,3.805381989382112,
-0.287043652357454,1.532761720323807,-0.023195767241513,-0.347732497222859,4.176241204732007,4.431682779678963,4.695829400722002,2.586526949599612,0.559399902145548,2.794434369322390,4.575414915419862,3.853944104036555,4.321955935541093,4.655841025941051,5.958587287890396,1.304179485502740,3.222236115604976,4.353326192663973,3.819539075540136,3.714636975775035,5.691754260125135,5.547951949548741,0.121108948995937,3.404073850943344,4.370932707598530,0.892492192477117,5.666759918446227,4.461456486329153,2.229562519751576,2.038913501713022,3.352909592496163,4.031366445391838,7.168306720650974,2.629351523451010,2.646317530773131,6.467232248440574,2.669387604609239,3.218442621994534,0.502802159938812,2.364352721948602,4.517734926815582,3.805381989382086,
-0.288999221428466,1.519931755055689,-0.021896600775500,-0.345178895260205,4.178981311361272,4.434746410874117,4.700626480505420,2.588357651343742,0.563295403904323,2.795510368107744,4.580787248677094,3.851243293650540,4.320928861567964,4.651197362891542,5.956777343922227,1.300682195620341,3.226694742758076,4.353232896987680,3.821464394870156,3.714034181853942,5.693119557120698,5.551978383440033,0.120926648239260,3.403773981598044,4.372128277358912,0.897865972894783,5.666416802058206,4.467263527019758,2.226346646401891,2.035478995000299,3.351982536202166,4.039487321465173,7.172724995675721,2.633440482495033,2.650116973726611,6.466318645510994,2.672779134710474,3.220798085200172,0.500085279288078,2.363136982201522,4.518833659757976,3.805381989381948,
-0.289869127219176,1.506677314111212,-0.020876758628308,-0.341840696592500,4.181321206618836,4.437713147194321,4.705223221435038,2.590701254335556,0.567975228998001,2.796150049132710,4.586187870900555,3.848580749874001,4.320586830763284,4.647089139519376,5.955567487712589,1.297000016108759,3.230668182777183,4.353797791058364,3.822988823542130,3.712818686775658,5.694785744743811,5.557639686683725,0.120047742302310,3.403277104233899,4.371810206710969,0.902490822971238,5.665456830492438,4.473335820810285,2.222834819018747,2.030593866924785,3.350786258820433,4.048343753255210,7.178813632718983,2.638278515146712,2.653707695090180,6.464693331290843,2.677471735898779,3.222256474702504,0.496376755564560,2.360625306655590,4.520583835934739,3.805381989381885,
-0.289787423622433,1.494449870432661,-0.019631121856960,-0.339277244411638,4.182686607063943,4.440039154951193,4.710039064127560,2.592964750081802,0.572007564174367,2.796578763393212,4.591919092458044,3.845673653941742,4.320192525167409,4.642696225004420,5.954489653669063,1.293388244957257,3.234935983337809,4.354553994859489,3.824332975210610,3.712271529425924,5.696772229760870,5.559457656469315,0.115336635657169,3.402930504452931,4.370389861286764,0.908297464361084,5.664521946595240,4.478155414086049,2.219833519157663,2.027469374473635,3.347841281572308,4.056886001715427,7.182799060685074,2.643332106706080,2.658137069533863,6.464574190601635,2.680373842609384,3.223907448908863,0.492398794241987,2.357842440009072,4.520646622624479,3.805381989381952,
-0.292815336483276,1.482275643915208,-0.016571082995908,-0.338895853024788,4.182975657723966,4.440970071631544,4.714878375828795,2.595770483327727,0.576122474246885,2.795319879038628,4.598474832048344,3.842880853925331,4.318927236211389,4.638501153299296,5.955013462161007,1.288153003551517,3.239018016650332,4.356735513057469,3.824262816458861,3.709331378264626,5.698710455125958,5.564377132785181,0.110452402929922,3.403010821426997,4.368707346960993,0.916082073124991,5.663422136121779,4.482122454053910,2.217380807329047,2.025716145574108,3.345214830509657,4.066583608415367,7.189844393712753,2.648597890102063,2.664394390251597,6.465341608387925,2.682011389609655,3.223084332163023,0.487952562081733,2.354370900054355,4.519718326456703,3.805381989382022,
-0.295923201011345,1.471165953052508,-0.014090562133098,-0.338444114229402,4.181948718170722,4.441521609492954,4.719042241849227,2.598754594718740,0.578434175416653,2.795743529534124,4.605889754466748,3.839075196738554,4.318914256260793,4.635052176898268,5.954371094881619,1.283537035204059,3.242428910296658,4.358044173525189,3.825464432110370,3.708185301806524,5.697926475759570,5.567813951246078,0.103969485630853,3.403428503414432,4.369488837081350,0.921596642138330,5.663732751828330,4.484409964934485,2.215751517725338,2.024638352503739,3.342637778932567,4.072645831910517,7.195727667822829,2.651014560294932,2.668509281796307,6.466453042698173,2.682970862411093,3.221818138033753,0.486570772373806,2.353992949243541,4.518341970398996,3.805381989382135,
-0.299668396077055,1.461049568867439,-0.013443113909288,-0.338865848062668,4.180256622106285,4.442002881903743,4.722640585413721,2.601534584391194,0.580061257682341,2.796438236627442,4.612820600043258,3.835143615025983,4.320113119468051,4.632178159765783,5.953794642605789,1.280476953787683,3.245348308590826,4.359807184647822,3.826862831056111,3.707333842907120,5.696611379452355,5.570432917603181,0.097858720033157,3.403217201466456,4.369352801356583,0.924697412545710,5.664412061236190,4.486369497520971,2.214163485787937,2.022125087734114,3.340962709054467,4.075896386860645,7.200439931144070,2.652471509947536,2.670852926290740,6.466587505956785,2.685276587926440,3.220875733723910,0.486163381984034,2.354427278545458,4.517906852634693,3.805381989382281,
-0.303777297735526,1.451593764717296,-0.011797420525932,-0.340221162360720,4.178161883248096,4.442150744362378,4.725560885416475,2.604011430406977,0.580144937303198,2.797876981388316,4.617825472301567,3.831756154005880,4.321756837382036,4.630243293985537,5.952518607993514,1.279384737937890,3.247370341469885,4.360910051528430,3.829035157295128,3.708183880965781,5.693601567045922,5.571769604107337,0.093561825438543,3.403301016951835,4.370063197598728,0.925279556955695,5.665670701770983,4.487019323524843,2.213204415017711,2.020338157125052,3.339444538082730,4.077093567996061,7.204240026045669,2.652370112974149,2.670626809653599,6.467246766306893,2.686893474748604,3.220860115481331,0.487534798782526,2.356669638293167,4.516776905703880,3.805381989382361,
-0.308695113337282,1.442879628906101,-0.011084614270639,-0.341977436416766,4.175342402577996,4.441704386551122,4.727816118719052,2.605557559520174,0.579425135376900,2.799540245080137,4.622140241591209,3.828441219650572,4.323491718816285,4.628905224488824,5.951165659679740,1.279383924008471,3.248836674340658,4.362016829106630,3.831374890773448,3.709134175597791,5.689348618768176,5.572634247219676,0.089156877312156,3.403572775087021,4.371263579921682,0.924701878220311,5.667141159053926,4.486691881616102,2.212722520831381,2.019244185715362,3.336869205219622,4.077385477165083,7.207421836241443,2.651514611027531,2.669499579157053,6.468571631567642,2.687656399794841,3.220330840440436,0.489811484910676,2.359800780273361,4.514888361475077,3.805381989382427,
-0.313653152052390,1.435301923134918,-0.010680173110959,-0.343951475609595,4.171249349209018,4.440670111919826,4.729378998618522,2.607199830351996,0.577792453957048,2.801801515775396,4.626180752542488,3.824894284202514,4.326030962223851,4.628328155948354,5.949575048149871,1.280614181381615,3.249659735276662,4.363194746482509,3.834124721034510,3.710443742013732,5.683835572568086,5.572412155874506,0.083655567953424,3.403655485005983,4.372236350819838,0.922254780592420,5.669170950546835,4.485305394062593,2.212656812571718,2.018163065031812,3.334021713145128,4.075841402066956,7.209729035762824,2.649556217110286,2.666894354880617,6.470063760469375,2.688257137384396,3.220121617639567,0.493283107758848,2.364050541854728,4.512777351238518,3.805381989382486,
-0.319168364437710,1.427838054765830,-0.009872001688324,-0.346002815236668,4.167645889107405,4.439732347890507,4.729422085277878,2.606140032835780,0.576219472468573,2.804052416382069,4.628488098189155,3.821964055081246,4.328255504134052,4.628826118430139,5.947810384409991,1.283276453640573,3.249347047154914,4.364114856394752,3.836903633332054,3.711238332141446,5.677426354466236,5.571927937192058,0.078955097743992,3.403725700092247,4.373075395773180,0.919885269797229,5.671844309050725,4.483465839687070,2.212550025163849,2.016526980412124,3.331601372840652,4.074901022615069,7.211622873355177,2.647241856262441,2.663912945467900,6.471432576160046,2.689357761794821,3.221036317274474,0.497099772670455,2.368708206543210,4.510547933427567,3.805381989382506,
-0.324774604851640,1.421004846870018,-0.008951029032781,-0.349073949451665,4.163035545539352,4.438108455167685,4.729570281349469,2.605648621729423,0.573859730194703,2.806021495969558,4.629705463046448,3.819456412455785,4.330326345137667,4.629570742534058,5.946162378008520,1.286698009342931,3.248826216257776,4.365037450150944,3.839656925095297,3.712680282303942,5.669809829541737,5.571201144771546,0.075518874205323,3.403508291325160,4.374163081129842,0.917940058183544,5.675447791302571,4.480651326369987,2.212821885141234,2.015035911145451,3.329280266343627,4.074585073328731,7.213346962099516,2.644256302480395,2.660705912545723,6.473094790619698,2.690317760350143,3.223336156930780,0.501499271491350,2.374054984309268,4.507826870219707,3.805381989382559,
-0.331786001815240,1.413616201785017,-0.007781826673707,-0.354010948814719,4.157973928457191,4.435409911088517,4.729946572468397,2.605134111345989,0.572565643116991,2.805766613912724,4.631748929458166,3.817158120892772,4.331179368992489,4.630017620561649,5.946359422470490,1.288188417756565,3.248583053228550,4.367591183628979,3.840614927303905,3.711057245333767,5.663222310635508,5.570265037720414,0.073162058133907,3.401909367816337,4.374877416461071,0.917416432413679,5.678897291749912,4.478227352985293,2.212845908102869,2.012682137102312,3.327135715928908,4.074202406553218,7.214801255529325,2.641993084934903,2.658507794632026,6.474187814908394,2.692092298145748,3.224612001420980,0.505175733258031,2.378640602841136,4.505762310100823,3.805381989382695,
-0.337826764883668,1.405099089850929,-0.006786852047152,-0.358651394298697,4.152784507996095,4.432625738547423,4.729362747879965,2.604930557007648,0.571193203012209,2.805547391283053,4.633014600437281,3.815286552727903,4.332018271465552,4.631477648918054,5.946520361444963,1.290479240939601,3.247369462151485,4.370224318918778,3.841784097443238,3.710024341136752,5.656877254773577,5.568427095091982,0.069899742400226,3.401208696364574,4.376988833832031,0.915899699931571,5.681885920061698,4.475571368759543,2.212807952415574,2.009404470553573,3.324763708470412,4.073729283885061,7.215404590742390,2.639711814100045,2.655854324095102,6.475097011214984,2.694702284141545,3.228169658094790,0.508932340815440,2.383425974038532,4.503861575433488,3.805381989382831,
-0.344097995369611,1.397280658108363,-0.005985345701692,-0.364633922381647,4.147941063905581,4.429899416646935,4.728236987904642,2.604417573380545,0.569763671106222,2.805250374116107,4.633297213891254,3.813878812519436,4.332936727259673,4.633438094910235,5.946785925652712,1.293739915299822,3.245652196748642,4.372999387602773,3.842910215224440,3.708904729179491,5.651283960839567,5.566390995913593,0.066676061830740,3.400515125709867,4.378941636250619,0.914684679510059,5.684484646566930,4.473104837940654,2.212646663756007,2.006323542248355,3.322000057798651,4.073203807458780,7.215485387336406,2.638089620625826,2.653637896141597,6.476198963941999,2.697103574269850,3.232181854855827,0.512001011742552,2.387393307159145,4.501797392378103,3.805381989382929,
-0.347799435957113,1.385064499097930,-0.009110679801684,-0.366320428246927,4.143063265085853,4.427867678567023,4.727495950429118,2.604650818069773,0.568778644022039,2.806016536700974,4.633609513116577,3.812282023682000,4.334313014674891,4.635333190269167,5.945959132731957,1.296891168198743,3.244020502217047,4.374718939988896,3.845092319415572,3.710416631661721,5.646844861923904,5.563876111541809,0.063431918014617,3.400426480596542,4.382169499616282,0.912770455898263,5.685954307319943,4.471494037674712,2.212672295468639,2.007497188104972,3.319289611476944,4.073491523161361,7.214952012327251,2.636972117581517,2.651116855385169,6.478781625190264,2.695707887347286,3.236295068395193,0.514489681922282,2.391005795947588,4.498740625088541,3.805381989383063,
-0.352021170102626,1.372835767623782,-0.014180705379015,-0.368023921912915,4.138115099554112,4.425208512533936,4.725941883521925,2.604483176015378,0.569913233157466,2.804736055874343,4.634917563337075,3.810656152555039,4.335558247279816,4.638007987792631,5.947288847704335,1.298517424800610,3.241650545990850,4.378381634608030,3.845232711981465,3.708871808542775,5.645414104537878,5.561397960026121,0.061832629523030,3.399610056083649,4.380243496981188,0.910912856551841,5.686333391440672,4.472207647459901,2.211914247854612,2.009005359349256,3.316464570224947,4.071974702007204,7.213829529088939,2.638443058129501,2.649218109398570,6.480770850399533,2.693934989032005,3.236209582249133,0.514084380231022,2.391197909478370,4.496821759299892,3.805381989383106,
-0.358366439178959,1.363131987533784,-0.021522020179465,-0.374076707341617,4.132682017168936,4.421428417541875,4.724113442459993,2.603757421957634,0.569409380908092,2.803248565890128,4.635340546211354,3.809350572525533,4.336202331665606,4.640872832089299,5.948548533951898,1.301390957837798,3.239052155312464,4.382087965061437,3.845378588580385,3.706737371224686,5.644100815078898,5.558558092680323,0.059337721425587,3.400191766830165,4.380188450273039,0.908403126190966,5.686601446882826,4.472595287705730,2.211472667150328,2.012354827077524,3.312660516314065,4.067254024593948,7.212852116035433,2.639486636434804,2.646882239903924,6.483748663999022,2.690420318665346,3.236651305670939,0.514280777417259,2.392375291001557,4.493816477626083,3.805381989383172,
-0.367357797455642,1.356109234469486,-0.031230248295579,-0.383299110839868,4.127378431354158,4.417037567371746,4.722019705971259,2.602539843684406,0.569318737116229,2.800281154870005,4.636148723802635,3.808219413456276,4.336176945066359,4.643878602234121,5.951062583619242,1.303516387918937,3.236284126397529,4.387030026475440,3.844252037487393,3.700996823353533,5.643842238245370,5.555945067647466,0.057594796795085,3.400983191914151,4.380744815103021,0.908071237523100,5.686643264060772,4.473110454854414,2.210619746658828,2.012837029712570,3.308559208399395,4.062250270886976,7.211840066827528,2.641193743754251,2.646251280084819,6.485725726612666,2.689454238476382,3.238000381924724,0.513767344286021,2.392866384166193,4.491584827171030,3.805381989383186,
-0.372896989711190,1.348208757352550,-0.041510040152141,-0.389982104735644,4.122568419038342,4.413680917724847,4.720761779516432,2.602601856218488,0.568921423006226,2.798794314942009,4.637245888630417,3.806830162863079,4.337126597374643,4.646326195893669,5.952493415453325,1.305352281320714,3.234077396387858,4.391035568678996,3.844128977155764,3.697573687734051,5.642394543355242,5.551207399410897,0.056269261250513,3.401458601293745,4.380734303129096,0.907296156138339,5.687203519892630,4.473420974013472,2.209972988272052,2.015589498983454,3.304608427200504,4.058251924940238,7.208262902548918,2.642568963989187,2.644901977143665,6.488562991517986,2.686575957623439,3.240616324253887,0.513599034578873,2.393608296615834,4.488864527212824,3.805381989383230,
-0.379406638672160,1.340468799683055,-0.048292254874032,-0.396951404859128,4.118053424754328,4.410204938704775,4.719160114445337,2.601989720185783,0.569286002702596,2.796115863338352,4.638777457978968,3.805588111206456,4.337498310880052,4.648934687901201,5.954988360990164,1.306229379303420,3.231688400330409,4.395839136031917,3.842899332779460,3.692792869234829,5.641675551076773,5.547545254002284,0.054785265969712,3.400962534753261,4.380311232332719,0.907383907733298,5.687566792371995,4.474399648800703,2.208997436898941,2.016990692671999,3.301251882346018,4.053952419402728,7.205844063394886,2.644602213837710,2.644283524208670,6.490689911355212,2.684926289603786,3.240830453384727,0.512809394650749,2.393714033700681,4.486751559227977,3.805381989383327,
-0.385297382060829,1.331220433687115,-0.053979942145243,-0.403224636072349,4.114099084613898,4.407311410607600,4.718178513165770,2.601751786555283,0.569827037410209,2.793706164029103,4.641081605155616,3.804112665913851,4.337835282957149,4.650855846355786,5.957062823594079,1.306015749719364,3.229954946053140,4.400087637930261,3.841948549065529,3.688681564125627,5.641346744937107,5.546583086568087,0.052842916590856,3.400498705221724,4.379452447169947,0.908195675758923,5.688048973008867,4.476003502490474,2.207872148386156,2.018606510418805,3.298559102070726,4.050222955078617,7.206157044703990,2.646841781115508,2.644179758456724,6.492873901307910,2.683071805424076,3.240580957749149,0.511762361396729,2.393513244191638,4.484634298691596,3.805381989383390,
-0.390892403721475,1.320521753370715,-0.059629268201848,-0.409316013608969,4.110035633230213,4.404332176965326,4.717349967603268,2.601644716317660,0.570388150536254,2.791534397814085,4.642885774942267,3.802779543580733,4.338408460859130,4.652584028189884,5.959013567282517,1.306593076188544,3.228407560624753,4.404244565068621,3.841154532999668,3.685433638398593,5.641856093102458,5.547042732397816,0.051500457269168,3.399599811866601,4.378316626264873,0.908914615283439,5.688246282203250,4.477381711428881,2.206873570012430,2.021140679973618,3.295491335679073,4.045885102983430,7.207904865067201,2.649475709455882,2.644185910904318,6.495536751196710,2.680478862446890,3.241940271787518,0.510206150652088,2.392692310562442,4.482107569528964,3.805381989383504,
-0.394565652513929,1.310048194960413,-0.066309028636715,-0.412636789349095,4.106438759849877,4.402452743483274,4.717619809621168,2.603623663396622,0.570439558114537,2.791404677691373,4.645784689215744,3.801022624196684,4.339703366653665,4.653989337074496,5.959315199077341,1.306087886045923,3.227219293459469,4.406657456869964,3.841980276047828,3.685813146419614,5.641370742286496,5.548232295474873,0.051100523013879,3.398766811347544,4.378268823462871,0.910328263662633,5.688470485691518,4.478203119277515,2.206344022174361,2.025133468011093,3.292750235050340,4.041196563502953,7.210833967532824,2.651822214821478,2.645026041409801,6.499011987667792,2.676547303783280,3.241394572452936,0.508971885373962,2.392303473935503,4.478620084868860,3.805381989383545,
-0.397863509484160,1.300449951660932,-0.072078643403657,-0.415381651643862,4.103578871679908,4.401164089362272,4.717593015784272,2.605244629707665,0.571262795341408,2.791309033714113,4.647981860645761,3.799460841139191,4.341500576815043,4.655592500873324,5.959709116580331,1.306140339669323,3.225833776642716,4.409091412379695,3.842708654935120,3.685866254988246,5.642114410214101,5.548659390886165,0.051037209706772,3.397612258855111,4.377560157048854,0.912029559954927,5.688318479624032,4.480462125311573,2.205189952163520,2.027766252940487,3.290575116462664,4.035540274111498,7.212956463563610,2.655114739477594,2.646130113725674,6.501652213013992,2.673911849643306,3.239440397119674,0.506851980771511,2.390891118593892,4.476094957453749,3.805381989383616,
-0.405126053927394,1.289898644089134,-0.075466028303417,-0.422584510462241,4.101158147126729,4.398565686954492,4.718449629229044,2.607107460691652,0.572959843574363,2.787958476551866,4.652354497596265,3.797782792609087,4.341110236968064,4.655978390055012,5.962363253282437,1.302862730863474,3.225604006404035,4.413367630896308,3.841058400724075,3.682202373492305,5.645262967668099,5.551167121338460,0.049968397885740,3.396511542202516,4.377828039941607,0.916505060968157,5.686496852157670,4.483979252277638,2.204052491809144,2.032987539605181,3.287801326614113,4.031884094913354,7.216590166201833,2.660252884011596,2.650237758490076,6.505331076020481,2.668970203723097,3.234846711652844,0.502624663904089,2.387391235632605,4.472548843158996,3.805381989383916,
-0.412586256338069,1.279816029604716,-0.079122391130211,-0.429595667810917,4.099709644753853,4.396305015892239,4.719422516413271,2.608646884094954,0.575910028481318,2.783724019101201,4.657607463146752,3.795784566501536,4.340765602466435,4.656091949815146,5.965664224753272,1.298721624043933,3.225614408589191,4.418086149457799,3.838764146621411,3.677538547458812,5.649888474387113,5.555857193340190,0.050089396543170,3.394661902267130,4.375569870939635,0.923104132660111,5.684123839979006,4.490065896614772,2.201912725556270,2.036211352639266,3.285296622490007,4.027506249700910,7.222866813396057,2.666696331190300,2.656045383082133,6.507510289437367,2.665995420170331,3.226877205524358,0.496931447602525,2.382018430972602,4.470589819820194,3.805381989384406,
-0.415747417658826,1.268181624836504,-0.079098691155679,-0.432269601228823,4.097659529205188,4.394901247995777,4.720254405154912,2.610057384082419,0.579796787808381,2.779664011130124,4.662134799985253,3.793795772943398,4.341445804387881,4.656289446736366,5.968883841585471,1.295973353142063,3.225594851695179,4.422851682136749,3.836916861114425,3.674190342553071,5.655847592498058,5.555942797413964,0.048923760244558,3.393149105145945,4.374243469365330,0.926420369186072,5.680257387547197,4.495648567472085,2.199439623901062,2.035897248161241,3.283152472332354,4.026443801491347,7.223666339919752,2.673417717393821,2.659822154555934,6.508091745205768,2.666207878451306,3.225072026296613,0.491206671849240,2.376658906041560,4.470311491442422,3.805381989384763,
-0.417896836004227,1.258516987479972,-0.078916270343822,-0.434510070016639,4.095606215598065,4.393866478852254,4.721307036012836,2.611674464704474,0.582400706114969,2.777953375661027,4.665634170474512,3.791704961569021,4.342803276907148,4.656379382748628,5.970303793384621,1.294533272954055,3.225731085373252,4.425980816692311,3.836758833271731,3.672469007060627,5.659647128577435,5.553635273888233,0.048933302162195,3.392110697639339,4.373986770110387,0.929410490279636,5.678143653924063,4.500351635782635,2.197374987295655,2.035504818854829,3.281057618003753,4.024192267727792,7.222022163355445,2.678228624010326,2.662505593630975,6.508941124960348,2.666430472397814,3.222728948573336,0.487781735190337,2.373584636990201,4.469533734470593,3.805381989385022,
-0.422703946938701,1.250197445611125,-0.078492592733293,-0.438034446902494,4.094567330763795,4.393209027954036,4.721937626357199,2.612698891116498,0.585805144520785,2.774965146572974,4.668792193646842,3.789977814889235,4.343992483431779,4.656736420985503,5.972769252651699,1.292899209350414,3.225583008956732,4.429993987042434,3.835614392982620,3.667867728368573,5.665072869188877,5.549893653261774,0.049720110918569,3.391022297088674,4.374537794817377,0.932800335727400,5.676034747799356,4.505996346905612,2.194377009197223,2.030282850523290,3.280021939812351,4.019802793249474,7.218992218403620,2.683769846204665,2.665281477932655,6.507023203467485,2.671129667224310,3.220810509260302,0.483758168326245,2.370152234705575,4.471669389729060,3.805381989385246,
-0.426888916245990,1.243175087903542,-0.078697572142830,-0.442490665908679,4.093826112709930,4.392838308823611,4.722447918087956,2.613561551448799,0.589381671825773,2.770823341283465,4.671688281733492,3.788587160914052,4.344770835168759,4.657054964536712,5.976110046755804,1.291216312894916,3.225445144526148,4.434786263876550,3.833666568250533,3.663914263740570,5.669645000435861,5.548112047299416,0.050230877382520,3.389269501636030,4.376423119408199,0.934922968945129,5.672956970064972,4.510782299340260,2.191833495825988,2.025675492665615,3.278619557424364,4.019274982364291,7.213880131167103,2.689084469050408,2.667350259478089,6.505401852521230,2.675270757244291,3.220622194352941,0.479875960032122,2.367323552166662,4.473394808516296,3.805381989385336,
-0.428887427524695,1.235484786923783,-0.078189084438656,-0.445830642481786,4.092357307585853,4.392101888622236,4.722988799810513,2.614052828717331,0.592546478051453,2.767759000605106,4.674145694379457,3.787059385161314,4.345527067614658,4.657268074813153,5.978410307781315,1.290733527339531,3.225404883923126,4.438769673268974,3.832667890408186,3.660712277943379,5.673362914321323,5.542343523651667,0.049273884221959,3.388808245145050,4.378559334425363,0.934848202554125,5.670056762115535,4.515122204905596,2.189502649858753,2.022215314050853,3.277464791542380,4.021113781733579,7.205149354496823,2.693553479046420,2.667758417938028,6.504181478524530,2.678328935433715,3.222373870729431,0.476855687249685,2.365274480497141,4.474884302986188,3.805381989385360,
-0.429697970169456,1.226661799396338,-0.076507100589522,-0.448042406721773,4.092080413314457,4.392069578001225,4.722906878053323,2.614431324844864,0.596556857012754,2.764737212189468,4.676071567387632,3.785901991063073,4.346409899554413,4.658101122671031,5.980555673989699,1.290568438334057,3.224699834866110,4.442702233664551,3.831674046389478,3.657735337791180,5.676668506213507,5.535865226416037,0.047605864861946,3.387817225527503,4.380263272869716,0.934385781634801,5.667295826416496,4.519656962898194,2.186635573330001,2.017142497501304,3.276776643387444,4.023615430481300,7.196291525136921,2.697989046018261,2.667916028023607,6.502234276453512,2.683008263401830,3.225947328432624,0.474003154992290,2.363316586459034,4.477225402391444,3.805381989385399,
-0.430523742663987,1.219239307558790,-0.074877726067759,-0.449380586410028,4.091987701821635,4.391844178344939,4.721693679005996,2.613893619289784,0.600281432182932,2.762032440734234,4.677287846174055,3.784819989387933,4.347676070520031,4.660046855401668,5.982660624533288,1.291076481185098,3.222939885594053,4.446779780949436,3.830718348225300,3.655535572889574,5.679483551833487,5.528938830240450,0.046821968925433,3.386312261669550,4.380689911678042,0.934427530935050,5.665543355265154,4.524771345038384,2.183624464686799,2.011362786655472,3.276379900454440,4.024937652854043,7.187390748181509,2.702218300918005,2.668001682793991,6.499482426965859,2.688311864220398,3.226259787142744,0.471301621156953,2.361115215700867,4.480427047604959,3.805381989385419,
-0.432218421746444,1.211682995095490,-0.074136782627269,-0.450973359298545,4.091133869504031,4.391256179395902,4.719874061016522,2.613404423581068,0.602286863499208,2.761234215265454,4.677460174641992,3.784023775778842,4.348951730268697,4.662592097280430,5.983468713417667,1.293107513916458,3.220592061915178,4.449732195156894,3.830909805225593,3.655323916968136,5.679884554001670,5.523079233396677,0.045198012465606,3.385061896872942,4.380597883312914,0.932669073972663,5.664753808748991,4.528176870917400,2.181287484661728,2.005842602859298,3.275067927847568,4.026005043266662,7.180006546395785,2.704553291939688,2.666555365288822,6.497294706257835,2.693338727801875,3.226441912668693,0.470455995394013,2.360850386073535,4.482572969495221,3.805381989385383,
-0.433392512106528,1.204213690971233,-0.073333222923605,-0.452271841271331,4.090105576694430,4.390448249684234,4.718130476681399,2.612953500717947,0.603450427875743,2.761623492163953,4.676879605570663,3.783249330751621,4.350416816578716,4.665101545250843,5.983639719193397,1.295933769720729,3.218282252678814,4.452349264065930,3.831634283772395,3.655987519751216,5.678697415394506,5.517125827292918,0.044698779069162,3.384318697569531,4.380833460649941,0.929997614253596,5.665068419623956,4.530516705553493,2.179352978426314,2.000849222235109,3.274150469014536,4.025935434119323,7.172866566988546,2.705505520521965,2.663803761974705,6.495350116836958,2.697858506215273,3.226650128386453,0.471152170450929,2.362012473000475,4.484683868074044,3.805381989385339,
-0.433301721517061,1.197795157544978,-0.072574416432017,-0.453078726083914,4.089025311725782,4.389748230632295,4.716805019031970,2.612815084119676,0.603652829873635,2.763450648297641,4.676378873752919,3.782314889568690,4.351530523648871,4.667124979920370,5.982515233948106,1.299127865719840,3.216438759786039,4.453649856362631,3.833432837657055,3.657511624140845,5.675224275368126,5.511653305974561,0.042928352495482,3.384218968515524,4.381880994467957,0.926932507873026,5.666581961316202,4.532402076432689,2.177575585139158,1.994299374596761,3.273293163562762,4.025386516791620,7.166582158266831,2.704590926281000,2.660505182833595,6.493026419239152,2.703772460950834,3.225723084755632,0.473775207728294,2.365205841325627,4.486737761955512,3.805381989385321,
-0.433867261489863,1.192355472723001,-0.072225918724368,-0.453846917846577,4.087393443025173,4.388535583357306,4.715607221381283,2.612918662074198,0.603544447561756,2.764992807590943,4.676365527394499,3.781326819673972,4.352431608467604,4.669228169221191,5.981780152861375,1.301535569688922,3.214509593039565,4.455395730660656,3.834836861144496,3.658566500686309,5.670467304803577,5.507276683431609,0.041499467707297,3.383975819940341,4.382838440286708,0.923789156792934,5.669055931005657,4.532784301578318,2.176307197139327,1.987789253035177,3.272445408290795,4.024722310504230,7.161508935349131,2.702875443394243,2.656585358568468,6.491056740443701,2.709611808349262,3.224501107478245,0.477243226176564,2.369224018972693,4.488240742343823,3.805381989385313,
-0.435584985762386,1.186086464527530,-0.073182112228768,-0.455345461047760,4.084744661548185,4.386518387412833,4.713772207410137,2.612876715875474,0.601861457284451,2.767881086660688,4.676084967257612,3.780314908945099,4.352884093295111,4.671934861277196,5.980179450102145,1.304664678475161,3.212009413050229,4.456364172150158,3.836972885658283,3.660437465379942,5.663785170252988,5.503514016343156,0.039162709664109,3.384108050647261,4.384547722878228,0.919881486334456,5.672408338039738,4.531253368197487,2.176042817768742,1.983316059183901,3.270529117486165,4.024154859070483,7.157151639705059,2.699296789024809,2.651935136822762,6.490447438452665,2.713316062181893,3.222854588289524,0.482516810624241,2.375133159758932,4.488297369438162,3.805381989385285,
-0.438467353567857,1.180518165016619,-0.072603292691679,-0.458229706115120,4.082089498793295,4.384250119522537,4.712742328727646,2.613268847280675,0.600727751752168,2.769231124643573,4.675772050698075,3.779412770989681,4.353462345511761,4.673757429504350,5.980075425848219,1.307464146530405,3.210377597794404,4.458663409757537,3.837806417651107,3.660182886639951,5.656183707853572,5.498262677442449,0.037774598064836,3.383161494675007,4.385855106624344,0.914985869790735,5.675990701523233,4.528650279945970,2.175530760493870,1.975475663424455,3.268979203945698,4.024218355721022,7.151350807843772,2.695719695291787,2.646142738259339,6.488511953081090,2.720224829911103,3.223850351348455,0.487872716828157,2.380795167612022,4.489157168129058,3.805381989385267,
-0.442302304547339,1.174729829139418,-0.072768744852078,-0.461736839448065,4.079109081676296,4.381477079666674,4.710896837347106,2.613277458915014,0.599264076132971,2.770309733375043,4.675524584372469,3.778599250783599,4.353766040589025,4.676356577690633,5.980130895188484,1.310192003979461,3.207998162587431,4.461089061368471,3.838460557994565,3.660410162800994,5.648253930328399,5.495533325149819,0.036758909157390,3.381962429677981,4.387241746542056,0.911334424103074,5.679166528194769,4.525353093827152,2.175707930872512,1.970505070533245,3.265953994723494,4.026040495570838,7.148140082591482,2.692474447426321,2.641582446381500,6.488328876197772,2.724294895023442,3.223033217827438,0.492687876786503,2.385967862051949,4.488221208512329,3.805381989385266,
-0.439497725724382,1.167366574773092,-0.073007862215827,-0.460372085027754,4.075675327436049,4.379459093379916,4.708866080385742,2.613092631425864,0.596966194838325,2.774862073378447,4.674537900090362,3.777431422073228,4.354977651667400,4.679081403735380,5.977670494364022,1.314156836913727,3.205530027116818,4.461194511810612,3.841383364096454,3.664160020070994,5.638985200701475,5.494189052865354,0.036628514577823,3.381424853807134,4.389796451576755,0.908034943573631,5.683483089972521,4.521410975195406,2.176332951362030,1.966504411005797,3.263647774088966,4.026995570352707,7.146590502315013,2.688159337854745,2.636666121473486,6.488557427261062,2.727475441876587,3.221137955025859,0.498655387018145,2.392427294492908,4.486833498475975,3.805381989385229,
-0.436459977113817,1.163443060975845,-0.072612800701898,-0.458471124439958,4.073505703032118,4.378151209621331,4.707430131904682,2.611999868906028,0.595768517673963,2.778497017110853,4.675108960629980,3.775670056274513,4.356340057800621,4.681082613091320,5.975626247299606,1.316704478258446,3.203773601114981,4.461434868235283,3.843643183780364,3.667137131105347,5.629500108712176,5.492458293717901,0.035349300654448,3.381003037437710,4.391009606752375,0.904554906325640,5.687384955761304,4.518896974341711,2.176546640254370,1.962994585877107,3.260929754549946,4.026753165976953,7.144696225668707,2.684356102576025,2.631953768100607,6.488778533228075,2.730200319979815,3.216519873018549,0.503714322469728,2.397727473672556,4.485608025937311,3.805381989385201,
-0.433772317776181,1.159331313705623,-0.072062355888251,-0.456745383247364,4.071655694471841,4.377295612783112,4.705682887010330,2.610655892163972,0.594409395546595,2.782954641966046,4.674396944525034,3.774227341841852,4.358169442048995,4.683344859835446,5.972867165743649,1.320524862273176,3.201730996303682,4.460985897276332,3.846480206457083,3.670182748263084,5.620021232831835,5.489627603222980,0.034774431721298,3.380806860859501,4.392292873986846,0.900394057277308,5.691248619537624,4.516726578923276,2.176540932381199,1.960183164096212,3.258718889839888,4.026040493127757,7.141790105263489,2.680542095126244,2.626625366298917,6.489160070968695,2.732305266921359,3.213508009204066,0.508855108890168,2.403158759703660,4.484479029101704,3.805381989385158,
-0.428061618483257,1.150495751348124,-0.069553368788973,-0.452124866513010,4.070603300227127,4.377375319362444,4.703912757644220,2.609423465606718,0.594365201636614,2.787773289540209,4.673717959498454,3.772725005995492,4.360582177246877,4.685627187259159,5.969690496364006,1.324406365151072,3.199675594918520,4.460154820374020,3.849759813385655,3.675695308441943,5.613872072396362,5.486449382611538,0.034328571902955,3.380169664730519,4.391422097923829,0.897105300756502,5.693630849285585,4.515680384364342,2.175887033839228,1.956778735100813,3.256179004658389,4.025090983715556,7.138649718710044,2.679101758240091,2.622533640139302,6.489244258077991,2.735113183139523,3.211583823572654,0.511607081451300,2.406065399042039,4.483613296889617,3.805381989384992,
-0.424456612973660,1.141351696971908,-0.068275230768382,-0.449471766133797,4.069508890614077,4.376687318263675,4.702876978354988,2.608638801944270,0.594228799329849,2.791264457149311,4.674212850977972,3.771153397852476,4.361897236419891,4.687092827305190,5.967394238710286,1.326599537900175,3.198394115933874,4.459972030277465,3.852202308383762,3.679368561501414,5.607813436504338,5.481735443043871,0.032389771552214,3.379361993765348,4.392186781069815,0.894195324452780,5.695732493950471,4.514811213380984,2.175205411771359,1.953300272883171,3.253856414792793,4.023682850902883,7.134096929794684,2.677646949934849,2.618932585497189,6.489296654088174,2.737981738512769,3.209437408761378,0.514546060303037,2.409387257682632,4.482757098381327,3.805381989384838,
-0.422352675786788,1.132498349609967,-0.068317767734021,-0.447328667169113,4.067364809218809,4.375425419042272,4.702176743425339,2.607862371394710,0.592755952803208,2.796044930130793,4.674668809023019,3.769369976696350,4.363321710656448,4.688161492602221,5.964182815680290,1.329531249920479,3.197507405282539,4.459168224273751,3.855567464439917,3.683657457149917,5.601467106680929,5.478935235451346,0.030091770695324,3.379062904673622,4.394412201760650,0.889826511373559,5.697534643825316,4.513123750224784,2.175190682544257,1.952350774949919,3.251052402140381,4.021241690696927,7.132018443362939,2.675523615458605,2.614454696919969,6.490583275097746,2.738456944865280,3.206306346998608,0.518212920967567,2.413708555342395,4.480743048604965,3.805381989384767,
-0.420956540831555,1.122893308786957,-0.067020596403383,-0.445282838838591,4.064826759741394,4.374036889586726,4.701942014940016,2.607317599283663,0.592109569755770,2.798849779917057,4.675013430397423,3.767869601941079,4.364436959745364,4.688764676132449,5.962718207957354,1.332088490291269,3.197058222880266,4.460010348216544,3.857485074182147,3.686635975708134,5.596252464798880,5.473567418087373,0.027645399794740,3.379593925389475,4.395277039056299,0.885139776824096,5.697758926125584,4.511307981197572,2.175392469711933,1.955228637636448,3.249070221983339,4.021079682322614,7.127022969003777,2.675079529749778,2.610273800076146,6.493317531161310,2.735374455055209,3.205568183984854,0.520030484484861,2.415937954502109,4.478556730852742,3.805381989384707,
-0.420106630028510,1.113046390928922,-0.065902349199506,-0.443696144515067,4.062393976050404,4.372687825512068,4.702280309407733,2.607114438540948,0.591917236540479,2.801423375767527,4.675577787795384,3.766341543368800,4.365601245011525,4.688756175864316,5.961374390489177,1.334356864175388,3.197188500122679,4.461054222060208,3.859340779117421,3.689370335657018,5.591165933840615,5.468344949990220,0.024545654359289,3.379613754810434,4.396093293010050,0.879536572391873,5.697895662391247,4.509471366872327,2.175417792100161,1.959366900144055,3.247082691907725,4.022317110890975,7.122024289261623,2.675037938979737,2.605585840755971,6.496690909062229,2.731111622102022,3.207113766174822,0.521410905385236,2.417482963764060,4.476334350486756,3.805381989384681,
-0.423659488194797,1.105559177629494,-0.062971538567882,-0.446110069141294,4.060168641860036,4.370760724375935,4.702463053953882,2.606800524968200,0.590866119874079,2.803285220100724,4.675742462261389,3.765080689936309,4.366154000524066,4.688829502560147,5.960522176104119,1.336627682219103,3.197214443021559,4.462566610070508,3.860605590166094,3.691324135994642,5.586191785027814,5.463200864585945,0.022321025560113,3.379313351132228,4.396804946409382,0.875387673602309,5.698108527654870,4.507792503939488,2.175443995512571,1.963753530362078,3.244894284174495,4.024137716310699,7.117189878232166,2.675348661526432,2.601886992011241,6.500035984325301,2.726686367461972,3.207961580230570,0.522389161433880,2.418745043090931,4.474019180341491,3.805381989384625,
-0.418603791424066,1.097027791436982,-0.062563790789434,-0.444511322491721,4.060865584915451,4.371826210082791,4.702652043139862,2.606445025624908,0.590782436769785,2.807310175519051,4.675435768728348,3.763784007078280,4.368070261026524,4.688789757367196,5.957608264522499,1.339451138839868,3.197318688209045,4.462260624913330,3.863403691695669,3.696433136783172,5.581707621900494,5.458599543623966,0.021079765503806,3.378803359331572,4.396893316703190,0.872504867498825,5.698671668062911,4.508403300542001,2.174281202110836,1.964089619294590,3.242533935079530,4.026094703592680,7.113105389292008,2.675820231442066,2.598960229796504,6.501525800219592,2.726051930738532,3.207893318761169,0.523167141613408,2.419758445007579,4.473181398539143,3.805381989384678,
-0.414604286137553,1.088989736328517,-0.063592780730345,-0.443628767367249,4.061361840553266,4.373046895371619,4.702585702295024,2.606060279227343,0.592180509142148,2.809473167473043,4.676539231753220,3.762087045921175,4.370377963974168,4.689002200321942,5.956230821435224,1.340903788266469,3.197180668862402,4.463415303482163,3.864965344225888,3.698310215971712,5.580260266379003,5.455120440452689,0.021657497963700,3.377527738139352,4.398760500790435,0.873084720696965,5.698591161124808,4.510409912720856,2.172588721647350,1.963409007096999,3.240450870186455,4.024496373479194,7.110441924369336,2.677683952182738,2.598817645431662,6.501985505768964,2.726424131001274,3.205781550620732,0.522642321262459,2.419550161433882,4.473525340725769,3.805381989384567,
-0.412950657289230,1.081729556478459,-0.067368236358520,-0.445376600094074,4.061817684389284,4.373586008399969,4.702523175494326,2.605774437030790,0.593810588540697,2.810171372996515,4.678085222123019,3.760536614162068,4.372053961014860,4.689211430184808,5.955902358825056,1.341542984444537,3.197051136571804,4.465423807174072,3.865546408973298,3.697752056037426,5.580884912055447,5.451992525975312,0.021858513313020,3.376673196007299,4.402298571472021,0.876132900479012,5.698140990144657,4.513637852891080,2.170333345909158,1.960984011914300,3.238518087716187,4.020522747492395,7.108302746092489,2.680328592416787,2.600781785488351,6.501495268254730,2.728469915477171,3.202336566427001,0.521360735602113,2.418616609940786,4.474664352367836,3.805381989384486,
-0.418259201967878,1.074996179962640,-0.067603565120579,-0.450420234895825,4.061353715290998,4.372381461704521,4.702811116781385,2.605613995357361,0.595833760492682,2.807645358580676,4.681230686917361,3.759051387050264,4.371476580873635,4.689076342730188,5.957752799993641,1.339689581116273,3.197269824211724,4.469100456652987,3.864221778651937,3.693378594089530,5.583598595396778,5.446964316233999,0.022547954371201,3.376127038486796,4.407720876247292,0.880704172105153,5.696035573060261,4.516917122850846,2.168180713912315,1.958801487445679,3.237006054525256,4.020522136336870,7.104297102763948,2.684496911197870,2.604785200010517,6.501112986551944,2.730258212128505,3.200388352857626,0.518451871412932,2.416419413459869,4.475620059829819,3.805381989384254,
-0.420630530211040,1.067557043782561,-0.072678452133352,-0.449644875675050,4.062069886284063,4.373947231324942,4.702493010721494,2.605109492413112,0.599446946748984,2.807311301079102,4.683081376143905,3.757566851627734,4.373455438052222,4.689324004312408,5.958110844200926,1.339495423572650,3.197129334150204,4.471263536553228,3.864546294925507,3.690855297720761,5.587980078171350,5.442193251610538,0.021097601798361,3.373937970056308,4.408150016450566,0.886531638763529,5.693545898538205,4.520617161979566,2.165492142668187,1.955348407671939,3.235916880962817,4.019936467576045,7.099906879891120,2.690582458971376,2.609782962965172,6.500126775917455,2.733361581809208,3.200855606827810,0.513382477353096,2.411480761881960,4.477157863242548,3.805381989384001,
-0.421380385841919,1.061669840952044,-0.076100982483901,-0.446377287474958,4.063453516335672,4.377039072961148,4.701976996885200,2.604768241838462,0.604320071178933,2.808286654852053,4.683683176749370,3.756186333032000,4.377169238290715,4.689851122532625,5.957330965873236,1.341039864423851,3.196731821235322,4.472350337899631,3.866145563963925,3.688981485519873,5.594286149895761,5.438337330813639,0.019406135266754,3.372450229626563,4.406898390312718,0.893708018515346,5.690810158427704,4.526246298917341,2.161568075839004,1.948345750661865,3.234769487040060,4.016322106722664,7.096397058369749,2.697810102642142,2.615911598108643,6.497097284248735,2.739840374950565,3.201280403424751,0.507125957632232,2.404894482098102,4.480667931624962,3.805381989383574,
-0.421880535728222,1.054929348310445,-0.078730698980701,-0.441872457251153,4.065081045279335,4.380765664949807,4.701435847529570,2.604448189887016,0.609044929510849,2.810678260589239,4.683956517055634,3.754745435705130,4.381559607315687,4.690399112859022,5.955325522250707,1.343048932386185,3.196310090715092,4.472302835902004,3.868909494966926,3.688225833109328,5.599870182809290,5.437356564351064,0.017870246760940,3.371536497368505,4.405962689452847,0.899989229267767,5.688066780557365,4.531684150494585,2.157618532389290,1.940904949741279,3.233575130060609,4.012456586166866,7.096294237406578,2.704698673805640,2.621358785131020,6.493853862984205,2.746759992200321,3.201176074987430,0.501281950861217,2.398818094833558,4.484255950775105,3.805381989383204,
-0.422949975731167,1.049511593240356,-0.080403116189798,-0.438494604471377,4.066154231553573,4.384075579966161,4.700246236360363,2.603722705264121,0.612609081745695,2.813630968945014,4.682483157983804,3.753634064157060,4.386105213121869,4.691507753609411,5.953065213045660,1.346850773161682,3.195338077297608,4.472155174565694,3.871888262612209,3.686959379543443,5.604223359687918,5.434371027915900,0.016497998776201,3.370566997968568,4.403529363537945,0.905122675490185,5.686562816158196,4.536197274960319,2.154288631377761,1.935445124190540,3.232769548143200,4.008562432734480,7.093604307535756,2.710569739843978,2.625170225424963,6.491483907958331,2.751762813928253,3.201430508231309,0.496512631678669,2.393798639184805,4.487173714798919,3.805381989382866,
-0.425432614161153,1.043914158856742,-0.083917281406562,-0.436009911815829,4.066837077908056,4.387128357551742,4.698821096540769,2.603080436884500,0.614806320699354,2.817673197804428,4.680577446557869,3.752615641086032,4.390841236459877,4.692913695022198,5.950343804210228,1.351274918570967,3.194090932647863,4.471675496176922,3.875378878691507,3.686073360795680,5.607276506038787,5.433503347684367,0.016332140750835,3.369857183914935,4.401305051369398,0.909222975418934,5.685560434541397,4.539676688222567,2.151637528174982,1.931073699647048,3.231174854656418,4.004084113870932,7.092776457848710,2.715120715131769,2.628120246829724,6.489730612960003,2.755580738704013,3.200402755438642,0.493083972158806,2.389921477274630,4.489394986887142,3.805381989382624,
-0.429536989425197,1.037656540005325,-0.088797673599025,-0.435728420840714,4.067035145513285,4.388987066905327,4.697032270347143,2.602461170641485,0.615575781608081,2.821124603775539,4.680043531255262,3.751468430392116,4.393728766336244,4.694678114714323,5.948169873250431,1.353995270633437,3.192437363000492,4.471668794525465,3.878231625358919,3.684318993835651,5.607538541636212,5.434811841135063,0.016039201750191,3.369550284661823,4.399502862092969,0.912520563176804,5.684927215879235,4.541774755509998,2.149669416456090,1.926788464774819,3.229234031039047,4.004013105986718,7.094370892915914,2.718140237976628,2.630448598615371,6.488332320106584,2.759279108688886,3.198184933727359,0.491097256021534,2.387767888898481,4.490866768048398,3.805381989382335,
-0.433909937364105,1.030768125572010,-0.093560948983752,-0.436293176690929,4.066769316205151,4.390323553806489,4.695172206027365,2.601900151225799,0.615834615904988,2.824366528693118,4.679415241620587,3.750449539258904,4.396171324391021,4.696558362642970,5.946293276666831,1.356751221021748,3.190663048646320,4.471912141766183,3.880785480176712,3.682237408527933,5.606004370290162,5.437842524947431,0.016576392365953,3.368842498683651,4.396485031842367,0.915847104316521,5.684628536955719,4.542617725586826,2.148330502228960,1.923259728457902,3.226752496593990,4.006513467926514,7.097806405202982,2.720826086073201,2.632813627033593,6.487602150551204,2.762199289096308,3.195498474653623,0.489276282217583,2.385866128088762,4.491431857566010,3.805381989382096,
-0.439407451752423,1.022652879578652,-0.095662298202351,-0.438002933934706,4.065301437489905,4.390150424384289,4.695274533573532,2.602274114476801,0.615149140842725,2.826562210353250,4.681564352834182,3.748945659179268,4.397338877728934,4.696834571181611,5.945563755124408,1.356205537224721,3.190434289004264,4.473022092231221,3.882439256287142,3.680270155921128,5.602861123787592,5.442349315715425,0.016825585757847,3.367496132161079,4.394269654029188,0.920377799277967,5.685006417119264,4.541185924466134,2.148115740468982,1.921644854091776,3.224839016848924,4.010520996020216,7.102879083439103,2.722625390311815,2.635799477682885,6.488425056123034,2.763301372209717,3.192720517662305,0.488371266312746,2.385262431136010,4.490199370587971,3.805381989381837,
-0.452937975951629,1.017677122087734,-0.107735395726932,-0.449588416520827,4.068286194546053,4.388987826206245,4.693777951043788,2.602851484198084,0.619148940594946,2.819756103910655,4.684405999188278,3.749180971381326,4.394262086954468,4.698624908122259,5.951182800608444,1.350655623282114,3.188500558935946,4.479545521286269,3.877643148213902,3.670753903521234,5.605659661553998,5.445969768637950,0.019938637505538,3.366377987262021,4.390149191604545,0.926330584295623,5.683117273778470,4.541751552295672,2.145481155744506,1.912707852038128,3.225057602006724,4.018762877263478,7.109132919839439,2.728618996171103,2.640182336802388,6.484287595503557,2.772038160005404,3.195649877077655,0.483367267686178,2.380926620206525,4.493481359409698,3.805381989381984,
-0.465122123952068,1.012460957958101,-0.118507176017299,-0.460024374853949,4.070752769986497,4.387962112863410,4.692557705790223,2.603434077500173,0.622200168053858,2.814076944754225,4.687537760248942,3.749184980418097,4.391269645466099,4.700111736532989,5.955856062406354,1.345269548064686,3.186860300975895,4.485123241921437,3.873656896656147,3.662557346574707,5.606659853990711,5.449480571837435,0.022207102012305,3.365813324095223,4.386733171529040,0.931477958005895,5.681692131780125,4.541790489872343,2.143298351652408,1.905297346691729,3.225303231674243,4.027186166862281,7.114958160688566,2.733312291750853,2.643923903619481,6.481117074335520,2.779352008804961,3.197854555605001,0.479686307589855,2.378058093400791,4.495718974077360,3.805381989382070,
-0.475496273886676,1.007332195321769,-0.127166530268428,-0.468647605169118,4.072867254340656,4.387476304792787,4.691359387680277,2.603834064825624,0.624240593830820,2.810429584874531,4.689929663564728,3.749038116819230,4.389268021995270,4.701583191680322,5.958951907867156,1.341509494901479,3.185262707920753,4.489470586892397,3.871196041230102,3.656820575984084,5.606228081702085,5.452876444501259,0.023274932392141,3.365579789122516,4.382655355361292,0.934178171890983,5.681105171051904,4.540996867912645,2.141738334128415,1.898951332473519,3.225258498131732,4.035493723584845,7.120666106766517,2.736387969776923,2.645667991873031,6.478643213235648,2.785655943622213,3.199346360032980,0.477633121951216,2.376856458242760,4.497025018880098,3.805381989382032,
-0.486261595826069,0.999885425358404,-0.136463969434475,-0.479391475053786,4.074427191090778,4.385283758421630,4.689802255161483,2.604177760934696,0.626032343210067,2.804401592703664,4.693964306870491,3.748773680402607,4.386122272444526,4.703433630564810,5.964478053219823,1.335836330157885,3.183341099756933,4.496045894291680,3.866381779692863,3.651204999200581,5.605680061324930,5.454264150837350,0.023347239582357,3.362540471571719,4.377748564996729,0.933824699203026,5.680446235532478,4.540376417436859,2.140030527320826,1.891558649237810,3.225324388905609,4.040339761713860,7.124149504118588,2.738951561666776,2.645271219400706,6.475203387553559,2.792894680234566,3.199275817028872,0.476504390555343,2.375997838912311,4.499391808455860,3.805381989381836,
-0.496617690775341,0.991967989337766,-0.145244805493028,-0.489514898043271,4.075189343387917,4.383117701750278,4.688287344818827,2.604558190686408,0.625580214063799,2.801175852099641,4.696626711765097,3.748581396654072,4.383731960402421,4.705271807238001,5.967892448021508,1.332341832254653,3.181472102169109,4.500998346703794,3.863520645731944,3.647986130933643,5.602815766033031,5.455952786260520,0.021467304286766,3.361218197218481,4.373260027199772,0.929989406424920,5.681200385235127,4.538870816849251,2.138948428305463,1.884896573252202,3.225274403333069,4.043296720059794,7.128149855088905,2.738520829897190,2.641858178613185,6.472419640122664,2.799476573409767,3.199291886453363,0.478446612297428,2.378312530005238,4.500834297813917,3.805381989381710,
-0.506121003118718,0.984561393852495,-0.153382497056707,-0.498735297343738,4.075386993701203,4.380840388769909,4.686720386322141,2.604802445842544,0.624818912267501,2.798565502435162,4.698434974223084,3.748558903263797,4.381792446365814,4.707115675737731,5.970893158497417,1.329971204828151,3.179640157439022,4.505652774577756,3.861003593349159,3.645610710270054,5.599410751168218,5.457089553601786,0.018280797626265,3.359544636939954,4.369439034959107,0.925179883849543,5.681792500245989,4.536863405237274,2.138250191275885,1.879314809928410,3.224869160156294,4.045423219299670,7.131549190791804,2.737665063847742,2.637770736301119,6.470333619711399,2.804965881054149,3.199544479505115,0.480982394735817,2.381349630932413,4.501752604467767,3.805381989381571,
-0.514550852545199,0.977497780249049,-0.161134579410931,-0.506862422636226,4.075634746926664,4.378958501990393,4.685117312193775,2.604979755395096,0.623805377042274,2.797215499578669,4.699237299576934,3.748554636153746,4.380431693292411,4.708955808176571,5.972773290692531,1.328814169885052,3.177833029254784,4.509317915782014,3.859483448222111,3.644255378138584,5.595284425806351,5.458727847008493,0.015446009933767,3.358087439073734,4.365592128323558,0.920217358560278,5.683078799983269,4.535038658176851,2.137549651384038,1.873725186770293,3.224307664685321,4.047209655763328,7.135087197646599,2.736348780929126,2.633017845575498,6.468135067921423,2.810464211152608,3.199199896213414,0.484135596255761,2.384953584859965,4.502703610028308,3.805381989381431,
-0.521633388900999,0.970976033958462,-0.168549383386529,-0.513614187741241,4.075585726695865,4.377271994806250,4.683138114940415,2.604961824934798,0.623639733384456,2.795216317789926,4.700324105439025,3.748425786919157,4.379677068302017,4.711041740773914,5.975135834445804,1.327412205757965,3.175804056411900,4.513335499508803,3.857636473110905,3.643035743817490,5.591645698648499,5.459916932053535,0.013086734136852,3.356355635013695,4.363046970745717,0.917943221180546,5.684634746849889,4.533523856425620,2.136693646492950,1.867739965339367,3.224163466057060,4.049044036644932,7.137944758210742,2.735684605924880,2.630458232231978,6.465410046914625,2.816274004889651,3.197372058724430,0.486608625218786,2.387702679457562,4.504361155559468,3.805381989381439,
-0.528453915259302,0.965215659798525,-0.175213399306692,-0.519935663588480,4.075943754013298,4.376157719981038,4.680397455642046,2.604699048423345,0.623178250555795,2.794113982515609,4.699646874164627,3.748687336071237,4.379250101250978,4.713831630900446,5.976674714771581,1.327832602511969,3.173080797214517,4.516668210567154,3.856398916949749,3.642387909732677,5.587470854531014,5.461275553085793,0.010929533473286,3.354715837565787,4.359848936636270,0.915111477859463,5.686731587322472,4.532239304768622,2.135910601349443,1.862566766045967,3.224224122831096,4.050735406215970,7.140679571265184,2.734793440996939,2.627104053718456,6.463102862183065,2.821284642229471,3.194512903061102,0.489368035906351,2.390648861229538,4.505668924662324,3.805381989381516,
-0.534561896705074,0.959935285896724,-0.181208112340048,-0.525807517465497,4.075437122049800,4.374522982903697,4.677505621835323,2.604448270813575,0.621496269236507,2.794176145368139,4.698563472288603,3.749048083088801,4.378470350724033,4.716790693125809,5.977457707033603,1.328859611789733,3.170197777237859,4.519261199633553,3.855779670858291,3.643268954582995,5.582123015377668,5.462121180617880,0.007966534441088,3.353297626346375,4.357729380060689,0.911390634497069,5.688790088402053,4.530221513838034,2.135865909971771,1.859784627307822,3.223967000791057,4.052981710925764,7.142889101077838,2.732923577724304,2.623135751441952,6.462288540737375,2.824004446687186,3.192044298477861,0.493138810374868,2.394836012264809,4.505726902147151,3.805381989381592,
-0.539793368165842,0.953404707519839,-0.186775003307881,-0.530835935093454,4.073942926621887,4.372360979993584,4.674861449907461,2.604231364214085,0.619248145891569,2.795202756317976,4.697165170106681,3.749382686996116,4.377583135886486,4.719594279696755,5.977648426311146,1.330288681562505,3.167484615395916,4.521282504955797,3.855726155075603,3.644209032147006,5.575806661087552,5.462579852136162,0.006146136735540,3.352588634327708,4.356680396279220,0.907988852593978,5.691777027770147,4.527456236330597,2.136313109542221,1.857292098877956,3.223859589367317,4.055050393660430,7.144748480227761,2.730131964906491,2.618942185934511,6.461766227126251,2.826434062648811,3.189694570836452,0.497839525325111,2.400288802350052,4.505144891789551,3.805381989381666,
-0.545178326112092,0.946874231762279,-0.191186077165217,-0.535428347925345,4.072403652006765,4.370122975344892,4.672059471971785,2.603995064273667,0.616983780916716,2.796443666361615,4.695837547816455,3.749462418801974,4.377359634945210,4.722517639624760,5.977699547164036,1.331803903424347,3.164697614023121,4.523316962516835,3.855909670110200,3.646016554142817,5.569115149301828,5.464036512314144,0.005077906204530,3.350901697839151,4.354918212835269,0.904625666359134,5.695110230861142,4.525003970005862,2.136789104288712,1.855963214986173,3.224104696527910,4.056191019796087,7.147623523696078,2.727320678897324,2.614509604493194,6.461634298167784,2.827749997425709,3.185438922943258,0.502638230101248,2.405578056938988,4.504698538403844,3.805381989381775,
-0.550845229642490,0.940410515819521,-0.195326985954604,-0.540721912542552,4.070440421280624,4.367373873833800,4.668911295225183,2.603784009822863,0.614106270601411,2.797522554941790,4.694286134721627,3.749819574929848,4.376648198823769,4.725794341429067,5.978149679392919,1.333171596347374,3.161577544681493,4.525766481789303,3.855706532555673,3.648004147782722,5.562145897000197,5.464909284784096,0.003596209968282,3.349351407677905,4.353361953356864,0.900991169809603,5.698004097720768,4.522106961688200,2.137999049352096,1.857443176768595,3.223588420773843,4.058848251428004,7.149366944595772,2.724646815836809,2.610114746034408,6.463211520395991,2.826359233103551,3.181539623062692,0.507220544149634,2.410573050748417,4.502795811182652,3.805381989381902,
-0.556068342937180,0.934379884000699,-0.199151696580394,-0.545561090542184,4.068544465441701,4.364769911156701,4.666329567056962,2.603624123395638,0.611329598166040,2.798755084569751,4.692829660436058,3.750151779211194,4.376132544745824,4.728732519187714,5.978404562127409,1.334461757919311,3.158791973741584,4.527911014477279,3.855718204079675,3.650348229241474,5.555157665243673,5.465875265425709,0.002364560288327,3.347721046418289,4.351503639967879,0.897400997053541,5.700604709068538,4.519523727273874,2.139209751660396,1.860495906262244,3.223048145528163,4.061463838081079,7.151284274022931,2.722500031630057,2.605751243661353,6.465532230656401,2.823512942831637,3.178072715351246,0.511322967838579,2.415068874843025,4.500745180997686,3.805381989381972,
-0.560484902493305,0.928996348055066,-0.202527979179027,-0.549963684101553,4.066451537162333,4.361983688495267,4.663932087248291,2.603478208764189,0.608783666881294,2.799989876402974,4.691015084696687,3.750575961208157,4.375707784767032,4.731589942667569,5.978579138109349,1.336114519212096,3.156061756721488,4.530038535912396,3.855820830621433,3.652968468155545,5.548515484653263,5.466395877495819,0.001641205768588,3.345887725832278,4.349305049740903,0.893649343903072,5.702675753966165,4.517346439190349,2.140512955231768,1.865108952408615,3.222584495703768,4.064685953248395,7.152799635913160,2.721033458100001,2.601390663877387,6.468559961712473,2.819212348260020,3.174292200093377,0.514734711778856,2.418830808194801,4.498271886159610,3.805381989382036,
-0.565190775082878,0.924782942424566,-0.206532437657587,-0.554740593885323,4.064423733501204,4.359510613410103,4.661438624462317,2.603346946640818,0.606365270473146,2.801358557433680,4.688920313889090,3.751117433016951,4.375515534131179,4.734519782704415,5.978471857889559,1.338073628534100,3.153268595329399,4.531889696414678,3.856131482188525,3.655073734907890,5.542945287726292,5.466967964942842,-0.000369544722594,3.344237432672108,4.348707627298771,0.889480246323099,5.704266553704175,4.515607025059545,2.141474460622968,1.869236879084289,3.222273631686552,4.066809018913026,7.154025213306743,2.719755628626590,2.596942015903218,6.471397099495276,2.815332941373121,3.172031675217501,0.517989380158394,2.422770205453544,4.495924469162544,3.805381989382118,
-0.566293505033271,0.921110617999586,-0.204533042047839,-0.553349523585772,4.061958235473176,4.358298492197406,4.658679036724629,2.603253144186548,0.603359849082487,2.807761985670078,4.684394675713015,3.751749249544746,4.376680438657280,4.737685778491914,5.973892758595749,1.343459044650539,3.150264079168542,4.529589388595877,3.860671271408889,3.662082480809599,5.537322305745817,5.467063236266207,-0.003184175528883,3.344316986506916,4.348992341780272,0.885883616281858,5.705414663105398,4.513493199938820,2.143259061069839,1.877185441189839,3.220514138839573,4.068167208736295,7.155719596753148,2.718648719828517,2.593102827717541,6.476751914248360,2.807793035389337,3.169128151107130,0.520993814846315,2.426722886954854,4.491208709417738,3.805381989382125,
-0.566913495502234,0.916561178924091,-0.202005739107042,-0.552297780349823,4.059881183485671,4.357394129226828,4.655816195647621,2.603184507204316,0.600974312052346,2.813579433911036,4.680050374871063,3.752427187533715,4.377767940325995,4.740940400258753,5.969543246902136,1.348675066875779,3.147138196559824,4.527586342598777,3.864879559582239,3.669192710534309,5.533099419113180,5.466735298100706,-0.006237810497511,3.343812278495654,4.349493548014092,0.882507616013537,5.705943000860978,4.512033809071594,2.144666627319811,1.884662224226955,3.218419158972885,4.069308764338007,7.156810388464636,2.718235033606092,2.589680706878475,6.481854416164217,2.800708626147964,3.166931085364587,0.523275906433917,2.430149950609787,4.486681885144145,3.805381989382110,
-0.565575027321372,0.907867510983850,-0.197533438220954,-0.549316629476793,4.057437791678107,4.356343606849847,4.654078281355218,2.603016089318401,0.599661344057056,2.819354605591659,4.676513121500662,3.752779883321336,4.378679645127564,4.743031945541104,5.965037640926534,1.353291522667555,3.145135250522771,4.525536272806139,3.869356799217710,3.676862703123334,5.531580452377558,5.465626153527631,-0.006895108424158,3.343309047715849,4.349568804761518,0.878056883790459,5.705335081604580,4.511457345252150,2.146286313457182,1.896548946652080,3.216542322876823,4.070198603487096,7.156676127119619,2.719505082109281,2.585823496206702,6.489213993904392,2.789399511357455,3.166965830321702,0.523742013655877,2.432075242299799,4.481537410600416,3.805381989382130,
-0.564490613953736,0.899351025048783,-0.193789884488808,-0.547055915021368,4.055541353009158,4.355507459622306,4.652193080705470,2.602927743262604,0.598574116777754,2.824337682727883,4.673394943633044,3.753113680930884,4.379302687401751,4.745231926190637,5.960952321218227,1.357357381118503,3.143018481438897,4.523807352606127,3.873368898449367,3.683537304386535,5.530969916723929,5.464454716739485,-0.008127662135852,3.343165361520419,4.350410342174865,0.873959075315130,5.704068789427410,4.511718658148800,2.147597190806512,1.908603017865693,3.214532262495189,4.070378173590862,7.156656725381305,2.721296207349133,2.582394658241395,6.496571266596341,2.777993074332112,3.167441015153890,0.523701898949356,2.433597186708388,4.476508463243309,3.805381989382153,
-0.564072420621689,0.890682145939188,-0.191672110215876,-0.546447048666760,4.054590626482798,4.355049476635971,4.650336008897131,2.602829552402663,0.597681170020203,2.828517628846615,4.670236538106080,3.753619925709365,4.379866499315145,4.747378903561086,5.957356870466450,1.361185382488588,3.140953902028539,4.522455364771221,3.876766106102489,3.688952944578785,5.531279132471850,5.464284428276578,-0.008841845938424,3.343064704480684,4.350715905337680,0.870337524707049,5.702569377828983,4.512948794768273,2.148352213200315,1.919536342096359,3.213416916709625,4.069311648289608,7.157316806644412,2.723876384077339,2.579510841900131,6.503199019732189,2.767830632062525,3.167280466413443,0.522838466390333,2.434248354096353,4.471899686812901,3.805381989382187,
-0.563371346807628,0.881241185972865,-0.190107200316566,-0.546127684762955,4.055958983044474,4.356240676047755,4.650983029734859,2.602077372294376,0.598676098246521,2.831240891376100,4.670076768180790,3.753586951133617,4.380425982400978,4.747489825375478,5.954215625225532,1.361808081502006,3.140878563717941,4.521057007029468,3.879803599468878,3.694145591497284,5.532938863767852,5.461770002017113,-0.008719538489067,3.343456819915846,4.351500564009442,0.869655433500372,5.700688464110777,4.516065343758527,2.148066209371448,1.929184719996450,3.211132505753607,4.068212231715623,7.155713042280887,2.728036939520929,2.579175275859076,6.508939877418094,2.758909298770909,3.167876418306661,0.520499602346145,2.433269090904640,4.468350288209531,3.805381989382433,
-0.563358672791742,0.872736943865331,-0.188955096595536,-0.546527679667612,4.057434124081110,4.357714582281579,4.651127850154793,2.601445852084151,0.599496285114354,2.833932033487609,4.669050402779188,3.753907452254285,4.381305617376680,4.748054465279668,5.951299106550917,1.363231019334379,3.140335776595511,4.519971807576353,3.882535507952684,3.698318132511219,5.534377499608463,5.458822983336978,-0.009590333826069,3.343616849701074,4.352417780367753,0.868500377690529,5.698880275837936,4.518869610801041,2.147527636982198,1.936781766850876,3.209121004117422,4.065992020827569,7.153660118321376,2.731669117494547,2.578498781828616,6.513633568368366,2.751897581259235,3.169333141673211,0.518606090797637,2.432749872807997,4.465628909162223,3.805381989382642,
-0.563864396822318,0.862932104143131,-0.187495868789412,-0.547836100947283,4.058862395424099,4.358727457889103,4.650942326806426,2.600951166709505,0.598770404580198,2.836858437260765,4.668622915133231,3.754167876281215,4.380836771153757,4.748802970013141,5.947871980181842,1.363938842836565,3.139611052627269,4.518168557915473,3.885550132480954,3.704383500182620,5.541527736828935,5.459817417472753,-0.012869759377186,3.341450308882886,4.352698235430217,0.868280093323319,5.694671833379391,4.521777548890400,2.148761479811423,1.950900688337983,3.205284638304587,4.066335328218686,7.155579507298325,2.737726405773270,2.579735399909673,6.523650174612657,2.738522321429138,3.170207730695453,0.514024806231480,2.430570048071720,4.457085618255845,3.805381989383003,
-0.564397236980888,0.853440132828317,-0.186248796524228,-0.549198943545121,4.059808363652536,4.359459907424972,4.650652234917134,2.600615408517431,0.597454967753382,2.840250070345069,4.667889054589083,3.754301679566048,4.380342200883732,4.749229870651834,5.944161218045710,1.365038736481979,3.139221460185786,4.516157217163745,3.888827956503375,3.710437593202023,5.547369561219938,5.460110259375276,-0.015041789172343,3.340018625395327,4.354937203523059,0.867993284395456,5.690948254142331,4.523933307568504,2.149955191024042,1.963807398901124,3.202323808728591,4.066272239704237,7.156878773382453,2.742656702771245,2.580649582960727,6.533128407528291,2.726335544977311,3.171456819915617,0.510750689469578,2.429705278977129,4.448662126840834,3.805381989383299,
-0.565153075133374,0.844765204757800,-0.185253899044642,-0.550480970994597,4.059769260570163,4.359888239968041,4.650558559348458,2.600404647708031,0.595517197067472,2.844239469120391,4.666677096427290,3.754299675356030,4.380635257797494,4.749421260708467,5.940185462453752,1.367287122824307,3.139071646983107,4.514326544255572,3.892475180747784,3.716361106828954,5.552434662198333,5.460152891681438,-0.017812621094180,3.338419129662976,4.357309878005925,0.867605761119090,5.687932066890223,4.525596749546903,2.151128324838543,1.975404148930261,3.198969624141786,4.064358278409967,7.158026774433691,2.746406909835220,2.581267078881736,6.541786264102436,2.715336157859623,3.172413800856463,0.508670564109791,2.429822154698229,4.440893882926420,3.805381989383580,
-0.565807005666606,0.836623642096814,-0.184314740549692,-0.551747530858677,4.060125572235687,4.360728013134102,4.651062514693349,2.600268409800796,0.593582541032858,2.848387147935593,4.665595476410471,3.754125887834974,4.381185290328722,4.748942967615007,5.936008652483499,1.369714827162996,3.139558937468473,4.512296116792147,3.896305725105341,3.721922358561760,5.556817990973819,5.459885573278319,-0.021432806679706,3.337181408566304,4.359193329280830,0.867330146031531,5.685389555936746,4.527864663149801,2.151696622260170,1.985015453785066,3.197826523301262,4.061391653247329,7.159124801377176,2.749790280532846,2.581835954392898,6.548898476813027,2.706384519517245,3.172665552023807,0.506991361585162,2.430147748658820,4.434581816967275,3.805381989383863,
-0.564390859627209,0.829715609842758,-0.184572815990227,-0.552001928517135,4.061808926778346,4.362985905905348,4.650595206751870,2.600460619398317,0.592261406604952,2.853106506362074,4.663617688405227,3.754125075462325,4.382409592475890,4.749260583089187,5.931078503287055,1.373012627454649,3.139219033454967,4.509548258003370,3.900652489369889,3.727464114546111,5.561163136501440,5.458691995144135,-0.023286887784021,3.336076903600640,4.362751182889014,0.867672291269641,5.683528533259347,4.531566945967873,2.151364089594372,1.992226120691522,3.195876879318707,4.056820416707378,7.159565416534210,2.752715165711870,2.582596997496535,6.554299630537566,2.699810158886184,3.173488091136033,0.505881257689035,2.431018138216834,4.429990084135635,3.805381989384062,
-0.563048329214299,0.824307912441158,-0.184679817759595,-0.552421825988918,4.065270879164496,4.366629902275406,4.650893576710052,2.600469909624350,0.592523870716401,2.857254790284093,4.661628063764309,3.754239266175935,4.383844420667326,4.748816584774561,5.926334239075516,1.376152518032512,3.139671858320302,4.506749912453989,3.904782273211500,3.731605423901516,5.565765997309246,5.456876552115519,-0.025240233762941,3.334937828899616,4.365979780347540,0.867595260146920,5.681495570659043,4.536716137913618,2.149813626878724,1.995271851332121,3.194597087088134,4.051325747940763,7.159215412684547,2.756053782512274,2.583127623576332,6.557384900140160,2.697217144270029,3.175466917799677,0.504254108837322,2.430877564332338,4.427479522765317,3.805381989384215,
-0.561970418412168,0.818009986431608,-0.184629525859822,-0.552707810075704,4.067658600425570,4.369819187324259,4.651054695557474,2.600532761078392,0.591854983006249,2.861757803717067,4.658588758923710,3.754424386758063,4.385731264434399,4.748418027319181,5.921506900971846,1.380347087203871,3.140082650372743,4.504110531195007,3.909146145954157,3.734857919782004,5.569439100385398,5.455863330412281,-0.025838201818349,3.335260829493193,4.370490361124719,0.867525277783848,5.680694389100796,4.540171344678861,2.148788557199991,1.998046835402281,3.193837841663004,4.044371156294346,7.159955979072608,2.757927000435243,2.582953757614624,6.560575302539101,2.694818704593089,3.177201246201461,0.504249013597761,2.432666206811471,4.424544636833742,3.805381989384362,
-0.560935683326332,0.812655814865057,-0.184359190683422,-0.553083403380350,4.072188590667396,4.374862428382745,4.652213367604310,2.600261936711388,0.591045096955089,2.867097087368859,4.656995629326677,3.754335571175384,4.388393872439644,4.747375912486867,5.915915968893942,1.383054510281426,3.141086211855459,4.500841397193078,3.914183236845225,3.737652582251838,5.570998871263187,5.455285838551429,-0.025508258817846,3.335879044001864,4.375268485503262,0.868535103110066,5.681769853899457,4.544443138088093,2.146666644153242,1.997025812061812,3.190951589266413,4.037307811301094,7.161333615140576,2.758343945231516,2.582793219300370,6.561233771004091,2.696332242208905,3.179137003973946,0.505819854828221,2.435983385032157,4.423922655480708,3.805381989384547,
-0.560120161977258,0.808109853770383,-0.183993377246182,-0.553631783912997,4.076186437628718,4.379889455989918,4.654640761473178,2.600113682975308,0.589299080968801,2.872660454489648,4.656242495957401,3.753690090970259,4.391710449609674,4.744927338791635,5.910174336290047,1.385840383380738,3.143459217682703,4.497594374703551,3.919616628237410,3.740488797694739,5.571350063898704,5.454623095463465,-0.026491072792597,3.336774690198639,4.380679825689816,0.869356865858418,5.683407409505921,4.548035013415594,2.144777381459892,1.996223466685646,3.189623207082261,4.029688300111659,7.162783207784425,2.757172781785376,2.582401237159984,6.561882035441186,2.697663058776588,3.180695205050432,0.509016284922620,2.440848073522309,4.423090132171498,3.805381989384718,
-0.554859843065323,0.803373547479247,-0.180091308871204,-0.550764894141456,4.081540892071841,4.387106040907117,4.657081572137578,2.599947926413513,0.590418412212049,2.878537686764012,4.655704732709283,3.752906129992565,4.395740625608802,4.742460737937525,5.903525722453069,1.388316006263370,3.145881817535599,4.493338164635138,3.925873839600063,3.744421346586493,5.573306084236963,5.452732287532636,-0.028336636299904,3.338834728189465,4.383807297810298,0.871741099473286,5.684368118319616,4.554566330531499,2.141940761038431,1.994437371875939,3.191725509508009,4.024847440241943,7.164819390668236,2.757898791836453,2.583417846018388,6.561337450621802,2.700121921327418,3.182940770545547,0.510290170985397,2.443757086334618,4.423657712222137,3.805381989384740,
-0.549923807981027,0.798856869193327,-0.176674506448412,-0.548098666130829,4.086045852254552,4.393616560367530,4.660632328388478,2.599732365296199,0.590965720848360,2.883964774117481,4.655829079866344,3.751855447406597,4.399844912226440,4.738817447616531,5.897590541406418,1.390550956054828,3.149452088808380,4.489876160204318,3.931697658216935,3.747675987824102,5.573772477973937,5.450496985378220,-0.030797224885512,3.340575825851117,4.386709840775749,0.873539947359102,5.685606162352502,4.560130025723137,2.139409527394522,1.993045080154037,3.193218764423981,4.020501827229460,7.166285913239808,2.757819074817799,2.583966184292482,6.560939746114765,2.702048471063086,3.185414462327229,0.512311616471566,2.447205582606605,4.424287969005914,3.805381989384754,
-0.545390102338181,0.794332765891082,-0.173674421017168,-0.545639895389777,4.090080495106165,4.399770908447163,4.663159062055510,2.599580588200333,0.591150269061230,2.889152130725333,4.654706502306631,3.751233706233347,4.403848859932100,4.736227834877599,5.891910035265681,1.393764131632707,3.151983111259252,4.486729628354457,3.937198339945248,3.750517156254739,5.573890566069473,5.445674858495139,-0.034083775704124,3.342406359566425,4.390444174129572,0.874183677876789,5.686417403771581,4.565611191584600,2.137010997292104,1.992104777681923,3.195029966417834,4.017574588720102,7.164739198567132,2.757315408866102,2.583845577167839,6.560730685363858,2.703617464721090,3.188464932578363,0.514745072133816,2.451110970024715,4.424697543725276,3.805381989384638,
-0.543068871481407,0.786295913332978,-0.168543681344861,-0.547380505743290,4.093686149631462,4.403454850540825,4.666455292698405,2.599330825380499,0.592343814356813,2.891238722519464,4.656645038211232,3.750434541304554,4.404760482005750,4.733212364060788,5.889065058792291,1.393215450673728,3.154938448315367,4.486151552231698,3.939931468670558,3.747885346181797,5.574845736229802,5.444090778547449,-0.037808151709077,3.343302833477197,4.394984669921132,0.876800369138418,5.687110652531587,4.571515818706251,2.134418262686174,1.990290933217881,3.195961706588315,4.014796199103891,7.166220631531085,2.757644380561798,2.585283756852729,6.559791161711497,2.705983455564984,3.189704127236238,0.516364533187052,2.454343851316020,4.425794863674235,3.805381989384693,
-0.540051396712406,0.769870087718293,-0.163017817619540,-0.546678965178293,4.096564742762695,4.406440544084014,4.671747931656352,2.599017490341585,0.594877326938099,2.893350176062753,4.659841746263179,3.749121456255326,4.406091667021209,4.728157708907069,5.886786692171682,1.391820471677748,3.159790914680118,4.486625957698953,3.942584412647839,3.747027140613393,5.573557689554415,5.442875080584240,-0.041601103600234,3.343286480172042,4.397733173896270,0.879017366683783,5.687918839232535,4.576328088081956,2.131666882828307,1.986979604770859,3.195872135399201,4.013993992013680,7.167855651963427,2.758153284803178,2.586447044939276,6.558549965785775,2.709679346119730,3.188342700237271,0.517836093234990,2.456790043821802,4.427134335378233,3.805381989384743,
-0.536895895797892,0.754183779976016,-0.157607013914758,-0.546024543461430,4.098778763192738,4.408757941638986,4.676928412362297,2.598736430665519,0.598822383223563,2.894438691730695,4.662651076367023,3.748017438092523,4.407045821774318,4.723171288061249,5.885553519355240,1.390577516362242,3.164604458183229,4.488065847119446,3.944307241530764,3.744514147808988,5.573444557873793,5.440229060142990,-0.045202456879607,3.342286099012554,4.400694327357719,0.880909683109389,5.687978488160078,4.581928987494112,2.128015533772349,1.980975973018240,3.196689853662314,4.011916889366528,7.167961575914140,2.759655690788377,2.587611783977343,6.555423007227282,2.716059381021317,3.189259317561032,0.518289631428729,2.457924512290674,4.430437529086153,3.805381989384890,
-0.534821616393345,0.740049490752168,-0.153637464194063,-0.546514909058057,4.101046256806860,4.410813796498268,4.681295136575139,2.598514685763014,0.602264454439508,2.895326532232005,4.665298349996699,3.747051942331725,4.407796283423619,4.719040847934579,5.884510781724116,1.389284189589497,3.168533075598686,4.489603848426427,3.945733345637836,3.741622582968403,5.572769071094528,5.438819227455119,-0.048608629284088,3.341040624449639,4.402689618090597,0.883513251693445,5.688404549800928,4.586995108727367,2.124295954787233,1.974083192169048,3.196974656547969,4.010148847751425,7.169512447792805,2.761044135393799,2.589263130638314,6.552055438249121,2.723370605541841,3.190576127817082,0.518725483941770,2.458949105442143,4.433606347466910,3.805381989384985,
-0.531995496651783,0.725218945877274,-0.149010501159186,-0.547278726769591,4.102692075192854,4.412335629729792,4.686172701587320,2.598324342912094,0.604371330665307,2.896110726205580,4.668575415304749,3.745809606228747,4.408315071348285,4.714301139618575,5.883640819513903,1.387684508022812,3.173097910543071,4.491294022802254,3.947023770035786,3.739870977981326,5.571536014012964,5.438392158293070,-0.051357836745458,3.341549931494573,4.404372144478926,0.887331799105624,5.688549403488956,4.590627370705746,2.121985733398863,1.971366822309929,3.197166582657085,4.010192252346202,7.171739540852858,2.762525497024520,2.591981083262393,6.551537051691112,2.726621486857285,3.192340606237494,0.518910329189310,2.460009504414673,4.433860711977200,3.805381989384906,
-0.529357352370776,0.711462067126229,-0.144918807024291,-0.548015800947931,4.104393785183765,4.413989174047678,4.691367267008072,2.598147585742496,0.605971063919732,2.897126989179214,4.671944303466258,3.744389705563897,4.409092277589762,4.709136910004420,5.882443534864430,1.386326910972492,3.178101140462657,4.492524114269951,3.948579170144742,3.738337950063267,5.569876538438558,5.435822380578389,-0.055632591554701,3.342199065200841,4.406137682048798,0.891683267919259,5.688817286945940,4.595224326320353,2.119546617650245,1.968739094670737,3.198663163552667,4.009043319136037,7.171982834064307,2.763797686595941,2.595081419725059,6.550556611444241,2.729743827259781,3.192467561504426,0.519245346359208,2.461064065781423,4.434690405962908,3.805381989384709,
-0.522774052690818,0.697054169880593,-0.134981742928032,-0.544107623546984,4.105223065431586,4.417517203779298,4.696113626484696,2.598050749750980,0.610658371873004,2.897546315647874,4.675204173393177,3.742975944495604,4.411269354299629,4.704411628804642,5.881494532530807,1.385026533264582,3.182760145038670,4.493849164286413,3.950217909449605,3.738837136072600,5.571424664321189,5.432316435042799,-0.057216116851970,3.343172121290159,4.409625486277685,0.895215502350747,5.687125475684780,4.600594827969595,2.117035823465631,1.966823755827672,3.200091462229062,4.012271873761770,7.169659435458853,2.768120947205154,2.598008722563308,6.549913822573544,2.732338051085718,3.196514244008047,0.516787641443090,2.459245006666047,4.435201621398824,3.805381989384513,
-0.515068036612004,0.680238011061130,-0.128924286589352,-0.537840336901860,4.105995645453053,4.422172653517159,4.700429226429641,2.598023000326835,0.614589344765794,2.898981894134599,4.678470783171226,3.741417740617226,4.414322342982461,4.699964590374711,5.879525423010531,1.383775366088936,3.187197448408838,4.494330958766382,3.952869342483301,3.741660920473069,5.571299878226624,5.428795232400506,-0.058310726204068,3.344338228019496,4.413396046201129,0.898358265018035,5.686093882756177,4.604765482029329,2.115238688681953,1.966013855246185,3.200884801187409,4.016659920599718,7.167772773707137,2.771046033754506,2.600428267285574,6.550043673843312,2.734015488007831,3.199417886325879,0.515796289478244,2.459124469510212,4.434592110188284,3.805381989384530,
-0.509550073373989,0.666439961857618,-0.120947384992592,-0.535577128924298,4.106364487662672,4.424712178137414,4.704380346805803,2.597990188309395,0.616927056461700,2.899187352581548,4.681687170244005,3.740161335707149,4.415547086659521,4.695885062454725,5.878891536310476,1.382104498737226,3.191250670061373,4.496158266020859,3.954113305588483,3.741727554598810,5.569770310437239,5.426303315156776,-0.059382879512799,3.345737469347547,4.416789649294851,0.900996881617477,5.685344491885894,4.607575530688114,2.114091267183567,1.966161813793281,3.201451850289334,4.021904893635907,7.166892492488696,2.773351013918223,2.602180104898139,6.550873257603397,2.734708959536581,3.201396330548051,0.515386762486378,2.459534393901154,4.433197832149150,3.805381989384570,
-0.504876013071828,0.654709553697613,-0.113337739962900,-0.533967860989113,4.106213499241507,4.426461831425160,4.708003252939346,2.598002464720685,0.618214095459066,2.899316253851484,4.684400493982281,3.739027007025626,4.416595500013786,4.692205793085252,5.878561442188714,1.380814164905614,3.194930978570393,4.498222558183802,3.955125887287402,3.740958922617320,5.567166479856134,5.422884894656523,-0.059319674856387,3.346964574954539,4.419533054722417,0.903944325591221,5.685977511555600,4.609569021321984,2.113334366612214,1.966701894719974,3.202155334731459,4.026659547471307,7.165084186299396,2.774692725904659,2.603600833133889,6.551734225719209,2.734920367035762,3.201828656995037,0.515968528604747,2.460924161560479,4.431895855377735,3.805381989384590,
-0.501234946310998,0.644294338509349,-0.105603996935457,-0.533801298016042,4.105764993872508,4.427325731621603,4.711420002936678,2.598269411229461,0.618141379670307,2.899342914162417,4.686154825847255,3.738214383200434,4.417286155406416,4.689079315419008,5.878382097943430,1.380273805862281,3.198074568974909,4.500482921856278,3.955924613334787,3.740245311742525,5.564206978091374,5.418292422370495,-0.056399033218129,3.348034578913960,4.421615446640131,0.906640008214591,5.687125045369375,4.610572133446778,2.112986121066134,1.967684118332072,3.203120434327704,4.030585756758825,7.164019788186661,2.775527075271805,2.604697137265043,6.553235845396948,2.734655845614273,3.202500586108593,0.517072666302005,2.462892735861490,4.429755458610442,3.805381989384683,
-0.497285808524689,0.634107867320319,-0.099463950203161,-0.532680632225940,4.105136740341946,4.428331758184157,4.713637575121512,2.598046459810870,0.618048552971664,2.899742518721558,4.686774783006910,3.737513662788166,4.418598975133007,4.687058674122563,5.878099101823251,1.380899578792168,3.200202559197670,4.502800395834385,3.956886086480582,3.740125508883011,5.560669233176460,5.411513262219362,-0.053034888392503,3.349138429863854,4.422170355432955,0.908539020432225,5.688231486267202,4.611167944072561,2.112788865450828,1.969018569993783,3.204061770368634,4.034678745868756,7.160422969442744,2.776374357583215,2.605053853442918,6.554841299442995,2.733961705311359,3.203527242621498,0.518084586351479,2.464310836242475,4.427735719787956,3.805381989384856,
-0.493807137353752,0.624814552267651,-0.093710715688518,-0.531640295297842,4.104069042447238,4.429024864293532,4.715179444819263,2.597641379626582,0.616994843329708,2.900349463333586,4.686479485091842,3.736987104645671,4.420007118962674,4.685844794620163,5.877740066113709,1.382405802769815,3.201537988814684,4.505093932278275,3.957941452937017,3.740110179069023,5.556831588785564,5.406063089658837,-0.050208498460341,3.350726577079494,4.423292312664080,0.911150093638782,5.689890407461561,4.610941032258411,2.113096359847047,1.971477742781642,3.205272102551972,4.038027658638597,7.157731139555184,2.776614697360674,2.605904522652660,6.557032805208181,2.732095958441032,3.203951053464360,0.519605089061877,2.466323519009815,4.425129754206885,3.805381989384959,
-0.488981843653673,0.615546052812812,-0.086422889181018,-0.529748298428486,4.102844207861858,4.430039768054029,4.716157781792754,2.597221421241476,0.614415680526288,2.901850980181043,4.685841422659657,3.736358507676858,4.422070306445602,4.685225407302672,5.876788722917905,1.384663224789844,3.202328596095790,4.506819350986051,3.959604448582631,3.741855644031848,5.552619000345821,5.400446043234543,-0.048848839911780,3.353108274228483,4.424996544536438,0.913414021803143,5.691614215256018,4.609719048992857,2.114457654316417,1.976966981099308,3.205500270368784,4.041633810016845,7.155322953236992,2.775936568453018,2.606519662345776,6.561089129586541,2.727201860586600,3.203000104067529,0.522081223943359,2.469478851028607,4.420625512618082,3.805381989385146,
-0.485046729057027,0.607203167797371,-0.080070808337197,-0.528207621246732,4.100959768967892,4.430641069467318,4.716472608166050,2.596573821892238,0.611605199482455,2.903075397926003,4.685036380289885,3.735671505565781,4.424341967150395,4.685315228271497,5.876315213378973,1.387390956636471,3.202453732598292,4.509250391588624,3.960998976297399,3.743268235530735,5.548165422484399,5.397588818547455,-0.047836261484987,3.355032424001602,4.426085374360546,0.914772670875772,5.693294693112958,4.608064795064893,2.115957745169586,1.982475935323708,3.204604469971530,4.044083616191164,7.155355531024689,2.775023766795552,2.606525920797935,6.565166221490761,2.722170917184516,3.201151549618849,0.524844437818260,2.472740467954058,4.416184850582645,3.805381989385283,
-0.481140718716368,0.598597866407649,-0.073841951276128,-0.526586582720269,4.099364524377043,4.431309687433985,4.717187558785939,2.596155428559033,0.610205605064651,2.904033549885086,4.684503165698100,3.734915641647062,4.426902980747438,4.684955489304884,5.876198759292644,1.389931319159115,3.203067163427575,4.512035209011661,3.962105742593072,3.743693768729305,5.543882690404693,5.394536659216952,-0.047295073147032,3.356809249320912,4.426321030948676,0.916119982229291,5.694861573913463,4.607796675858289,2.116505672660782,1.985393610033428,3.204321438588581,4.045623222309155,7.155106880678122,2.774911422080908,2.606652335638270,6.567579580592525,2.719627145669497,3.199919867079605,0.526667079451153,2.474258528120328,4.413569861021915,3.805381989385339,
-0.477524114450401,0.592583367453863,-0.068309324980579,-0.524984997437147,4.097709114913350,4.431876133890810,4.715929271946401,2.594648363892454,0.608721224475267,2.905127346850888,4.681602570338501,3.734655321482481,4.429851098120099,4.686452167154044,5.876090589615601,1.394644136054692,3.201916323262961,4.515199917935228,3.963271344228223,3.744020968961383,5.539018118371546,5.392154218412167,-0.045730375703761,3.358518924374436,4.426510982557077,0.917119899138770,5.696695868325024,4.608439238644753,2.116742195681740,1.987885541871830,3.204192397215839,4.046176252806451,7.155565847975385,2.774492675722230,2.606317414663099,6.569380169151925,2.717431158774819,3.197249056701179,0.528969138519893,2.475853191111796,4.411717209491505,3.805381989385387,
-0.474510923282080,0.587280660375943,-0.063437862006293,-0.523909654838398,4.095915089396771,4.431599832312431,4.714279088694123,2.593229343046714,0.607564926459766,2.905537683874954,4.678917049928669,3.734517735406262,4.431835968591808,4.688324007417361,5.876603032866537,1.398855049480204,3.200387675077359,4.518955643429345,3.963770287108890,3.743148131687524,5.533966790885135,5.390511239082776,-0.044670017458917,3.360042201603870,4.426989692445785,0.918784935067459,5.698480541750623,4.609982459458491,2.116724988104647,1.990185828483704,3.204690346424732,4.046183336262710,7.156700468264027,2.773922419900894,2.606594268180864,6.570683294618033,2.715537983791669,3.193056544742193,0.531362318584200,2.477305567404671,4.410423368777177,3.805381989385414,
-0.472031649035015,0.582289229201271,-0.058911633805080,-0.523018975936210,4.093421273002960,4.430750945388946,4.712397344204582,2.592008718045206,0.605835504969404,2.905900633949066,4.675678169697391,3.734490734390695,4.434192116586523,4.690856235689537,5.877303715472520,1.403558010696655,3.198247776751979,4.523096422896652,3.964299895907220,3.742431729202973,5.529121930124472,5.389606189776129,-0.042635993186958,3.361485971772251,4.427268151112289,0.919726477767606,5.700914149051707,4.611109208831349,2.116803538995121,1.992313214373562,3.205545741348292,4.044008980633369,7.158696882318853,2.772782526983697,2.605921722204461,6.571952045756017,2.713730673079724,3.189003016903012,0.534463491535789,2.479441098464392,4.409186133657726,3.805381989385411,
-0.464601071987340,0.571371792519440,-0.052389337871856,-0.514350584403370,4.090974686240156,4.434609353531087,4.712026801455473,2.592089995143631,0.604730010050651,2.910079584715255,4.674155860341085,3.733591489098257,4.440168729938355,4.692338442350126,5.873714649606600,1.407479276835487,3.197187785015156,4.522751687487657,3.968933608413518,3.748136851096021,5.524498930569240,5.385190021593411,-0.042176009909822,3.365401772357323,4.430409309928916,0.921257011652034,5.699417787361204,4.609201287857960,2.120770879405232,2.004405940466131,3.204210848797527,4.051178547262690,7.159206436223299,2.774830206398853,2.608770516442642,6.581120210296055,2.702114064929044,3.186335914022481,0.534033740883865,2.480112911819380,4.399497341577746,3.805381989385508,
-0.457299255277818,0.561818110846621,-0.046257207083173,-0.506339752635965,4.088953394055665,4.438544893419667,4.712501996345336,2.592411968969826,0.603637257745477,2.914143589931216,4.673586584453411,3.732385377941665,4.446134073212045,4.692824129544647,5.870051971841226,1.410787923760317,3.197098035114008,4.522200201943432,3.973627116054737,3.753034841639335,5.519752358058502,5.380106358610278,-0.042212352428590,3.368872121224477,4.432853349096814,0.922492151691808,5.698374457742583,4.609345803637205,2.123839417289556,2.015249839174123,3.204416026227598,4.057424214019962,7.158625914363443,2.776456636305523,2.611185745145455,6.588747353558690,2.691742946393484,3.182552924814492,0.534067900001937,2.481137497027926,4.391524535002803,3.805381989385555,
-0.450542119801090,0.552420465784780,-0.040735378199223,-0.499265816538770,4.086730093121034,4.441642174256705,4.713001265235627,2.592831665745492,0.602989889141778,2.917493443067472,4.673389638924279,3.731149041420781,4.451582505003413,4.693236634108760,5.867098911210125,1.413701416856149,3.197060483175080,4.522311620539284,3.977656883634580,3.756738230148184,5.515565227972220,5.375961640157829,-0.042377681910059,3.371624072471626,4.434502684507535,0.922891255455788,5.697286068471549,4.610422520277092,2.126201289884952,2.024702331674397,3.205041464572376,4.062238371357708,7.158714105374719,2.778343609568451,2.612865011063190,6.595231507283936,2.682728795528028,3.179331247759559,0.533940949859993,2.481641884529315,4.385075231676111,3.805381989385684,
-0.444613406939740,0.544037714806634,-0.035540620666388,-0.493141684309103,4.084022937487624,4.443715183796783,4.712207102615752,2.592442924236424,0.601752548703655,2.920271711087179,4.671893215847996,3.730140344994525,4.456658745273367,4.694649277337355,5.864811261525688,1.417717899926941,3.196065788494530,4.523309866797599,3.981182412815060,3.758900649870123,5.511187957399497,5.372039642499531,-0.041170252736446,3.374457217328372,4.435555557342076,0.922363334956236,5.697168291051891,4.611489507124601,2.128319677048086,2.033275146487211,3.205595469027878,4.065283737159795,7.159034787097652,2.779222636475829,2.613088132462158,6.600872012852417,2.674527970415814,3.175443024074049,0.534871163969003,2.483015508447045,4.379545915434714,3.805381989385769,
-0.441738913735041,0.534579001588709,-0.033580243542280,-0.490707574948784,4.080287960169395,4.443580446578723,4.712373419725306,2.592217512595419,0.601264927126086,2.919861235005463,4.672060192084910,3.729224053120698,4.458327294738782,4.694864174386859,5.865457983569561,1.419447997693560,3.196167269731575,4.527098869885472,3.982053540011047,3.756428606090385,5.509756442804143,5.370258641940085,-0.038554007741005,3.376465727710752,4.438624130371550,0.926161550605510,5.696104970030236,4.611777073967669,2.130689816086356,2.041625346969257,3.204678600890696,4.066951999563734,7.161005160004299,2.781679239714759,2.616894481877480,6.606768050903678,2.666474846454741,3.172066738358315,0.533854936754761,2.482416044506115,4.373661163284420,3.805381989385865,
-0.440538971742375,0.525447730843460,-0.030926202747634,-0.490016926310402,4.077169234955497,4.443394574284108,4.714346254609642,2.593188823569063,0.600885614793061,2.919353758817499,4.674047156937558,3.728011092295632,4.459881936095929,4.693657280937183,5.866063407485571,1.419251155140408,3.197666655660616,4.530530448457682,3.982890116284620,3.752296206540756,5.511452819683800,5.369476941414336,-0.035649447629841,3.378491900577034,4.442139848390678,0.931947038708916,5.694716674127328,4.615358249728335,2.132306575985176,2.049511804750012,3.203208822487754,4.064969480956034,7.164040792187492,2.785275465323509,2.622514174373263,6.611216584641399,2.658854620488201,3.166933081621502,0.531520932408947,2.480053253201495,4.369673441648716,3.805381989385805,
-0.440837771794998,0.516065065137123,-0.029253767069529,-0.491003397873465,4.074342512416828,4.442270326752134,4.717481655406186,2.594529528473670,0.602676747152953,2.917141860566850,4.678874159761699,3.726420631610165,4.459862865647493,4.691124929166301,5.868304330432712,1.415966262165794,3.200381449499639,4.535505943480993,3.982048794739212,3.744007861263496,5.514702652641066,5.370451439112284,-0.033399337705265,3.379003919454688,4.443861016635696,0.938445229935328,5.693417673457903,4.621762052753433,2.132247306513068,2.053652730990615,3.204784432326413,4.061121293572798,7.168775904151240,2.789313358689022,2.628675213314720,6.612362708526831,2.654941051803565,3.160382301972441,0.528586114730824,2.476744058062675,4.369407530974841,3.805381989385609,
-0.441608870828238,0.507592420304653,-0.028397758990085,-0.492306851876488,4.071523744981151,4.440846011467481,4.721212654638025,2.595952628430200,0.605076797763998,2.914601029430740,4.684705301203969,3.724513495985913,4.459791938586195,4.687884965251949,5.870871720289271,1.412003819508208,3.203798535630183,4.540679577378123,3.980884681546279,3.734350369060439,5.518609215035636,5.372362454355764,-0.031785992102055,3.379073985514832,4.443565188099130,0.944238583977910,5.692426230205979,4.630290057296204,2.131198572128781,2.056172241125005,3.208944484877337,4.055736930701325,7.174527999698375,2.793313176660995,2.634171201535469,6.611573854522049,2.652667791717657,3.153031057444289,0.525817354880316,2.473254058118549,4.371411633397097,3.805381989385478,
-0.441017740946277,0.500191771890990,-0.028679704028549,-0.493815113526829,4.069337521794004,4.439425440711481,4.724235324055114,2.597015513362716,0.608219355552718,2.911797977113822,4.689197889757277,3.722946569418651,4.459676459179739,4.685260878454558,5.873503541316544,1.409133851361222,3.206568336761444,4.545965506974346,3.979497749472215,3.724968251228496,5.523916382160613,5.375243669624749,-0.031788688302137,3.380369889836726,4.443447705882551,0.947025102249226,5.690325929852950,4.641882046309853,2.128936345192061,2.056550534646180,3.210849947793762,4.049263214490264,7.181485225858233,2.798174437270526,2.637432059308582,6.609133958786232,2.652624652245068,3.151530916627146,0.522206052634147,2.468086449253838,4.375402836138846,3.805381989385415,
-0.440543559766203,0.492605997928152,-0.029222842167724,-0.495493307912091,4.067688836218442,4.438190235369571,4.727115802708277,2.598176599600457,0.612038839395518,2.909005783859720,4.693182859443210,3.721567593055308,4.459432095336388,4.682901123835977,5.875747636375027,1.406584548460736,3.209068324496144,4.550763573028256,3.978427165541492,3.715907398562630,5.530023177253306,5.381235349013282,-0.032408939471885,3.382110653638621,4.442394361121406,0.949077148062206,5.687585329254506,4.656064234294153,2.125486006681760,2.054561783581799,3.211240412543126,4.041704228552701,7.191596444620878,2.804247649019095,2.640290787677662,6.605043532633660,2.654929636498534,3.153086072733820,0.517271422784986,2.461204893391316,4.381175207964531,3.805381989385228,
-0.442125271766480,0.484905558737855,-0.033081894864516,-0.500259697996959,4.066035571184971,4.435263006642555,4.730212735994972,2.599184193875302,0.614719150525074,2.905168121145749,4.697855359876832,3.720186278903905,4.457562963477800,4.680216301623195,5.878821051635059,1.403165071000782,3.211872413918796,4.556163952914895,3.976411713836459,3.705405319403739,5.536385126522011,5.386877756957922,-0.033086697809181,3.383333619025128,4.441285250414584,0.951191461719831,5.685157804450200,4.669715662499339,2.122366806133056,2.053146893808544,3.212302298043782,4.033616260295023,7.201203802515899,2.809987261664253,2.643055663514424,6.601397062856385,2.656687822193260,3.153831945135268,0.512608285254826,2.454754353934978,4.386351390223122,3.805381989385237,
-0.443324104753238,0.478700488533384,-0.036304463339276,-0.504499958311323,4.064309624877382,4.432506295260233,4.733479529397435,2.600058968185643,0.616749449928679,2.902003444699505,4.702495599486789,3.718641317594730,4.456124008316815,4.677334223903290,5.881403577232778,1.400126592871689,3.214870273573575,4.561120177165803,3.974853719732451,3.695530869471240,5.541190935498188,5.391688355515027,-0.034413188190259,3.383906592906443,4.440478330278041,0.952880583219208,5.683406695902797,4.682147173072604,2.119541891711757,2.052509034626005,3.214630725528095,4.026131837769433,7.209870986361659,2.814301943253994,2.645238359209853,6.598183925913439,2.657691420275010,3.154169632616220,0.509515706963596,2.450072027518348,4.391180892140797,3.805381989385243,
-0.447334398961001,0.473095775795438,-0.043512001252239,-0.513442765793092,4.062126537632016,4.426973725490436,4.736778020142141,2.600893629883244,0.615277574160490,2.897505479408407,4.707583631751129,3.717350334779180,4.452184399772089,4.674308992678214,5.885207889104854,1.396150339761848,3.217979995908458,4.567248939894240,3.971886338160530,3.683714659969696,5.543479080535311,5.395549065804618,-0.036134151026369,3.385688425698871,4.440584096684501,0.953783174342949,5.682030263979173,4.690538105346339,2.118648337294658,2.054931566817940,3.215045563586598,4.020902867269351,7.217400338658305,2.817355799510910,2.646643411346853,6.598147554777904,2.655582505063473,3.154409203721995,0.507848727808692,2.447833853490103,4.392183591698549,3.805381989385240,
-0.450581253485891,0.467551857579994,-0.050350860353133,-0.522006405060074,4.060917187083370,4.422483659665376,4.739976396874827,2.601719711744659,0.613162956061351,2.894108441569331,4.712215966364004,3.716196491198444,4.448434656167460,4.671286462702864,5.887969683245862,1.392534885926747,3.221075112220154,4.572291778283852,3.969654850498066,3.673125425329717,5.544394505274413,5.398869099650636,-0.037980852941388,3.387406706104787,4.440020843080586,0.953815498733376,5.680921362142698,4.697832217116551,2.118227536583491,2.057902581589019,3.214978529468602,4.017458718345360,7.224042665150798,2.819441916427711,2.647286144390594,6.598962887104999,2.652852707107673,3.153859624270928,0.507063302674869,2.446591088573546,4.392066003520426,3.805381989385089,
-0.453625469036129,0.462746992244647,-0.056561288754704,-0.529838784068952,4.059580080121227,4.418212043935173,4.740970514708118,2.601514800464547,0.610970034862878,2.891092668599340,4.714252264258869,3.715716127276723,4.445297187887575,4.670577670169929,5.890707841058935,1.391380060476045,3.222057749046108,4.577745974258259,3.967548419055622,3.663048511541317,5.544145555426612,5.400836164589189,-0.040254965423151,3.388789805008190,4.438785968510438,0.953193720889160,5.680457469367938,4.703809773096038,2.117814985827913,2.059897106117602,3.214621283377173,4.014381016108192,7.229034727462182,2.820692801946887,2.647242671658930,6.599441443027094,2.651002048649099,3.154049142580807,0.507339285059834,2.446301569600336,4.392121840065483,3.805381989384972,
-0.456947129154773,0.457997256674363,-0.062822904609495,-0.537110373952999,4.058112543790661,4.413953083054620,4.740713343816968,2.600900441946219,0.609155444789520,2.888202119658248,4.715158377707562,3.715555437446987,4.442327123352087,4.671166692142127,5.893219571397947,1.391198216576720,3.221802776652986,4.582973313362690,3.965669437510843,3.653036507852234,5.543064154903718,5.403081258648418,-0.042280229141942,3.390497818673050,4.437851912429561,0.952478494241218,5.680280172411272,4.709393944666233,2.117009750457541,2.060194533037170,3.213681906061765,4.011632535697817,7.233936068846594,2.821317985543986,2.646963500334232,6.599064051653988,2.650923647549301,3.153511957954918,0.508275639434976,2.446542210749477,4.392683355544418,3.805381989384840,
-0.459584995319339,0.452403269553603,-0.067843090356781,-0.542956913195730,4.056196291838624,4.409999626658010,4.739445367881046,2.600147538642315,0.605684105555917,2.887038830405775,4.715248674085759,3.715446239747719,4.440067333566127,4.672841664280483,5.894615953510977,1.392113059812677,3.220515766549155,4.587315205797914,3.964923006201958,3.644953135401138,5.540112249783567,5.403089458023398,-0.044285266027669,3.392686054465153,4.437159715016226,0.949171551003352,5.680151365896228,4.711840037447125,2.117542407038762,2.062770710053747,3.210958595659506,4.010367773224718,7.236097542302932,2.820252003863470,2.644625875961150,6.600544877801857,2.648448156471600,3.152645852205288,0.511147552633918,2.449093067480937,4.391259138407706,3.805381989384593,
-0.461395764082038,0.447732403554759,-0.072534289133336,-0.548011190249035,4.054877306295430,4.406898421811340,4.738313289710128,2.599270259655311,0.602619076445181,2.886364187941269,4.715254022982912,3.715313123926077,4.438315922661971,4.674256466167522,5.895435021453523,1.393038022425395,3.219426598338183,4.590969164006622,3.964634419710785,3.637279373891942,5.536189891288945,5.402782475729457,-0.045326138400766,3.394656524321236,4.436206626000949,0.945955367661917,5.680934273582278,4.714899414637522,2.117381715832414,2.063816478766932,3.208853590059120,4.009420746484779,7.238162235152510,2.818579887256116,2.641854862780816,6.600962375108734,2.647484142769303,3.152042100994409,0.514640108159174,2.452284357915378,4.390858062934570,3.805381989384409,
-0.463050838171547,0.443953225567780,-0.077092638213923,-0.552665596464320,4.053670280246843,4.404151128348206,4.736110831803058,2.597881888043486,0.599286897563098,2.886220785001421,4.713407081517325,3.715746670001969,4.436933124965006,4.676748499597451,5.895892120393239,1.395610880300814,3.217280321164304,4.594309307190467,3.964624986978552,3.629973839360506,5.531234576461611,5.401811922093213,-0.046687717801639,3.396251579030241,4.434208403102748,0.942046885012789,5.682114376110559,4.716918137142903,2.117321996108277,2.064356805439338,3.206914907662334,4.009422168221207,7.239261209567429,2.816429872089327,2.638470268015329,6.601339790627973,2.646963885427728,3.151116371920587,0.518726513606019,2.456217888858411,4.390278943041987,3.805381989384299,
-0.465071716523595,0.438812441617430,-0.082223056971493,-0.557814617949551,4.052246576325590,4.401205143030851,4.734518278467827,2.596565504991922,0.595422196501693,2.886428352413704,4.711284435551822,3.716205649639128,4.435494831451046,4.678627552954897,5.896294358171645,1.398536546640888,3.215773639781855,4.597508476588390,3.964685925540170,3.623448909236871,5.525617278066155,5.402020483192836,-0.047472664738427,3.397083120252939,4.431474676794649,0.938079686161042,5.683238351167941,4.717344819554506,2.117968874675205,2.065386182834701,3.204380100175267,4.010428312864144,7.241434684366889,2.814609877149246,2.635033189061612,6.602737821188536,2.645938395109984,3.148966251368988,0.522388813656958,2.459772322697083,4.388512655562190,3.805381989384149,
-0.465542869078656,0.432936240569140,-0.086065959006972,-0.560948751635591,4.050995391830273,4.399234805685144,4.733083563149510,2.595625859552731,0.591419153138826,2.888252316672594,4.708894228340946,3.716529304282676,4.435045793308933,4.680395408803387,5.895407438844685,1.402015664385533,3.214367650866230,4.599439777793136,3.965922118559760,3.619756404337039,5.519458427094915,5.399637514262405,-0.048707759801862,3.397603148504241,4.428932310561413,0.933964601828903,5.683916727002006,4.717310279429076,2.118868469461103,2.067141181954905,3.201829197102374,4.012100675719916,7.240771009376630,2.813047616815963,2.631613768439559,6.604705696082619,2.644177529745147,3.148681284863858,0.525817257343331,2.463194503576398,4.386339790995176,3.805381989384085,
-0.466349583645061,0.426995168516061,-0.089103408353573,-0.563946797604763,4.049549516908828,4.397113164634948,4.731880640516900,2.594981270285844,0.587592722992462,2.890006293162834,4.707047026946451,3.716711586908451,4.434642786403707,4.682091639774707,5.894539845768511,1.404884876247003,3.213010963591727,4.601289357769030,3.967177535759425,3.616097459092739,5.513478113532068,5.397183218708304,-0.048985062546073,3.398226156892641,4.426292070037849,0.930815289702537,5.685382302783871,4.717158049169439,2.119851670475317,2.068887075334219,3.199414949209625,4.013187622457114,7.240012576687155,2.811578013520930,2.628615906379290,6.606766845641849,2.642397175120641,3.147675454363192,0.529176891255001,2.466477551140354,4.384067790909779,3.805381989384096,
-0.467441297231854,0.421989479839359,-0.092004180549637,-0.566783907722866,4.049033030835568,4.396078717202127,4.730553342438686,2.594046096738292,0.583891327736239,2.892235527848906,4.704586624376814,3.717060639753827,4.434650068400057,4.683844689195873,5.893216452619397,1.408251749340750,3.211551726878891,4.602762571991032,3.968663367005473,3.612622241990586,5.507187685243555,5.394570405284192,-0.049339243969409,3.398794644832608,4.423698519403672,0.927352102883748,5.686860560412043,4.717564923587753,2.120230072279956,2.069461953330994,3.200189004289042,4.014026227635079,7.238878259671530,2.809931216449702,2.625379574631214,6.607835122317863,2.642056539700791,3.146981462022425,0.532765340515769,2.470108457160824,4.382693273189316,3.805381989384158,
-0.465043348852555,0.415370654174376,-0.090987286376180,-0.565748184672072,4.052668167322684,4.401624547946992,4.722974194532161,2.590861237456315,0.584515891101557,2.897276867754721,4.696791035189221,3.719676090068734,4.439461591922530,4.692204153207787,5.888412026086502,1.415027432173395,3.203598994801678,4.599935365619087,3.972866331422512,3.612857196523628,5.502873219693236,5.391585834575419,-0.047566715422654,3.396162950780357,4.420107524843854,0.922067927513656,5.686863010011664,4.719226276830899,2.120078932367290,2.069179157171102,3.201532548121350,4.013686892017449,7.236310635270090,2.810378327540556,2.621270169069190,6.608163446856663,2.642578125117903,3.148996738141971,0.534172449569424,2.471392828162000,4.382225142907629,3.805381989384206,
-0.463054571018263,0.409554865189931,-0.090124840341776,-0.564871286571689,4.055458882866814,4.406445903330802,4.715024211975749,2.587724640572842,0.584327177668381,2.902521854909283,4.688536478257544,3.722270804291256,4.444216611129450,4.700929746564801,5.883610718526671,1.422564134520246,3.195309682536985,4.597394499490965,3.977199702557981,3.613268657552338,5.498202605292376,5.388547390312254,-0.046322924666096,3.394057159702954,4.416852047062238,0.916679678608486,5.686987849308051,4.720505015266655,2.120096376825880,2.069212482101078,3.202463884056536,4.013401269544429,7.233776029807837,2.810189946086326,2.617011789385408,6.608651376255341,2.642748803916324,3.150354150314389,0.536158847289042,2.473188434557332,4.381572913420048,3.805381989384266,
-0.460280938531239,0.401590279691902,-0.089850895418319,-0.563091503154355,4.057909120597394,4.411023853167437,4.708208155293092,2.585163436224326,0.584356166684527,2.907673193505206,4.681482507987638,3.724411185198109,4.448869685634117,4.708578290560010,5.878645660873616,1.429109916877728,3.188087561089680,4.594699842440526,3.981765047490779,3.614128607230453,5.495803614431347,5.381624619641117,-0.044069648833380,3.392968494112645,4.415108716739830,0.911434166970554,5.685992418004897,4.723199807146841,2.120080870631927,2.070724404656587,3.203198659632593,4.011403761904628,7.227398546271473,2.811084270261800,2.613100022584909,6.609371846972671,2.641445416802703,3.151971331229061,0.537068567897969,2.473989068016612,4.381056664478937,3.805381989384304,
-0.455865522596074,0.394237434262992,-0.090707530752898,-0.560924034570417,4.060880283913795,4.416105021136892,4.702437394758607,2.582985939401893,0.585200452539489,2.912790497886376,4.675239441332487,3.726282204096595,4.453613403279644,4.715095962383524,5.873309615414003,1.434952288213860,3.181940092765016,4.591655361077476,3.986513020881408,3.614787178086833,5.493944329753473,5.374111180026397,-0.041111390799494,3.391622810140502,4.413396329848486,0.906463699889840,5.685153078460234,4.728423469791496,2.118629488870659,2.069924903760938,3.201955393713242,4.009491805086811,7.220752079405357,2.811798445738603,2.609298364733456,6.608009119086835,2.642516407240032,3.154351039611402,0.538428840067732,2.475131731144787,4.382839613452937,3.805381989384354,
-0.450150882297982,0.387349683049588,-0.089689293109607,-0.557985896079827,4.065390406822219,4.422798875903564,4.695708643433467,2.580973314535936,0.587522105313761,2.918563945155554,4.668301283893352,3.728296328737653,4.458780822187251,4.722591472823201,5.866740974082157,1.441086460253783,3.174816909915144,4.587313227789650,3.992238520902363,3.616687859327790,5.493529749177305,5.366274003220894,-0.039103109813793,3.388809321037802,4.412418954626752,0.902863804116461,5.683877938280741,4.735887005484058,2.115799706192646,2.066639584757312,3.205828845159614,4.006321160572110,7.215856918255068,2.813213261101987,2.606472433860498,6.604591661190517,2.646509636450442,3.157736451980419,0.539162907840384,2.476053420420675,4.386587736533810,3.805381989384487,
-0.444495869971321,0.380336327837801,-0.088463065255361,-0.555217492992174,4.069913846408530,4.429503267937312,4.689371378749373,2.579188610427040,0.589248356363899,2.924387355358219,4.662077738331180,3.730071596172973,4.463776197727454,4.729686393096990,5.860098868436593,1.446637693096401,3.168023110687113,4.582748444446396,3.998040575863335,3.619374661216435,5.493430361411236,5.358772980035673,-0.037931726353531,3.386410786041052,4.411624123267855,0.900311902448933,5.682775315539986,4.743636946036888,2.112957650095606,2.063425066365270,3.210390366733138,4.003350722201695,7.211419813942632,2.814684699640816,2.604453154861025,6.601295906940106,2.650494366583906,3.160636127875046,0.539742011602897,2.477014384855511,4.390088221668451,3.805381989384715,
-0.442706942116114,0.372957730097200,-0.086490261450225,-0.555585998764231,4.073642926439555,4.434069873232662,4.684015933594206,2.577597968344708,0.589303526259532,2.928622637427922,4.657402851827165,3.731572398767082,4.466794515709581,4.735600135290449,5.855234989487930,1.450538278279888,3.162376328852783,4.579773948747259,4.002340929091033,3.619868364813643,5.493291781242022,5.352342585779530,-0.036577746899777,3.384360447048443,4.413235247007123,0.898957778543849,5.681657092268589,4.749649393123056,2.110784049769320,2.060826151600220,3.214899523328054,3.998960454260384,7.207934855795640,2.815861514645806,2.603362531734792,6.598727439531718,2.653770257813651,3.162019352639825,0.540633950138206,2.478701734039147,4.392675384670750,3.805381989384833,
-0.439767730054916,0.364712472132331,-0.083778712396213,-0.555025254696831,4.076882930011025,4.438619012635708,4.679557823626055,2.576160091122383,0.589330525892433,2.932936834606032,4.653239320497494,3.732806405189272,4.470174719747219,4.740559109187594,5.850518005337655,1.454312109338349,3.157637204626003,4.577044035406986,4.006653023994355,3.620936127448874,5.492856996755020,5.340861555944596,-0.036814378240472,3.382616541314888,4.414930543072694,0.896829184682168,5.680026126678631,4.755138825483721,2.109004870918727,2.059704310383615,3.219568280106554,3.996497725101083,7.199024222062164,2.817046728484190,2.601865522838760,6.597008431940514,2.655643551550885,3.165853266362292,0.541469065373697,2.480146835222713,4.394662822294865,3.805381989384959,
-0.436739067572068,0.356536127980060,-0.080955348049686,-0.554746049516255,4.080887536154864,4.443844669811398,4.674850213592434,2.574940021790836,0.589679219218569,2.937506708978225,4.648779812339329,3.733996928627700,4.473569141104269,4.745386833849565,5.845340665678856,1.458413746729688,3.152989902675463,4.573922363037581,4.011177446601595,3.621780483420127,5.492308063308669,5.329258008545376,-0.035968569455573,3.380594561937000,4.415325545215762,0.895176631383764,5.679021581118787,4.761231853918791,2.106947113904933,2.057857013413183,3.224392733921309,3.994743548985859,7.189939019310632,2.818388773719381,2.600394360473500,6.594969829330101,2.658132519971445,3.169067388702348,0.542144750002784,2.481632869215466,4.396886048189797,3.805381989385088,
-0.429950086270026,0.346656851067294,-0.080648936226856,-0.550232346937829,4.084340451279598,4.450289053798338,4.671819924221217,2.573606788965316,0.591188567652151,2.942960191329264,4.645516755183707,3.734818317918746,4.478450514425135,4.748847516116582,5.839395883126912,1.461642934350244,3.149703588703984,4.569957450748309,4.016697500553660,3.625133048441536,5.491489300427496,5.318833317079711,-0.035379824246123,3.378739100494991,4.417980114710962,0.893255353519034,5.677230390159803,4.766029657023780,2.105769725271721,2.057686305614792,3.228259307635597,3.994035705967408,7.181804113204461,2.819361826687946,2.599013685756916,6.594340147366750,2.658892161984573,3.171425155876539,0.542762339376615,2.483132476526015,4.397598147544312,3.805381989385172,
-0.426062701453666,0.334796887996907,-0.081418779013033,-0.548917665885520,4.087032104039257,4.454246254566507,4.669309680319228,2.572329662599905,0.593422776327891,2.946063775485538,4.644186088821285,3.735387915974674,4.481000319937297,4.751775116783026,5.835860244610251,1.462755970603527,3.146929597326674,4.568163015290406,4.020059449054263,3.625841878902072,5.490657380555790,5.314042277707015,-0.031661049952451,3.375219195746380,4.415989509355746,0.890507312686074,5.675108558956628,4.770397694350319,2.104993611391104,2.057786556889142,3.231103923201076,3.995984581056868,7.178598506763707,2.822880864450134,2.597204885597790,6.594179625209880,2.659350971166919,3.170359807317416,0.540911190737762,2.481958661152217,4.397701159225814,3.805381989385342,
-0.422883974335750,0.324512773158637,-0.081898768602240,-0.547764131192316,4.089072590356624,4.457528448102804,4.667756007204748,2.570894291495219,0.595261572380781,2.948612988458837,4.643464545724941,3.735837565608456,4.483385245945898,4.754036447459235,5.833186301611643,1.463279477356334,3.144847968529632,4.567375131172899,4.022794445895316,3.625362438244913,5.488594939802930,5.312651978718598,-0.028470917268780,3.371797973380489,4.413308704355714,0.887278965042841,5.673729859397961,4.773510122457330,2.104419635428777,2.057659718788949,3.233972014926815,3.997842988995682,7.178935953017103,2.825540652073983,2.594539609203963,6.593646624125451,2.659945575023070,3.167223831632137,0.540296980287078,2.481884123068783,4.398144375342838,3.805381989385477,
-0.420239728898622,0.315147814829445,-0.082428257574980,-0.546902592563164,4.090147011359910,4.460035093139883,4.667550396083247,2.569418225998424,0.595759633466910,2.950761883719223,4.643746179914071,3.735909539814873,4.486122857071326,4.754835873089742,5.830959245382171,1.463433303437670,3.144168305411460,4.567513484742237,4.025462819638078,3.625473364785524,5.486415173110171,5.312464668210519,-0.026650023998532,3.368446975931027,4.410998500687397,0.884037382876709,5.673151874551546,4.776071024486545,2.104064287922574,2.057605058660906,3.235979123076480,3.998205633346127,7.180688311863513,2.826714066847888,2.591720351956037,6.593410891507273,2.660401819716275,3.163804442441732,0.541101852060912,2.483310915245374,4.398230475399256,3.805381989385575,
-0.414864705245325,0.303537430971312,-0.077900383213580,-0.545286477867376,4.090756400335526,4.462240618194800,4.669249303197054,2.567865042541586,0.595075791302782,2.952963505790018,4.646295133617195,3.735309914722873,4.488911643991974,4.753552329075994,5.828614984095405,1.462186867924856,3.145465164616164,4.567628513430129,4.028369841595318,3.627410844534638,5.484808125196150,5.312693419652748,-0.025256650308179,3.366743572620406,4.411105523248480,0.880563260685870,5.672795698891715,4.776834805382884,2.105235267436826,2.061028917381290,3.234465796735799,4.000491895635330,7.182527150349296,2.827983328688549,2.588834626273385,6.596242549208513,2.657135211312693,3.161981587944011,0.541784807487680,2.484991713053518,4.395419642090185,3.805381989385602,
-0.410458929726560,0.292245628262192,-0.073143585999389,-0.544269748122858,4.090963996247133,4.463840624957507,4.670676921836563,2.566532200969733,0.594559679349974,2.954659704743750,4.648914670097454,3.734671043384660,4.491585562525215,4.752344383093408,5.826938914045925,1.460802820123937,3.146694482048928,4.568556358566124,4.030783603260933,3.628370450262653,5.484133384010822,5.315126960904475,-0.024915998499932,3.364087186476260,4.409967103250044,0.877680692053615,5.672802820327809,4.777450504431203,2.106461365220409,2.064149638440638,3.233477989588550,4.001098934407453,7.186214525913305,2.829482061477013,2.586313456259401,6.598859568747351,2.654132685803092,3.158423415671453,0.542337416767278,2.486251765724830,4.392760973535166,3.805381989385561,
-0.406659560209359,0.282295948498079,-0.068798029408522,-0.543317227357863,4.090072241533012,4.464334136394076,4.672336652837458,2.565258227168723,0.592992206813806,2.955721365085919,4.650911718977434,3.734050422254766,4.494326413270726,4.750759807534400,5.826075824002831,1.460041442515386,3.148327475645306,4.570664722277641,4.032698568373431,3.629474011515746,5.482249749113454,5.318733261599919,-0.025250117394251,3.361877317328133,4.408706181461117,0.874451081615145,5.673661267429456,4.777037225567753,2.107944403484967,2.067278144343585,3.233017334655611,4.001313734464078,7.190638234090940,2.829658434322057,2.582776901789465,6.601557054704014,2.651070856766855,3.154506100848285,0.544365527173734,2.488975129879444,4.389972176034067,3.805381989385524,
-0.403602482244259,0.273353510438000,-0.064438755520014,-0.542585876000961,4.088777573771537,4.464322098583143,4.674089485130855,2.564090146398860,0.591600975874963,2.956343494816302,4.652726451599618,3.733416151943313,4.496994074089822,4.748851349775373,5.825900056282096,1.459406387116937,3.150257897523985,4.573440211061145,4.034068420814346,3.629911478197799,5.479910824482085,5.318943404546918,-0.023215925383137,3.359506501987318,4.407064222449933,0.871520448290519,5.675052635679971,4.776620610537171,2.109171586655850,2.069702747492302,3.233063399812156,4.000976572340318,7.191755541607816,2.829659174984847,2.579137696276991,6.603757404227999,2.648696882036116,3.152004265754367,0.546669343836127,2.491675050174546,4.387729709357735,3.805381989385576,
-0.400563165298814,0.265639040576536,-0.060393213319449,-0.541574549527789,4.087534677522705,4.464837078883173,4.675091819465598,2.563204327686607,0.589194833999375,2.957458157189522,4.653821292739106,3.732836036173818,4.500047103013221,4.747466996100144,5.825238121528008,1.459540685066895,3.151663543378677,4.575684961990273,4.035896985835216,3.631531256008154,5.476680559551583,5.319211009268929,-0.021261193448405,3.357345092777939,4.407029580404715,0.868587940023009,5.675382280519480,4.774267520763761,2.111366765059359,2.073681207970241,3.233082695152999,4.001428319244129,7.192968012996928,2.829498055706067,2.576022192798388,6.607549153032280,2.644784550563358,3.149274840227621,0.549086975161230,2.494896772946593,4.383578590320971,3.805381989385646,
-0.397459661961212,0.258343778373481,-0.056671858280050,-0.540579736595959,4.086724211010037,4.465763774927093,4.676373706113822,2.562269588694115,0.587327951430178,2.958734380678035,4.655104040206334,3.732276646793429,4.503266303113343,4.746160954279373,5.824322567190897,1.459371281503577,3.152977673406838,4.577640080663597,4.037837403375894,3.633167651714968,5.474376195685216,5.321026611348379,-0.019213366780636,3.355420938536878,4.407125837815408,0.865708573487791,5.675505769480338,4.773762285743940,2.112723983677009,2.076476486691064,3.233137286148471,4.000315384332906,7.195909578208551,2.829655668725028,2.572996249380283,6.610226388803246,2.642020775710898,3.148051438591100,0.551372376079804,2.497644407562796,4.380713761747429,3.805381989385667,
-0.395227544128094,0.250471389509877,-0.052710448686295,-0.540427513200793,4.085321170670135,4.465997762755532,4.677645825651941,2.561444498711847,0.583634265331297,2.959840874753389,4.655257634767789,3.731797651468487,4.506668177069193,4.744649604578211,5.823676488576160,1.460398326591460,3.154515264195294,4.580308451929629,4.039656481896896,3.635747158915955,5.472125272378278,5.322070980079518,-0.015802349070985,3.353435467487282,4.405971454802397,0.864016176772631,5.677175488491773,4.771961259809195,2.114902130527542,2.079674282719826,3.232761031864562,3.998138750253739,7.198309448168200,2.829229044059177,2.570094757434747,6.614062763843346,2.638842444997858,3.146550530140121,0.553959247781841,2.500730050451767,4.376353464328480,3.805381989385500,
-0.394021657629783,0.239005525212728,-0.049716242454065,-0.541405268293618,4.084161480374456,4.465695181887839,4.679727372763034,2.560644865886394,0.581400772482255,2.960355903207727,4.657803843867786,3.730852799304127,4.509227447592800,4.742319950031128,5.823422978813160,1.459148311452497,3.156891482838048,4.583014115718851,4.040960293510812,3.636709228667059,5.470421583271753,5.322198694171129,-0.014771005633480,3.351726173026228,4.404963773126006,0.864630910408253,5.678864439349031,4.774003741104746,2.115823890293790,2.082567054963649,3.235990609622755,3.994262763575765,7.200817325129258,2.829456346365621,2.569065623275442,6.615809633323671,2.636120749944385,3.144546417718576,0.555666833676465,2.501735583560104,4.374527927425639,3.805381989385306,
-0.392709906140853,0.228160444389184,-0.046895675229514,-0.542743284268932,4.083543681297358,4.465713353227789,4.682440918852995,2.559808891995224,0.581493747892122,2.960313521901567,4.661583395639657,3.729824027355957,4.511082427556096,4.739661604484666,5.823322883413258,1.456374163624282,3.159546000078842,4.585842399769627,4.042029222160556,3.635142525528703,5.470028338815584,5.323125951249223,-0.012785723942941,3.348399193594250,4.403385747606249,0.865595171514401,5.680273570165708,4.779197119083502,2.115243268843550,2.083256704610454,3.239691765317288,3.989476117223715,7.204258690333426,2.830281977108243,2.568302057229117,6.615263843819384,2.635507086726688,3.140760144346563,0.557038829654472,2.502518254635787,4.375350873688951,3.805381989385063,
-0.391261133556853,0.218026720954367,-0.044320436407574,-0.544163330888059,4.084097764538355,4.467023883073028,4.685471193847616,2.559016350996708,0.582805797173316,2.960714711659593,4.665776456101300,3.728790907442955,4.513093311863608,4.736857048071676,5.822673043646325,1.453062048598576,3.162317830812726,4.587923972534058,4.043265986422862,3.632743253030388,5.470067145836873,5.323199916103277,-0.010522654132080,3.344831166034623,4.400806772499211,0.867407721300772,5.681770479195128,4.786613705490923,2.113893047485389,2.083643257476712,3.241529913925275,3.984227428181276,7.206980375523399,2.831948194480495,2.567642694504984,6.613549046253934,2.635228956632063,3.136228465313225,0.557348833800914,2.501579512041143,4.377689334719710,3.805381989384873,
-0.392477304752811,0.207315835891677,-0.044578324017520,-0.548989172017629,4.084645031667387,4.467171142292190,4.687895895199087,2.558297023973780,0.584557494509133,2.959528800080729,4.670872249821759,3.727851810831734,4.513049062788938,4.734716914343351,5.823476251573258,1.448247415937697,3.164320884408665,4.591225112925938,4.043058939804718,3.627181076638867,5.471733142468726,5.324687277426891,-0.006230623815505,3.340704245405641,4.397232327425985,0.870394307268449,5.682490829417915,4.793481408892800,2.112924696711435,2.084293788918534,3.241761649144580,3.979592316903906,7.210382144635997,2.835480612341758,2.568339103704870,6.612444558350288,2.634724993924834,3.131184916788584,0.555569605049686,2.498771721852854,4.379247149817788,3.805381989384767,
-0.394062167846931,0.198473627984529,-0.047452541834889,-0.555029804899788,4.084920787851610,4.466566175021735,4.690246872915489,2.557651307638630,0.585581087342404,2.957932786059365,4.675701034519251,3.726959756023129,4.512383242257190,4.732595232813728,5.824511387033831,1.443768851761883,3.166335127517787,4.594924372571301,4.042611215196644,3.620375688882508,5.473490335047463,5.326814190810081,-0.001387586057622,3.337017688616658,4.395361911627961,0.873240321254912,5.682641731940110,4.799743214663394,2.112380102423022,2.085895723110988,3.241824373213118,3.975423271041847,7.212676000192253,2.839253834729036,2.569217972628557,6.612175206828236,2.633259809346103,3.126831513239926,0.553717044010737,2.496650687305258,4.379905493021598,3.805381989384607,
-0.395018622430726,0.191577162179891,-0.050009280498238,-0.560385153666620,4.085225124936969,4.466280800863336,4.692636871047932,2.557084361583979,0.586630546959125,2.956223387799389,4.679733834308181,3.726266502037657,4.511579206099204,4.730399487328492,5.825609714666149,1.439955099929505,3.168474248523304,4.598690164056864,4.042108452701831,3.613863456169423,5.474597445479735,5.327891534816193,0.002499970293554,3.334619682856647,4.394090088911240,0.874970761403301,5.682388959250942,4.805953039036359,2.111650854344159,2.087426360657469,3.242673067638206,3.971920815281338,7.214019656043976,2.842552592571918,2.569506708835292,6.611686617952510,2.631899235022077,3.122615894832527,0.552575588864320,2.495303908778780,4.380825828268835,3.805381989384492,
-0.393310108482734,0.182625112433606,-0.053416928694364,-0.563066754676251,4.085801934390488,4.467490591662423,4.695242363274886,2.556609115102580,0.588550771493495,2.955712312173273,4.683775672976254,3.725405368910634,4.512330663383905,4.728150304220430,5.825501307992744,1.436371075287693,3.170618494695330,4.601330542826091,4.042619305821140,3.609512496664480,5.476664919169512,5.328351519332052,0.006777679578891,3.333267455438388,4.393384623162756,0.875359543772354,5.681145180590613,4.813517250462594,2.110307332638874,2.088049399401825,3.242441986223271,3.968234430796219,7.215102650517917,2.845962865701858,2.569168469029612,6.610516739383700,2.631443430369509,3.121720756666416,0.551409180344569,2.493878729828894,4.382492325115304,3.805381989384394,
-0.392048781945620,0.175758771649257,-0.056164024772866,-0.565576947793642,4.085744752811078,4.467814823114391,4.697735579126596,2.556156754519723,0.590766179899290,2.954703452511899,4.686711762295478,3.724803611531635,4.512848678737478,4.725983371742381,5.826173529451051,1.433867655363949,3.172770081600636,4.604811658339973,4.042597522193080,3.604558806014965,5.477731584001774,5.326923935478299,0.011766603966956,3.330449321588422,4.391064241486893,0.876623658151797,5.680575530846393,4.819951025983674,2.108986345620992,2.087803116197425,3.241870951947320,3.965999957991381,7.213446216549054,2.849580189192569,2.569416281627694,6.609002256138809,2.631803364785386,3.121913341780939,0.549903750462987,2.492084659179825,4.384385012269767,3.805381989384323,
-0.390694830930326,0.169612181577463,-0.058308553147362,-0.567534157496264,4.085812296189908,4.468689892514757,4.701069252662789,2.555824333214218,0.593326355977525,2.953487647091978,4.690818750966897,3.723930294096249,4.513560208174476,4.722878792856967,5.826894085383124,1.430219738438039,3.175841493557468,4.608269909736865,4.042494602417424,3.599327783893670,5.477929482388235,5.325382005396460,0.015745104737079,3.327445688190878,4.389646087090671,0.877736035226344,5.679616030552209,4.826717058197901,2.107203085091527,2.087181264033999,3.244564102100109,3.964374103832497,7.211909805957917,2.852894963074881,2.569791883070477,6.606791395773489,2.632653211831763,3.121095443841595,0.548735925799789,2.490969178217484,4.387018117796136,3.805381989384173,
-0.389525313419749,0.164222784639733,-0.060130520435966,-0.569267239294987,4.085405641814714,4.468925936549906,4.704429253949364,2.555651712443689,0.594845726886887,2.952254416390607,4.694683482263337,3.723152811102724,4.513980387923161,4.719932987238018,5.827851585530731,1.426737855182096,3.178792993621462,4.612034486737654,4.042304423544607,3.593973529022968,5.475653221213921,5.323630308520980,0.019748263390031,3.324737797586651,4.389001641575455,0.878734124896697,5.679476912382325,4.831313987426372,2.105923163148527,2.086655868886649,3.246962940450093,3.965178409217781,7.210163965586809,2.854650406650292,2.569666851860872,6.605018429194284,2.633360952867935,3.118995161235878,0.549301057200231,2.492129496508221,4.388997241300585,3.805381989384037,
-0.388263245896132,0.159078625617148,-0.061624593685983,-0.570663828987975,4.085017416935843,4.469187382539530,4.707025393502425,2.555399685095276,0.595354017914409,2.951555610568042,4.697755496128954,3.722487860742457,4.514582905483292,4.717695421518385,5.828283856740403,1.424202634458400,3.181053106737640,4.615381602744394,4.042534703098430,3.589686436547652,5.472504726569193,5.322318711681114,0.022914054393205,3.323061901374067,4.389426520776700,0.879762168980392,5.679264863950335,4.835251978503643,2.104851420827174,2.086235617258162,3.249154193416658,3.966457654695679,7.209043225707185,2.855426510771868,2.569682186763783,6.603650338774612,2.633979503144068,3.116895940969598,0.550813885915882,2.494170364663537,4.390443731320131,3.805381989384012,
-0.387116777338680,0.153173434541000,-0.062932146566550,-0.571867846627252,4.084388806672213,4.469136050818547,4.709366094129503,2.555154988297729,0.595083389912926,2.951198553298778,4.700328023927529,3.721814009260814,4.515227207905135,4.715640082613644,5.828494884565233,1.422249836539716,3.183149608301576,4.618602653597483,4.042959424280157,3.586357185671058,5.470194834753651,5.321488876370734,0.026332268173690,3.322319147699148,4.391331804255791,0.881027962837936,5.678957300069095,4.838300279720127,2.104333417637318,2.086561674671657,3.250827538177756,3.966148484568244,7.208520422457219,2.856091787650945,2.570048403373594,6.603150718608650,2.633842803623637,3.115156808231996,0.552431725878743,2.496460835251153,4.391005089839439,3.805381989384083,
-0.385997423255221,0.147008863372291,-0.064111241542665,-0.572647886552947,4.083415857873317,4.468706579992812,4.711273973870957,2.554865873078738,0.594510524265258,2.950887824907570,4.702743431023310,3.721041985001490,4.515823488413774,4.713951387722681,5.828860670347123,1.420536404983711,3.184930744002254,4.622106856859006,4.043337543404898,3.583716896867158,5.466497332825076,5.320620898081038,0.029788755260245,3.321534032385258,4.392437973445198,0.881929135232983,5.679040388843905,4.840952997824706,2.103837846454013,2.086864221423429,3.252433238772000,3.966874311151806,7.208064467461321,2.856318148932783,2.569870632228094,6.602585269040044,2.633699403225616,3.114091408407985,0.554446485046276,2.498793628320583,4.391720905636681,3.805381989384202,
-0.384303298905605,0.143095775736906,-0.064902570871882,-0.573333687877742,4.084208140043913,4.470738615789961,4.710847905801117,2.554181853262222,0.595577450901010,2.951780802213642,4.703217109240249,3.721058261804506,4.517076493415844,4.714653112842216,5.827374979475716,1.420053720282807,3.184310543988251,4.623453106803367,4.044836405277760,3.581754839058903,5.463950350176905,5.320507280294466,0.036471482576219,3.321129120609371,4.390934118691972,0.877160598746782,5.677625334539415,4.845275713708004,2.103264190550689,2.089840681999122,3.255051544632431,3.967813259692051,7.207474380771810,2.858689506657444,2.565819261020256,6.602974804443845,2.631018174889721,3.118674486577125,0.553749316409035,2.498556361816150,4.392236648500447,3.805381989384436,
-0.382846829373927,0.139709668086663,-0.065722747186603,-0.573914064018212,4.084213919560469,4.471826895990290,4.710746755410678,2.553619397508385,0.595931072894395,2.952508380828232,4.703323127059925,3.721030653698127,4.518334695219388,4.714993375839512,5.826328368161328,1.420265819462749,3.184104849365751,4.625469219785563,4.046093928400897,3.579954924508053,5.460417829063425,5.319541709914575,0.041125521870384,3.320305975996888,4.389964954619756,0.872388978075042,5.676632433096644,4.848803582018121,2.102685871368598,2.092218453796994,3.258376596276224,3.968655658172166,7.206384911308013,2.859551426430257,2.561723548836810,6.603104752282752,2.628921033228658,3.122998378367918,0.554659385747924,2.499902140485120,4.392883546734724,3.805381989384678,
-0.381301094565169,0.137347427769166,-0.066816754663810,-0.574406741668268,4.084012778670090,4.472491555717144,4.711274646654469,2.553473965056795,0.596683483863025,2.952812351289664,4.703701399536864,3.720966621611420,4.519481376405261,4.715073133862964,5.825669304544993,1.420142667561151,3.184175972313803,4.627763447527628,4.047091136017988,3.577587660367306,5.455462691761991,5.319236160452101,0.045741357095097,3.319147477923112,4.388369202544544,0.868803181952359,5.677041059324853,4.852447866421637,2.101932239753149,2.093926441219549,3.260492375951413,3.969853563982238,7.206001638148851,2.860003660372876,2.558157287148715,6.602747775491222,2.627462351345513,3.125518012937271,0.555858260798255,2.501216010928577,4.393931484284423,3.805381989384913,
-0.379417053745934,0.136441925318749,-0.067293042860239,-0.574615533074683,4.084033066880615,4.473471917381210,4.711774363051002,2.553263746888514,0.597266080937292,2.953468243733874,4.703196756579037,3.721060322381028,4.520898509527923,4.715084505983009,5.824603812888667,1.420989124783294,3.184343325601008,4.629659303629599,4.048365833646788,3.575776600545337,5.450334566586481,5.318989903363765,0.049111282784711,3.318369144152934,4.387026658814188,0.865602095530498,5.677540411732982,4.856359201939878,2.101101777662906,2.095653429529762,3.263777197480723,3.970873436682418,7.205828238102741,2.860033207310113,2.554976298812084,6.602294478625159,2.626079249966233,3.126650861126464,0.557331920540546,2.502750131480323,4.395012050428878,3.805381989385144,
-0.377362088056926,0.135524020301171,-0.067615514298960,-0.574754390507959,4.084503642862733,4.474957935200602,4.710580745862543,2.552598212518638,0.598502292696131,2.954409766987330,4.701220465229319,3.721586737524068,4.522321064500024,4.716670764720650,5.823048513483175,1.423193808540697,3.182955684797812,4.630734641340117,4.049906716978371,3.573750589848737,5.444940191487762,5.320007579323198,0.052398032652345,3.317485630799548,4.386455180544051,0.862432886123258,5.677517409323775,4.860492046508939,2.100092842165772,2.096875791972159,3.267241301254665,3.972066943034813,7.206942679334087,2.859973550295900,2.552027775953521,6.601809736716633,2.625250462886272,3.128205111468279,0.558506434857769,2.503787079870396,4.396051103073423,3.805381989385356,
-0.374279420060555,0.135708924958177,-0.067918703211165,-0.574631980288111,4.084953666344382,4.476516952283886,4.708989777098551,2.551821714762538,0.598826290746222,2.955747934365460,4.698531523303845,3.722216812593559,4.523884674073325,4.718613376899175,5.821343930246716,1.426169355452686,3.181232861770835,4.631723631947544,4.051558860802202,3.573255524390633,5.439560130372826,5.321850134336406,0.055696903305687,3.315948071933942,4.386800251280627,0.860067512558823,5.677496880119801,4.863787775518325,2.099556112420570,2.098688892852038,3.270343196646029,3.972900988524779,7.208671418497707,2.859733624304459,2.549829091196450,6.601931759483373,2.623816470253386,3.128105534381314,0.559803668010041,2.505104123095806,4.396315894263561,3.805381989385534,
-0.370976979077306,0.136941451825954,-0.068578824172663,-0.574367851874537,4.085147164778846,4.477848657707930,4.707334678569164,2.551044341602439,0.598783244337574,2.957200816705185,4.695325424085619,3.722863194457906,4.525513853957637,4.720581251991671,5.819904001719334,1.429730396572208,3.179473875846859,4.633149123218806,4.053068830510634,3.573031309011468,5.433520751185087,5.324058393765275,0.058102012971087,3.314261756297209,4.386983948499376,0.857074403349035,5.677606295071072,4.866262892864916,2.099206388045636,2.100972019723570,3.272953289911239,3.974416732174860,7.210791182345475,2.858869685765707,2.546865028823137,6.602266046689810,2.621894094381327,3.128434609502829,0.561857548944469,2.507162929583768,4.396583446873503,3.805381989385628,
-0.369459303218704,0.137728868912144,-0.068184361597149,-0.575849910127338,4.085030124953493,4.478268392020206,4.705543127267019,2.550257813538972,0.597618833295110,2.958221061436328,4.692151172685621,3.723502619132290,4.526461340787203,4.722566210147090,5.819058129146374,1.433191189270366,3.177706947353070,4.635196792900513,4.054091909648724,3.571796585273332,5.427672761608028,5.326815399574919,0.060289435059288,3.312851072722493,4.389231269565176,0.854962222717627,5.677567046930221,4.867584949820455,2.099342075793503,2.103136298512412,3.274639737317853,3.975491506841895,7.213412003984899,2.857661399941123,2.544715492853455,6.603082270406751,2.620045931100627,3.128118270717076,0.564356346021772,2.509785461301811,4.396148684733405,3.805381989385721,
-0.367540664186938,0.139082417225235,-0.067136813058899,-0.576891329215078,4.085303551432956,4.479546275403742,4.704689609149244,2.549360745325564,0.596027127007702,2.959829466971184,4.688736932167771,3.724079907679909,4.527824686894620,4.723521286735711,5.817531669714623,1.437194407918012,3.177079541110397,4.636293156255606,4.055606538117198,3.572222873218159,5.422524113890877,5.330595644962769,0.062727452778927,3.310961802024980,4.390952025931164,0.853906175952589,5.678223401601655,4.868088275691660,2.100439825725475,2.106682047204187,3.273951504063372,3.976132157746167,7.216256951738991,2.857230898040880,2.543682398768774,6.605650388953888,2.616758469223992,3.126916585556994,0.565678452080321,2.511407758053851,4.393773691381196,3.805381989385783,
-0.358726503106747,0.135507305799323,-0.078860855375927,-0.569658602191832,4.085041857576620,4.483201790462387,4.704319529574918,2.548680625457263,0.598561437662288,2.963466811902588,4.684990859779078,3.724279856512120,4.532131812643419,4.724195139804872,5.814470021581720,1.442002621594767,3.176739485578785,4.636231110507364,4.058781037517103,3.576214156708865,5.420077566937939,5.333149489274986,0.064214855713988,3.311114948721425,4.394883127270670,0.851821509206428,5.676072742971042,4.868199103323935,2.101598230893086,2.109872719333872,3.274547673813169,3.976341633649593,7.215919885372838,2.857944335797496,2.543196936651982,6.607945911042291,2.613726726341038,3.128849122806030,0.565895351672830,2.512127671478286,4.391659119375684,3.805381989386075,
-0.350713859036593,0.131647998482181,-0.089442087657031,-0.562725102580007,4.084323756135851,4.486344970126798,4.703979997038909,2.548037989358245,0.600860377485416,2.966444843798758,4.680865922074517,3.724525157499873,4.536120305580051,4.724616621508062,5.812249018020678,1.447178753741910,3.176684606660812,4.636947076800356,4.061350541950056,3.580371239066763,5.417156606770057,5.333924647187803,0.065689399015592,3.310449627633665,4.399830539065912,0.849743719113918,5.673624269197089,4.867794683635411,2.102670767640980,2.112515525177316,3.275207367213182,3.976310997130353,7.213984562992148,2.858241650589310,2.542667290103016,6.609886369393123,2.611221693922635,3.131555117142793,0.566681270135624,2.513416977949367,4.389867028527449,3.805381989386330,
-0.343583891183082,0.128392906515436,-0.098934192252328,-0.556566061644420,4.083023367023349,4.488578596283361,4.703536778218463,2.547436876311687,0.602013457523206,2.969011730817978,4.676420209349184,3.724768417917756,4.539936909479633,4.725113215332742,5.810504872345206,1.452676024260376,3.176575505440072,4.638310044469804,4.063718527963452,3.584314978049914,5.413729514268940,5.333664348134612,0.067882318800977,3.310230627089632,4.404476529773858,0.847911955815090,5.672152637753364,4.866752713438048,2.103912956854646,2.115253364700501,3.275667974514841,3.976079295321055,7.211498205998073,2.857477963980481,2.541616595802856,6.611995059207332,2.608603882021301,3.134149784007228,0.568645960833751,2.515977311562807,4.387863108328140,3.805381989386570,
-0.337305267928013,0.125664040677881,-0.107285965415054,-0.552384465490548,4.081785601570810,4.490041645315248,4.703243853683814,2.546921210978596,0.602334290642889,2.970886600001965,4.672647034011718,3.724991490355346,4.542934310396120,4.725560096768080,5.809328396959871,1.457316342096729,3.176449482039422,4.640172432738543,4.065488278382069,3.586933885615816,5.410130364710855,5.333591175914217,0.070293974927824,3.310334053597362,4.410410892887214,0.846577003226176,5.670512751762393,4.865346466351458,2.105446800683376,2.118540531599235,3.274993388695028,3.976324608025532,7.209623318431299,2.856607795812598,2.541026722573904,6.614679036907975,2.605472819068426,3.136208115356460,0.570856311591125,2.519093442992860,4.385195111371003,3.805381989386661,
-0.332372309995263,0.124448638986547,-0.113961398647524,-0.549610371802039,4.080679881746142,4.491309710953879,4.701889226278373,2.546145542180224,0.602039278010871,2.972653330976825,4.667938158630227,3.725348148558434,4.545805609379544,4.726692558123800,5.808261969573115,1.462870503485968,3.175583032836239,4.642058464502145,4.067088366443156,3.589116465679648,5.407537152921828,5.333092192565456,0.072429433764088,3.310327348375146,4.415648536876263,0.844356819786070,5.668342395047739,4.864076853568959,2.107098682029797,2.122152891839685,3.274169415064187,3.975078229658573,7.207382614132953,2.856178065430618,2.539778694320606,6.617586203618891,2.602001513121664,3.138564254050448,0.572639393562207,2.521453171976321,4.382361041420359,3.805381989386849,
-0.328330061024349,0.121658293089800,-0.120156488834145,-0.548036615161268,4.079600978624602,4.492180405234002,4.701684504786682,2.545528880890839,0.601830670891058,2.973676333454912,4.665040419849730,3.725411389889232,4.548093020366231,4.726659868896344,5.807833783392065,1.466657865859491,3.175832075941843,4.644547033462139,4.068086400729314,3.590173960988881,5.406101159095257,5.332278938088575,0.074337210875855,3.310297815183783,4.421012356869198,0.843782895488881,5.665828587297658,4.863068611903752,2.108765182065371,2.125702782230727,3.274234585201098,3.973259925048612,7.205169834623763,2.856885380151663,2.540017766962054,6.620613080831392,2.598682644593331,3.140679042893347,0.573117496431881,2.522392959804602,4.379376094416334,3.805381989386822,
-0.324155152348864,0.118439106861524,-0.125821531745576,-0.546141968318987,4.078704157972571,4.493394787413100,4.701210690404261,2.544988972844984,0.601594315931730,2.974528651977914,4.662307015594455,3.725574117867855,4.550387389395834,4.726979245730072,5.807463699262486,1.469965037553153,3.175687636870995,4.647127185314621,4.068935992976924,3.591161517755934,5.404130941529925,5.330516812633629,0.074675922110374,3.310806549673276,4.424525388796916,0.841468174637149,5.664202282382299,4.864256839121248,2.109262440706655,2.127370137323676,3.276172674928950,3.972100021118500,7.202177481562710,2.856598045593010,2.538463488019306,6.621991472318772,2.597322097945393,3.144845108658515,0.574575219918008,2.523741957969799,4.378241447435375,3.805381989386785,
-0.322262111268453,0.109727188802335,-0.127842848772333,-0.546060843184866,4.077909132626615,4.494217043349004,4.702683074252324,2.544968658778819,0.601279163330638,2.975115831772205,4.661893293039746,3.725667976219679,4.552181325719522,4.726599161842021,5.807060988982350,1.470688593253493,3.176194571201362,4.649061930389455,4.069834110522477,3.591313582863942,5.400979768325346,5.331847983886997,0.072724734744218,3.311256860152216,4.426986325051875,0.841762379047014,5.664369501558419,4.866334077502424,2.109949632745885,2.128344394008916,3.276857966986765,3.970545864622431,7.200257753979786,2.856440327548388,2.536457692835142,6.623820918311443,2.596625172082973,3.145515660370963,0.574679635745290,2.523001879552548,4.376577124630921,3.805381989386671,
-0.321073577289740,0.101467897723448,-0.129909716543299,-0.546406533989955,4.076799110536244,4.494356083944537,4.704595129760638,2.544994290400638,0.601331450445842,2.974973609577330,4.662646649485502,3.725526712297582,4.553488676661582,4.725660266141142,5.807339430106087,1.470411706673395,3.177233892893644,4.651613358871964,4.070180785950221,3.590232095819646,5.398845199338428,5.333464454411975,0.070131783844338,3.311175088897903,4.430827603683789,0.842138644147976,5.663831511577339,4.868988806290305,2.110166777294122,2.129041748223695,3.278743632340323,3.967171196877874,7.199659286349452,2.856518030229297,2.535047220917425,6.624839820548202,2.596263496085063,3.145166136669915,0.574852417263665,2.522383002161729,4.375818799071078,3.805381989386725,
-0.321746439747850,0.092474625667542,-0.130564428583917,-0.549797946346455,4.076384847864536,4.494269908277544,4.706485155181086,2.544979428335280,0.604731975713508,2.972691721504267,4.664485772625753,3.725403143210455,4.553569861708103,4.724485797447302,5.809100295934150,1.468638802842201,3.178419521986514,4.655485154184491,4.068965339436652,3.584659876402851,5.400986254001608,5.335648370548814,0.067822341765653,3.310045318796068,4.431765038426791,0.842442168676289,5.662459023647580,4.876724039462727,2.108130494356061,2.127190753262987,3.281224811395127,3.959760592686215,7.200082122936211,2.859414014710276,2.534150503649388,6.622341714080208,2.598371514610751,3.144746400778801,0.572285540346517,2.517731858470095,4.379419035960578,3.805381989386921,
-0.322329704182779,0.086033478896086,-0.130926507786269,-0.552986449083991,4.075580826110127,4.493510517377203,4.707924511082256,2.544935840805661,0.607899446956516,2.970149934158315,4.665253739868399,3.725448823613675,4.553449775835166,4.723682233390515,5.811299118504688,1.467959450834861,3.179257619413424,4.659983078573927,4.067517458331854,3.579023552896917,5.404641697896579,5.338675355841152,0.065856172797278,3.309038538319576,4.432935478640968,0.842092933883652,5.660753063234139,4.883633328916604,2.106418687302114,2.125626686160573,3.283125170198977,3.950034943291176,7.201686714370079,2.862587129352011,2.533045420619632,6.620200374422796,2.600141709712045,3.145043598068249,0.569531394336379,2.512952758680469,4.382795971082043,3.805381989386984,
-0.322721723844985,0.080064998889236,-0.131416772034017,-0.555864255071757,4.074543671359145,4.492172333669097,4.708595604999556,2.544691353301029,0.610420103166636,2.967578724012609,4.665726758552383,3.725444909731318,4.553079452183900,4.723314955052563,5.813542814868024,1.467655105483780,3.179686943014312,4.664598996504389,4.066074135845946,3.574305866920866,5.407986877000692,5.342047134377228,0.064396352154084,3.308093027636688,4.433689272277875,0.840740906000369,5.658988735414382,4.890113092409049,2.104931894377012,2.125006263399647,3.284584488817034,3.940527089506737,7.203967203347688,2.865478713519346,2.530997396843289,6.618521315433535,2.600958119029727,3.146437170855619,0.567328400437922,2.508621672467220,4.385810276730744,3.805381989387021,
-0.323016572379006,0.075044862448618,-0.132033474956052,-0.558363092786018,4.073127475166554,4.490312184609630,4.708237418422204,2.544130541539777,0.612220874719200,2.965297497534693,4.665401979142760,3.725450910136205,4.552781981739909,4.723572838465354,5.815680882830106,1.468266547971551,3.179506922934528,4.669421806841714,4.064871262468832,3.570148969892458,5.410445229482109,5.347831444549671,0.061906156389822,3.307314349030093,4.433816996097585,0.838964915571851,5.657815955778357,4.896053802251422,2.103550543651957,2.124317596516849,3.286026070097887,3.931864229606342,7.208809642782957,2.867489009868327,2.528288203279191,6.616879901493910,2.601818808760000,3.146884773621128,0.566336051510923,2.505597799177504,4.388632996243205,3.805381989387028,
-0.323675123606079,0.071134439855003,-0.132277214010255,-0.560791904064222,4.071608088973008,4.488284138722022,4.708604582890296,2.543828289492207,0.613783269432045,2.963289416422519,4.665554899774830,3.725364640512926,4.552397118675891,4.723354702997782,5.817970023485612,1.468422069769057,3.179765005411704,4.674588930626187,4.063569981384295,3.566356258717612,5.411279055858442,5.352598874866265,0.059975661523627,3.306225234737099,4.433466717824947,0.837151720959547,5.657089660106844,4.900291241725983,2.102668671799510,2.124576190480817,3.287512608190712,3.925718976897748,7.212778661144640,2.869171857513932,2.525356078740582,6.616101222974170,2.601727496512857,3.147756077078502,0.565489559317410,2.502644751999081,4.390917551903573,3.805381989387024,
-0.324953562804745,0.066753575731652,-0.131774999443545,-0.565994532238130,4.070664680447716,4.486357845482293,4.708724421189913,2.543419021444406,0.613216002246054,2.961272079946656,4.665793391497729,3.725302455516331,4.551428306387979,4.723123004208928,5.820123717481295,1.468342939830449,3.179965391238651,4.679557671326719,4.062094448676424,3.561386173552278,5.410145757361136,5.357732145675650,0.057250904606911,3.305435505623060,4.433625225524734,0.836323484051102,5.656089077580872,4.902256266463948,2.103268973418612,2.126604252881934,3.286137910385634,3.923633613523321,7.217117687847503,2.870656216922149,2.523823926598661,6.618007280676824,2.599872967529739,3.148391983038218,0.564781889344481,2.501064771821489,4.389785191425936,3.805381989387129,
-0.326413122553369,0.062982747227923,-0.131515256794643,-0.571198811962229,4.069441310974418,4.483980871929372,4.709096079759020,2.543007862097869,0.611527574573760,2.959443891879898,4.666571447785093,3.725073908036006,4.550318725550876,4.722609568380618,5.822346742237265,1.468028422158780,3.180439818024215,4.684672986249620,4.060613417946944,3.557399009419694,5.408168746663419,5.361457765904480,0.054901534770810,3.303767565246018,4.432732504792300,0.835306301694330,5.655149131530339,4.902460711351516,2.104652195678292,2.129847222478293,3.283772625225109,3.922642327707706,7.220051158672557,2.871973484585872,2.522251049432482,6.621004669209706,2.596781142924277,3.148962723843966,0.564332162504218,2.500257640628313,4.387389598675696,3.805381989387357,
-0.327016229248328,0.058247022266148,-0.131405345720318,-0.575538524192443,4.068259897640999,4.481959349376448,4.708890697084763,2.542568273534504,0.610197566658359,2.958075158649497,4.667020204115806,3.724910984346738,4.549423233312667,4.722709220813524,5.824290816535255,1.468046452944869,3.180343640766756,4.689357582149410,4.059363870403044,3.554177516869153,5.405453426036911,5.360477071818060,0.052591491384710,3.301083332040655,4.430916468022570,0.832256640163982,5.653305126503783,4.901548181239298,2.106597401317134,2.134660503413573,3.280830140710007,3.922818486964760,7.218172206860880,2.873708772512482,2.519410201853581,6.624970544839357,2.592095105059091,3.151844676831816,0.563104162460411,2.498650125952122,4.384095750960927,3.805381989387607,
-0.326030615519302,0.054083024457041,-0.129336533591536,-0.578711305095001,4.066947608905402,4.480105515302382,4.709150096600167,2.542167641751235,0.608795420267039,2.957484189159330,4.667585824129480,3.724625510351603,4.548999340255471,4.722319760248364,5.825640295147069,1.468296941949284,3.180767228711749,4.693527679920793,4.058677063675717,3.552143366066039,5.403394136591881,5.360585854307401,0.051184865272132,3.298097498598151,4.430658906852897,0.830280541309729,5.651299501191903,4.899790272178535,2.109061708260465,2.139868013202622,3.277214886864833,3.921982617291906,7.217475676787647,2.876034246581085,2.517605739236612,6.629692736261457,2.587026795533824,3.153220795031211,0.561372250927790,2.497070558859937,4.379791714034035,3.805381989388021,
-0.324686555376037,0.050464971051266,-0.127462232617018,-0.581925367470799,4.065556088665907,4.478032308775438,4.709564193975243,2.541860748378544,0.606035101834296,2.957434667660407,4.668051743776341,3.724332756363834,4.548571623385234,4.721852106341047,5.826648302505341,1.468635340797785,3.181263327687793,4.697489183521361,4.058309376866395,3.550983216246758,5.400627396882706,5.360280636709337,0.050680262939021,3.295227188018858,4.430804622667972,0.828059839445804,5.649726894955775,4.897027818830596,2.111962121004653,2.145755393969095,3.273052614566488,3.921765608895659,7.216584358622237,2.877379995907702,2.515371359208721,6.635165689622620,2.581287940348678,3.154586711156595,0.560551194151011,2.496681275621623,4.374588486183643,3.805381989388419,
-0.323781428381097,0.046621757193497,-0.125656604474948,-0.585032439894481,4.063881102701355,4.475512423593965,4.710265119610455,2.541722303610831,0.602304282582151,2.957746254285940,4.668395999248632,3.724055056302578,4.547922831071943,4.721321389726628,5.827683462661687,1.469038972021298,3.181830951547837,4.701540607516403,4.058027975177266,3.549745682105530,5.396076947840027,5.360298261882818,0.051453367238828,3.292724660554672,4.432212338718697,0.826334730455097,5.649224128652310,4.892773207073519,2.115047571437330,2.151124355337752,3.268756443918939,3.923651948959997,7.216541760989340,2.876609202166399,2.513004854593432,6.640786394310272,2.576062750215520,3.155475101170956,0.562038818570187,2.498937656217934,4.368989901545877,3.805381989388717,
-0.323034811725564,0.043233163251995,-0.123916405071476,-0.587774833618170,4.062013040760630,4.472670522220377,4.711184908217041,2.541594711428074,0.598853549025743,2.957967217925586,4.669110222692856,3.723677363188800,4.547113119710408,4.720570393328302,5.828729068627069,1.469218917621608,3.182624541145636,4.705499800807223,4.057817089398805,3.548319147378199,5.391576307770999,5.360834694547973,0.052128135958837,3.290409074678364,4.433300338333352,0.824445993376526,5.648781838218494,4.888928087694250,2.117857052763169,2.156068883551646,3.264851297449046,3.925667043661342,7.216678208908050,2.875784222528498,2.510609598737184,6.645888236809777,2.571229783382762,3.156184439073387,0.563583668633870,2.501132811013710,4.363978684894132,3.805381989389006,
-0.322111960637821,0.040476573666643,-0.122414228869801,-0.590180608545497,4.060244086197282,4.470068365119251,4.712020851817091,2.541402548134988,0.596094537038955,2.958011451409004,4.669710721567033,3.723307812617287,4.546424915321013,4.719645714146417,5.829678889134125,1.469439604719815,3.183604434648379,4.709240124828657,4.057626753736215,3.546586835473131,5.388067783957302,5.360656588874735,0.052909925018586,3.287698421126026,4.433955739005795,0.822357920775586,5.648047364354525,4.886104956453765,2.120417150282174,2.161239183378970,3.261328479832883,3.926872293832327,7.216232068379812,2.875680309522265,2.508131089031367,6.650566784077294,2.566197046042578,3.157092224816700,0.564476968679997,2.502485819485103,4.359518919451280,3.805381989389334,
-0.320782056835701,0.036688511845535,-0.121599918482036,-0.591751032383250,4.058367744334383,4.467395299185407,4.712585155442063,2.541181171575935,0.593910300048105,2.957646873150378,4.669714439499755,3.723027092575022,4.545601120078407,4.718943346975773,5.830871684742918,1.470200970990313,3.184394324247106,4.713218255264349,4.057344174916285,3.545627072499000,5.384815211308273,5.360031222778836,0.053904737031005,3.285120748076937,4.434453456655325,0.820277006677818,5.647170295868864,4.884268109288017,2.122531886854775,2.165675610058658,3.258169613162970,3.927746758412805,7.215418160556056,2.875981374970686,2.505809319361506,6.654355812559837,2.561865130220272,3.158602684070816,0.565156695886106,2.503092557004322,4.356102797294555,3.805381989389731,
-0.318463324299367,0.033386714822630,-0.120246344091720,-0.592543627162053,4.056678120219282,4.465283204167618,4.713633003229388,2.541043897581776,0.591659321550571,2.958418720872262,4.670102829936945,3.722589749784625,4.545415645850747,4.717771103400890,5.830875883656108,1.470902106689929,3.185668623174194,4.716142759098737,4.058045199302946,3.545457638153868,5.382654109161808,5.360997626084598,0.055514697479062,3.282668619012412,4.434454446392495,0.818768497067560,5.646465488599527,4.883788432158148,2.124378367007652,2.169649947132906,3.255061415307528,3.927551970477688,7.215773722007769,2.876420548981285,2.504006245743958,6.657551488824197,2.557962519983221,3.158468469574227,0.565704926343985,2.503426502702810,4.353298237181164,3.805381989390001,
-0.316557266180132,0.031481316145683,-0.118889001600136,-0.593493047317480,4.054887890819684,4.463017747934948,4.714267872120788,2.540819098353489,0.589171128671623,2.959471712561340,4.670201304905172,3.722208634738152,4.545263112059515,4.717061451271820,5.830701891186143,1.471831224564708,3.186485290936092,4.718956683774006,4.058900919390137,3.545319425579065,5.380630739839558,5.360048722653361,0.057318502504717,3.280254001123398,4.433605198610977,0.817220379193618,5.646065351909729,4.882719619999859,2.126673226797511,2.175333401531704,3.252142086141294,3.927133377046053,7.214285274067849,2.876946065378639,2.502020550331319,6.661468740722468,2.552414218696637,3.159092273153987,0.566058608362352,2.503594429495211,4.350019101035698,3.805381989390211,
-0.314868445960357,0.029989179099427,-0.117726590394648,-0.594371016445216,4.052934082309992,4.460464899820946,4.715816781695299,2.541213131650847,0.586342785437594,2.960388273722712,4.670903248137907,3.721862356007526,4.544985844731361,4.716178108585411,5.830621595814641,1.471985929728288,3.187486785685075,4.721990346438415,4.059738791702004,3.545288951891647,5.378337527048831,5.360064230367857,0.059387043728990,3.278042214141799,4.432542338682229,0.816390146418970,5.646744050626944,4.881842890296577,2.128681824901343,2.180616876550545,3.248770878397917,3.926800406876881,7.214139859287220,2.876493659101165,2.500595184823203,6.664950285720021,2.547288540989432,3.159606618832239,0.567638493367371,2.504950420301046,4.347203377924720,3.805381989390359,
-0.313504789246676,0.027918792362213,-0.116839308611284,-0.594938088752882,4.050504780284088,4.457202561147196,4.717197519934539,2.541561904583732,0.582978377171250,2.961544448379895,4.671545461565922,3.721462691888231,4.544488163141974,4.715421004683900,5.830623071879822,1.472239335258099,3.188407230095811,4.725399134411033,4.060642175410812,3.545288825502978,5.375749272004573,5.359554598898879,0.062046155279712,3.275973855702093,4.431784327826464,0.815636679392450,5.648167544295804,4.880312535014006,2.130678153321480,2.185485139681273,3.245749677773599,3.926087410676088,7.213720831317176,2.874958314761427,2.498730183623569,6.668208926563180,2.542573053523208,3.160177691544599,0.570342461979608,2.507474676301461,4.344553938374834,3.805381989390534,
-0.311551418776818,0.028309710813513,-0.116279151821600,-0.595244265300409,4.048357684811134,4.454392047120989,4.717491190353202,2.541425178913245,0.580235748000020,2.962712757121339,4.670404727046250,3.721371006714687,4.544199868939808,4.715486720983727,5.830278321519649,1.474157737201781,3.188500289534894,4.728534756054266,4.061711479115800,3.544964188486740,5.373437214782973,5.360462069422373,0.064356003256050,3.274263436905178,4.430606671506024,0.815316802518500,5.649661096879880,4.881041325804031,2.131889988157299,2.189365128818656,3.242566482906120,3.925597346379693,7.214859357706862,2.873859763718185,2.497239558605706,6.670224279479425,2.538834347231037,3.159566063581851,0.572569876778974,2.509292283713262,4.343396264139112,3.805381989390763,
-0.308848076007658,0.029449035887512,-0.115475275653202,-0.595264201913383,4.046553851443803,4.452335541395204,4.718078101822825,2.541431398873053,0.577797517362984,2.964432510999976,4.668710589723284,3.721378916439413,4.544503774714961,4.715216935858333,5.829085881279431,1.476645124676335,3.188984049716915,4.730830124016957,4.063364324116077,3.544979452075593,5.371059269374156,5.361517056064722,0.065919009420356,3.273187095535878,4.429413085824177,0.814878070537716,5.651124050268852,4.883844434357142,2.132449673017027,2.193091659308166,3.241106069056753,3.924607357077722,7.216371303691562,2.872492743489139,2.495757240336177,6.671300976264413,2.535259749857697,3.157679875151330,0.575037705764791,2.511107587726535,4.343250782145587,3.805381989390943,
-0.305925675691231,0.030118112144682,-0.115232606976236,-0.594407767430416,4.044870115484664,4.450808751257827,4.717919081606250,2.541263715331952,0.575712831511821,2.966928658503332,4.666361982911721,3.721434642495062,4.545399261507257,4.715765790335696,5.827142003193919,1.479848378322856,3.188725262544342,4.732644608382328,4.065740388407880,3.546145122230680,5.369138224171491,5.362230422246565,0.067591438444992,3.271951872767873,4.427590207881067,0.814063558310314,5.652334184142094,4.887789184826475,2.132746731718537,2.196742153331634,3.239032622999837,3.923003004399342,7.217582117421993,2.871618975759092,2.494126473269932,6.671652145350173,2.531766463822066,3.155514410813331,0.577090366864059,2.512048873227244,4.343932221527739,3.805381989391096,
-0.299653794542397,0.029920133445945,-0.117298539919567,-0.590445393428896,4.043511769238040,4.450723996009827,4.718605940851941,2.541545220280472,0.576827901777555,2.969426865250053,4.664891893460720,3.721403814447258,4.547278701299536,4.715751702308252,5.824632474213840,1.482124079933933,3.189024573491025,4.733765827092908,4.068531100002549,3.547755481345857,5.369610720787216,5.362132130233483,0.069287638932843,3.270498067712968,4.425629456236854,0.813520932338271,5.653184362300971,4.895413019646489,2.131541078155621,2.199199864488209,3.236773833072596,3.919521951821307,7.217851443338171,2.871940795061149,2.493010799034734,6.669590814982191,2.529511922279635,3.154185395913433,0.578075796840471,2.511472180415675,4.347434477149918,3.805381989391146,
-0.293416924190830,0.030326140190413,-0.119486069335813,-0.586233570176042,4.042159044845012,4.450716175875124,4.718609478408403,2.541543401748582,0.578662120976028,2.971678250150066,4.662809911348958,3.721455891782060,4.549139964198732,4.716303129716009,5.822194596591080,1.484982909994311,3.188765680034572,4.734848708091278,4.071340175358644,3.549468133070078,5.370764645873790,5.362622841027909,0.070266932366578,3.268965225414257,4.423393707852000,0.813428843606568,5.653772009706278,4.903522332940451,2.130131372049314,2.201053083419066,3.234885689405212,3.915368503874940,7.218641128387695,2.873212432830787,2.492431194860550,6.667154450461916,2.527814771009796,3.153474275781698,0.578197086932680,2.509744536830818,4.351398252254217,3.805381989391284,
-0.288000491812992,0.030654711156718,-0.121598044926683,-0.582510318149370,4.040382793533877,4.450098681109012,4.719473774180719,2.541492222674530,0.579350595528320,2.974264018442359,4.661942518448656,3.721195248478671,4.550948229208740,4.715859633663379,5.819741151330449,1.487195711100838,3.189521901233011,4.736630701829160,4.074198306296893,3.551250996666874,5.371128515237918,5.362966407294886,0.069599560525588,3.267322896075838,4.421883597362158,0.813055471877288,5.654734266508940,4.910699999235371,2.128806360154305,2.202769276645958,3.234671482305268,3.911736315128059,7.219794389875467,2.872847696315127,2.491545451765202,6.664905705686791,2.526358110879628,3.152534536148847,0.580038955242483,2.509978718061351,4.354991669611906,3.805381989391441,
-0.282033496396710,0.028762573799443,-0.124036085944015,-0.578459054450485,4.038974931479913,4.450023522374925,4.720013817331773,2.541204392549047,0.580630683156582,2.977008440526811,4.662223195295375,3.720738451723514,4.552947040900666,4.715370177263209,5.816748532532518,1.488269142049824,3.190266389244750,4.738011549049132,4.077408926081397,3.552826450762344,5.371978676559986,5.362395264222769,0.069662745533810,3.265836604985799,4.420850951228448,0.812679412588337,5.655334006756485,4.919521178573977,2.126794881356896,2.203610961036192,3.233750543304926,3.907582768267757,7.220061145222097,2.872859134420194,2.490770743818414,6.661845998357061,2.525777148210475,3.152121867846678,0.581585021495101,2.509697296752200,4.359523275265404,3.805381989391631,
-0.276058474052135,0.027908368301179,-0.126699495490406,-0.574538627836955,4.037802797737359,4.450299505534802,4.720172855652010,2.540870318348811,0.581964547665955,2.979933451398533,4.661447763071630,3.720467644580709,4.555235988464196,4.715410924143941,5.813456051313973,1.490271966668835,3.190484559372686,4.739126288590896,4.080827003924956,3.554467186181107,5.372787455373548,5.362120408801177,0.069940994743530,3.264060975426249,4.419834523573387,0.813002808463841,5.656265785090702,4.928521808661141,2.124888756772075,2.204001441980899,3.231380829986507,3.903417454191053,7.220800327350848,2.873042666844980,2.490527283068840,6.658994928567347,2.525651936311379,3.150641091595244,0.582886327795885,2.509019151991458,4.363764670160406,3.805381989391775,
-0.270686017507454,0.026836704708398,-0.129175464255051,-0.570943687077199,4.036744691851832,4.450932384660599,4.719880294742037,2.540430828142427,0.582636520155850,2.983483415496718,4.660380371847957,3.720251480772894,4.557914738031850,4.715928496971989,5.809709865659749,1.492505146518579,3.190223519723190,4.739632610465859,4.084602868244402,3.556370486815841,5.373301986483418,5.362011935050329,0.069925201061990,3.262861588410077,4.419321033880548,0.811990440409492,5.656595093063734,4.936255723362857,2.123442709703431,2.204331353382372,3.229335378618875,3.899449306605322,7.221692590798466,2.873074381655195,2.489387091500918,6.656955177373796,2.525607398715723,3.149222691410192,0.584403807701577,2.508767301170013,4.366964255101558,3.805381989391864,
-0.265501035581350,0.025799893562245,-0.130856816130136,-0.567345975578464,4.035484027639626,4.450888177407730,4.719348917463047,2.540078786415713,0.585038143640806,2.985416277845613,4.659388989373714,3.720098284980056,4.559774817956814,4.716708483886007,5.806940147808795,1.494370263012138,3.189677631182170,4.741074390323361,4.087592202903945,3.556090710287779,5.375011659396175,5.362235854663148,0.069915219170729,3.261863126510915,4.419806867432907,0.811181826799135,5.656434202318061,4.945584879857933,2.120802177530616,2.203199351881238,3.232014535049581,3.893743262972468,7.223098685829258,2.874009890519610,2.488502207658345,6.653000253647185,2.527247553755980,3.149546730759999,0.585160047128124,2.507916440324943,4.372300692995491,3.805381989392163,
-0.260534360751362,0.025077246183712,-0.132525625517128,-0.563901178652594,4.034106279838698,4.450564337692832,4.718632436924788,2.539726919825759,0.587121976783358,2.987138966668040,4.658172244816747,3.719981457563976,4.561603994334861,4.717785632911382,5.804509973135125,1.496419488089915,3.188860391914731,4.743027022552683,4.090342912555399,3.555973142988592,5.376154682935223,5.361772410419708,0.070889026860926,3.260769388984329,4.420283967988767,0.810258665345397,5.656537708119443,4.954544413463998,2.118184693864398,2.202056657879353,3.234194488955827,3.888603245144554,7.223924375137885,2.874242267551758,2.487267312853101,6.649011944165426,2.528846372478506,3.150275355628549,0.586733017712714,2.507807000348555,4.377623557502352,3.805381989392427,
-0.255423031533089,0.024251460665854,-0.133958589616393,-0.560542593207389,4.032593121642422,4.450051627417419,4.717941244573667,2.539413369890182,0.588532917461272,2.988930523702752,4.657306485810457,3.719808753356094,4.563439701744801,4.718820059718196,5.802314993004584,1.498208567552823,3.188090820484385,4.745103938640162,4.092971067515330,3.556617325636492,5.376358462014905,5.361748285431966,0.071710000735761,3.259976500506359,4.420043929298886,0.808935753563566,5.656437195763027,4.961592267288909,2.116340760062707,2.201421967658637,3.235331629809026,3.884589487402123,7.225091194595299,2.874463716395256,2.485842040979926,6.646214315771503,2.529865727360944,3.150838725534307,0.588349320247207,2.508151222526510,4.381515536345113,3.805381989392606,
-0.250280180839479,0.022874445766706,-0.135599256767452,-0.557235044612937,4.031203073725089,4.449709467764579,4.718096786650247,2.539437547603175,0.590091520140872,2.990655865319488,4.656989621423682,3.719571898507326,4.565236016486441,4.719081007908681,5.800176742267096,1.499413559566575,3.188067623297379,4.747035222467200,4.095513598473314,3.557307421137209,5.375888841338905,5.359019961601176,0.073671482001047,3.258728663384598,4.419033810868404,0.808298531449848,5.656750219464781,4.968634367065474,2.114373218124151,2.200462294575048,3.236157961458228,3.880945665453380,7.223589674792169,2.874787734623050,2.484766651557590,6.643248904810640,2.531166455470102,3.151619616181535,0.590087544645657,2.508440661469519,4.385511769894848,3.805381989392763,
-0.245924383945274,0.021620168325632,-0.137474826066058,-0.554454634824835,4.029427920724610,4.448567525835966,4.717788727442055,2.539409147437592,0.590784000994708,2.992186073232377,4.656823869751899,3.719307260868688,4.566781597563176,4.719843668231622,5.798519903968522,1.500613429839965,3.187546403949022,4.749765897884793,4.097720062321794,3.557850199541822,5.375440157863893,5.355702955364572,0.073020363520295,3.257746242388053,4.420067807515548,0.807368667864039,5.656916485524357,4.974868521555690,2.112565726976987,2.199681538317964,3.237352197213249,3.876999711859809,7.222158332929581,2.873593687264307,2.483575105301335,6.640402563006098,2.532269574584445,3.152479180604880,0.593322915489845,2.510347048091447,4.389340412930920,3.805381989392861,
-0.250547697733268,0.016878640314815,-0.140357774125968,-0.560648934152746,4.027823807765588,4.444289198097956,4.719202402688189,2.539704728641015,0.596575924189482,2.985909628176447,4.658302611168704,3.719152806913247,4.563824396685700,4.718690948970196,5.803316018983947,1.499299963930588,3.188785211899294,4.758066609025454,4.093946801182319,3.549810722526602,5.382727598342433,5.349976836955250,0.071083841246989,3.254570409718642,4.423199839247891,0.809018710059663,5.655518032947683,4.988022815257652,2.106194398545714,2.194514432701707,3.244408046076164,3.867057112813313,7.218192104299123,2.876686755468657,2.485352529397834,6.629992900960333,2.537682974868717,3.147862530004207,0.592447571491381,2.508576551991516,4.401633239771181,3.805381989392524,
-0.254415247551294,0.013370649177159,-0.141864977324067,-0.566030055074656,4.026005261994871,4.439876963360734,4.720080077546225,2.540000009968172,0.600209674229870,2.980925764330075,4.659405475233481,3.719039160944220,4.560994605693315,4.718106824579522,5.807565549730404,1.498405696332817,3.189403364632629,4.765899500894679,4.090718224904315,3.544250746013986,5.388058495779790,5.343870420159018,0.069926735703491,3.251669644519374,4.425660036493514,0.810694172388021,5.654307346010309,4.998096164941446,2.101539035178273,2.191160798024860,3.249674141557283,3.858842965182816,7.213821208049772,2.879206615810406,2.487032007702908,6.622267986449693,2.541333886351096,3.143886818355389,0.591777285172891,2.507558307401791,4.410862241050120,3.805381989392080,
-0.255930691208145,0.011121142051835,-0.141730792700537,-0.570921567530879,4.024081229356608,4.436215631743229,4.721234179142996,2.540232068211429,0.601305407956770,2.978278491625956,4.660176953950884,3.718960177447026,4.558647917427490,4.717183074594779,5.811305323511032,1.497868359821062,3.190395129718942,4.773050335664717,4.087916476134275,3.542157829914216,5.390019853033401,5.340883412266979,0.079888247012026,3.247470516282045,4.425652662216693,0.814159716016370,5.651799407102983,4.997820730125525,2.103465273975615,2.193932012035905,3.244491632585881,3.859393576549297,7.205356243925311,2.884864957784911,2.490606923300584,6.624696512166230,2.538728821683053,3.138340548302842,0.587731879850539,2.504557260266362,4.408608569480598,3.805381989391456,
-0.256625146939818,0.008731280871769,-0.141634931277117,-0.575376709008198,4.022136960261962,4.432846963175902,4.721890079566739,2.540306272630328,0.600851253583453,2.977065956601748,4.660649563099454,3.718932118660762,4.556787050608807,4.716824872091347,5.814657757311307,1.497580938308204,3.190820540017339,4.779863524178599,4.085445003899514,3.541189292196116,5.389396844823554,5.338602035280808,0.088910794155173,3.242961141616247,4.426764670164525,0.817467763468209,5.650047682625453,4.995731995302654,2.105936955104118,2.196681329585054,3.239650537998214,3.862637874668339,7.198279794898866,2.888545597735801,2.493661660201462,6.627865991308114,2.536136582495785,3.134891125805282,0.585872637715526,2.504563109079758,4.405516604131850,3.805381989390890,
-0.257423859551038,0.006533495389380,-0.141572747889593,-0.579421453167848,4.019986477969691,4.429292860461580,4.721531795457519,2.539897517202318,0.600024173941722,2.976288891128737,4.660272953269224,3.718942413065628,4.555054756888034,4.717247154853546,5.817447946405663,1.498214470345148,3.190493660319292,4.786381165389891,4.083490146309999,3.540242387564305,5.388088919799489,5.336038136664044,0.097992689617210,3.238514173123821,4.428394219482769,0.820061358607823,5.648751799662985,4.993905384091047,2.108012299852414,2.199002001518668,3.235095334283339,3.865776441605908,7.191720457450614,2.890715702750722,2.495868607605776,6.630575195697984,2.533963400897410,3.132284273470811,0.585637492321356,2.506071400503538,4.402849382135217,3.805381989390374,
-0.258695133921280,0.004946959709062,-0.141610595913625,-0.583515105810700,4.017905276717012,4.425898071636379,4.721290369919693,2.539539056428095,0.598950533478606,2.975636417991637,4.659590353490770,3.719015798890772,4.553114957163521,4.717489757827207,5.820830497157981,1.499051621800625,3.190349491246249,4.793176271821120,4.081038957617986,3.538429231016237,5.384595396852442,5.333269205583427,0.106624930272074,3.234813467152774,4.430634356853771,0.822739617414323,5.647600283309543,4.990566023119706,2.110544879679000,2.201194605603055,3.230426635510545,3.872118853833463,7.185354172847958,2.892209808443674,2.497988757429764,6.633750273071405,2.531898746634381,3.129504884941082,0.586002983997989,2.508510705397278,4.399612651933872,3.805381989390016,
-0.259761675710607,0.003789766932758,-0.141788058955169,-0.587083445864161,4.015783493335415,4.422679287556480,4.721102790443608,2.539284634383600,0.597119441663295,2.976033001436118,4.658588940088158,3.719089239777962,4.551659040428313,4.717772791610515,5.823425703228669,1.500255253555829,3.190195043468834,4.799276243189611,4.079264837734986,3.536640503831694,5.380258061814849,5.330642804391650,0.115172739540467,3.231419145518538,4.433170698760835,0.824995283078407,5.647283896096510,4.987047991135612,2.112927745173212,2.203175496090394,3.225775205507551,3.878862962971947,7.179736930655769,2.891779280740594,2.499214707027805,6.636651322258203,2.530048094361176,3.126630820836513,0.588446708901143,2.513092705270669,4.396577298386040,3.805381989389702,
-0.259711141722718,0.003113712482941,-0.142422617480184,-0.590059699388481,4.014335535572177,4.420480809124592,4.720813878757226,2.539052687873451,0.595926902504533,2.976191908323309,4.656067156895066,3.719395920760361,4.550701549014984,4.718295874397570,5.825713014558147,1.502832950564200,3.189757824762665,4.804250244653058,4.077615333768553,3.534745253089238,5.375028925102749,5.331354921905112,0.121364373781653,3.228473969627353,4.434988049277939,0.827162738179022,5.647261889775665,4.984556762252481,2.114579858408069,2.204670996934186,3.221095421940072,3.886246081644110,7.177520199434412,2.891149340317901,2.500349614531069,6.638879358372636,2.528677200559259,3.123591318052363,0.590986415480225,2.517509062496919,4.394312515086097,3.805381989389500,
-0.260195336072042,0.003047982991350,-0.142763441011216,-0.592895495098023,4.012738553860938,4.418121074019670,4.720495198924564,2.538831303960134,0.594589591966589,2.976727107229189,4.653746273079762,3.719682832267035,4.549778612658726,4.718879521609995,5.828020221942987,1.505206887472019,3.189282527576569,4.809349884832757,4.075980557820883,3.532190818107525,5.368640896845511,5.333825646101887,0.125740532187911,3.225687228554587,4.436420020583854,0.829544214955399,5.647950529317259,4.981061584083836,2.116476816120163,2.206206132398411,3.216848863965321,3.894596885417966,7.176976256594407,2.890022923760803,2.501242080369298,6.641147285390885,2.527246875872310,3.119535045810290,0.594062915515694,2.522377291062634,4.392007607151391,3.805381989389344,
-0.260765699665626,0.002852744431563,-0.143211336692460,-0.595648912055131,4.010878912236207,4.415122437519834,4.720769327846702,2.538784065540254,0.592795280299336,2.976910566504947,4.652390910207544,3.719837177083206,4.548458634307132,4.718838789566032,5.830610698203781,1.506714224912886,3.189439448455535,4.814757353096637,4.074158173839118,3.529778776217086,5.362641542698833,5.336965026770981,0.129836489551733,3.223085693704269,4.437753204162455,0.831392793632352,5.648572966961722,4.977343239722962,2.118542693580891,2.207936971207601,3.212442741196981,3.902032552568581,7.177546835519807,2.888701485732549,2.501830128370456,6.643603600547784,2.525593858164791,3.115771804940481,0.597292555001225,2.527283654240414,4.389549109191917,3.805381989389223,
-0.261483735413653,0.001978133152758,-0.143292780818930,-0.598045082731083,4.009060408053780,4.412274995607928,4.721364208954357,2.538969293675148,0.591863903202694,2.976761404215700,4.651560254648499,3.719956117659641,4.547295362582273,4.718729104078404,5.832659100038629,1.507674461962396,3.189662851235948,4.819775319477312,4.072858384540883,3.526697831315911,5.357966480032581,5.341242552372089,0.133778711001446,3.221035911883420,4.438280536378959,0.833576077261185,5.649361632713742,4.975041754254213,2.119974650249531,2.208747801443713,3.207702462456581,3.907862275013371,7.180204067963708,2.888161982428310,2.502605133920989,6.645273538681884,2.524859686342439,3.113370295166345,0.599822480182318,2.530866152009220,4.388033691167109,3.805381989389110,
-0.261496331624955,0.001893378448855,-0.143966131469557,-0.599491251719623,4.007581096983158,4.410148906478848,4.722023940166111,2.539314737064474,0.591762259357991,2.976979979085574,4.650753524037987,3.720114902784342,4.546539699465449,4.718983270868436,5.833972274113523,1.508566283653396,3.189526069900520,4.823971187853910,4.072169457223099,3.523561310452117,5.353705675822651,5.345138497737477,0.137929569243820,3.219418391502086,4.438688004383309,0.835178804891576,5.650036451242002,4.973530764569883,2.120898912983229,2.209474064539838,3.202249455287688,3.913164622766683,7.183325761552441,2.887600456165900,2.503214845993594,6.646260559607832,2.524266266562072,3.111105941873312,0.602264609053880,2.534175474918393,4.387233193752967,3.805381989388884,
-0.261828768245767,0.001065143844516,-0.144360608952663,-0.601043482315010,4.005927842523621,4.407685357462227,4.722462597461400,2.539603488753606,0.591680552014767,2.976963160023971,4.650151952653006,3.720251070753437,4.545617241130810,4.719440976022164,5.835452264764080,1.509242472987277,3.189214060067453,4.828342339160893,4.071379371734956,3.520077613321930,5.349682445555215,5.350437798649406,0.141373785748959,3.218008000432029,4.438788113838381,0.836719844069603,5.650726775204091,4.971957352983515,2.121860208841679,2.209748353372663,3.197326402341989,3.917903384804074,7.187798859303105,2.887144807879951,2.503666476007579,6.647218504398886,2.524087863658726,3.108322113781536,0.604549434614212,2.537138672883841,4.386449495897771,3.805381989388668,
-0.261975580503093,0.000509820287142,-0.144413753021412,-0.602162323142104,4.004384006895623,4.405609160783134,4.723634187222253,2.539877087655173,0.591437246821895,2.977662741883407,4.650364380550283,3.720223925129270,4.545185386672808,4.719031934499828,5.836054326880884,1.509437857600645,3.189774527139442,4.832212425625866,4.071245468500019,3.517552959821157,5.346126134566520,5.356092706767910,0.144421184470192,3.216608969605706,4.437759978875873,0.837764715186431,5.651496107163794,4.970915555412111,2.122691421787104,2.210249385573174,3.193592903147712,3.921518684959759,7.193093803899141,2.886671143451640,2.503754431525455,6.648112665951263,2.523753133896354,3.105987273945537,0.606788690405356,2.539832885991345,4.385764594676258,3.805381989388539,
-0.261581004241425,0.000178592899585,-0.144407678988212,-0.602878743192538,4.002821251814116,4.403497536590374,4.724545403289610,2.539979275963952,0.591450953661959,2.978328469525078,4.650616206647089,3.720166415954769,4.544700676069136,4.718649189832016,5.836283030154406,1.509612292827808,3.190286599762990,4.835852098701677,4.071491706747513,3.515328843383626,5.343560116139579,5.360917897982035,0.147555067943917,3.214774288978324,4.436540911662664,0.838871192721856,5.652435331620024,4.971289357738705,2.122882609316919,2.210414766585336,3.190185668175447,3.923891765107488,7.197703879104676,2.886023899988974,2.503760523535692,6.648168145978132,2.523733368985941,3.102619496428858,0.609186734536922,2.542296953685384,4.386021514506449,3.805381989388423,
-0.257947303092608,-0.000958088046674,-0.141162369864892,-0.600457865859337,4.001531061235243,4.402609890280538,4.725360591460079,2.540091447485867,0.593115717086371,2.980791615762103,4.651381787120874,3.720003974430061,4.545205705920867,4.718308336880868,5.834100209507763,1.509369069792954,3.190762099941666,4.837112843201133,4.073860876393944,3.515925505042734,5.343622561163433,5.366248090870832,0.150553122350841,3.213547430634715,4.435642911737065,0.840257000292205,5.652447953589987,4.973615234111726,2.122413224304475,2.210736521343073,3.188097440938841,3.923467672714786,7.201913926079006,2.887148144319162,2.504447012772824,6.647590634337380,2.523570526357719,3.099533399156621,0.609690915971778,2.542588136620675,4.387019391826486,3.805381989388063,
-0.254680238884794,-0.002042816324393,-0.138381504232668,-0.598273757138305,4.000072830838103,4.401542582161308,4.726632236750036,2.540486239283553,0.594860920938887,2.983142332482857,4.653133042130605,3.719747892549107,4.545813201213215,4.717741217390765,5.831727411223166,1.508132213900322,3.191463939561385,4.838648939875760,4.076381799977314,3.516744357681498,5.343812094442537,5.371160421894339,0.152628480405942,3.212216160679742,4.433261780376974,0.841314902224080,5.652471224864422,4.976072999146738,2.121983211806727,2.211651607794701,3.186414505932234,3.922429855085438,7.205584947094641,2.888865164468048,2.504843550906536,6.647151113024584,2.522812060274421,3.098610663579954,0.609767622405369,2.541809575134350,4.388136824825009,3.805381989387798,
-0.250560960857169,-0.002307500528702,-0.136812652511017,-0.595548884917625,3.998924186696373,4.401052152172467,4.728162595153853,2.541077464840409,0.597797813407076,2.984819513446839,4.654877776580652,3.719482660127293,4.546693456263853,4.716953198587302,5.829178978527763,1.506897904069721,3.192382441557686,4.839832497488034,4.079001558846020,3.517940343349003,5.344931990537098,5.376090169185583,0.155426614463351,3.210411693173960,4.429440672326333,0.842330434169175,5.652282392554699,4.980471447121504,2.120711203254728,2.212373580255690,3.183409581818169,3.919888474162001,7.210007469606908,2.891793598683404,2.505363351406327,6.645713550836898,2.522288953980973,3.097394312331680,0.608622243166853,2.539275024846902,4.390401650115145,3.805381989387636,
-0.246373933402900,-0.002463228897504,-0.134976655684384,-0.592946577867698,3.997791057077801,4.400749953551957,4.729765584511795,2.541589527310905,0.600295463868622,2.986896663479712,4.657005508464252,3.719114573398787,4.547849955193228,4.715999747276258,5.826171269321430,1.505562212337553,3.193445049657296,4.840732632794055,4.081974353284925,3.519239118429737,5.346027487038332,5.379723584301860,0.156364056431372,3.208881613009333,4.426383587226685,0.842873636338688,5.652106953417442,4.985457176946163,2.119080060128478,2.212908010515014,3.182453214887781,3.917097413644396,7.214289023886781,2.893848325828053,2.505494343842729,6.643921489781275,2.522102688109055,3.096735047216339,0.608444257142008,2.537734522425651,4.392987700603731,3.805381989387520,
-0.241970286578438,-0.002274193173102,-0.133287660230010,-0.589967351107903,3.996597356691967,4.400449440215806,4.731217724654793,2.542081698954756,0.603076054331674,2.988977033208392,4.659167132428343,3.718746870016453,4.549155823885753,4.715287714532223,5.822813766824823,1.504163841337172,3.194244349828080,4.841231084615005,4.085315316727090,3.520681817703413,5.347449727113873,5.383298185964118,0.157547250533990,3.207507965213967,4.423098677136716,0.843981953255908,5.652034645845539,4.991099470584979,2.117281834972271,2.213218962556156,3.180971545252557,3.913085583249010,7.218943275073801,2.896370061821716,2.506111086333495,6.641882029231157,2.522126504091683,3.095238704149550,0.607606101938542,2.535126695173184,4.395834854477418,3.805381989387460,
-0.236483931093810,0.000142354337368,-0.131864316946141,-0.587017351935275,3.996042374930671,4.401147263563727,4.733453859423190,2.543068866305790,0.605969790636627,2.991574905314818,4.661558826067862,3.718373280247133,4.550926129187940,4.713997668129520,5.818664132007387,1.502487616869097,3.195630890604583,4.840803607046242,4.089231225497372,3.522448802398982,5.349449473311414,5.383737619253518,0.159069819745369,3.207225700336044,4.418622656899615,0.844102007453818,5.650977278964929,4.997868037140399,2.115176323755513,2.214089484071443,3.178652637650871,3.909702165731232,7.220680306508741,2.899490409088306,2.506221410953582,6.639789685830563,2.521629062418030,3.094413977806655,0.605870183636950,2.531520036331628,4.398766251829098,3.805381989387286,
-0.227384975406382,0.003056233577146,-0.126914548852910,-0.580160568934015,3.995631083360736,4.403471601150036,4.735625195392618,2.543913171016947,0.609291002402430,2.997563344699352,4.663813200562895,3.717912114376277,4.554218360704489,4.712680851852027,5.811452937980540,1.501278531234771,3.197040418203879,4.837205902227926,4.096002726448306,3.527804555904180,5.351219012695355,5.385371851604048,0.162198709722717,3.206443135851657,4.414146013407173,0.844973388458970,5.648576246770544,5.003305154571957,2.114318259199546,2.216593756575827,3.177205328143921,3.907813705773801,7.222815042338489,2.904671417663447,2.507382170643703,6.639741240929029,2.519594583065048,3.093314220288064,0.601941098640395,2.526319653630896,4.399407896465675,3.805381989386888,
-0.219308610509877,0.005740874324735,-0.121917838225691,-0.574123720441336,3.995193006965301,4.405457092737526,4.737264413584351,2.544534418323013,0.612622453647704,3.002579010480372,4.665408580649276,3.717534673208345,4.557101766287231,4.711802418509730,5.805019415111314,1.500639079337780,3.198029786518066,4.834239834715821,4.102087472676749,3.531982434321483,5.352237736547418,5.387401110733597,0.165191257188144,3.205536297498552,4.409973569361338,0.845755488303618,5.646550926115471,5.008729920882136,2.113276087450905,2.218648541241181,3.175524601905654,3.906492347206005,7.225541578136584,2.909364646719059,2.508343055359901,6.639471557109481,2.517965127568402,3.092170578137626,0.598368549587148,2.521452634960748,4.400292947962226,3.805381989386499,
-0.211256814014136,0.007986835436146,-0.118047798833477,-0.568214654691785,3.994757643618045,4.407440741884405,4.738950127141004,2.545210798066190,0.616477115954649,3.007119535194567,4.666776847498508,3.717185043485807,4.559824721441064,4.710841846639842,5.799002728728841,1.500158654965339,3.199091141505820,4.831511484006425,4.107847553588602,3.535501669072925,5.352938787405117,5.386518374028854,0.168255446956560,3.204123960421413,4.405693278868098,0.846373291935804,5.644497513296170,5.014337521190413,2.111910468977302,2.219905539361863,3.173566518137207,3.905595580082225,7.225312822025376,2.914092407321478,2.509267199337458,6.638592324400089,2.517086419041307,3.092115707903338,0.594669754157604,2.516176189752525,4.401748754073437,3.805381989386248,
-0.203962060996438,0.009664768175064,-0.114482329412046,-0.563112305417127,3.993951312245408,4.408635738204500,4.740693339971705,2.546018188681917,0.618635514715791,3.011824723079511,4.668645184607420,3.716735483489871,4.562197417386047,4.709792316343916,5.793707909519248,1.499370936904638,3.200216298851605,4.829600300265479,4.113025393880907,3.538882931121736,5.352584378436704,5.385311231063493,0.170341087630032,3.202718142749697,4.400500170902418,0.846940222639889,5.643023459142765,5.017829331857408,2.111541233207665,2.220753374156133,3.171639674879425,3.905483942263204,7.225263743732695,2.917796057738801,2.510002957144839,6.638874370466572,2.516602011674140,3.092909859052944,0.591955050647980,2.512453178091766,4.401794453363700,3.805381989385975,
-0.197050212770249,0.010884927832378,-0.111616619365940,-0.558483800543678,3.992928112543468,4.409432688960219,4.741565665415004,2.546311630478046,0.619938915606309,3.016682900629578,4.669752889032509,3.716379854493705,4.564515188895292,4.709401142862514,5.788961046970133,1.499264658782517,3.200723936501887,4.828383218414576,4.117768215768153,3.542550629270302,5.351343513061262,5.384373620069784,0.172024190871130,3.201067612788602,4.394964079193906,0.847448759823423,5.641886591440182,5.019960526787615,2.111737901503026,2.221436686184740,3.169516731102696,3.905865190246251,7.225115115647323,2.921118432492683,2.510401985894510,6.639567984896857,2.516248311100749,3.094048731004683,0.589608495528893,2.509441234991892,4.401312041864892,3.805381989385775,
-0.190384008742931,0.012604306072299,-0.109066131071226,-0.554144086598050,3.991657254540586,4.409612708560578,4.742466116550470,2.546767504916475,0.620199202069042,3.021563395054272,4.670696488143594,3.716083716663096,4.566591857228711,4.709266870482478,5.784822371606674,1.499217631988904,3.200995868630687,4.827837946985624,4.122039912183978,3.546286482108489,5.349054876322713,5.382847799656025,0.173958093599666,3.199520642583468,4.390133528808316,0.848021515086640,5.641341197356862,5.021036551930614,2.112231482224560,2.222130836847155,3.167479769186715,3.906950938026290,7.224441563232053,2.923016500090888,2.510487666599298,6.640490874006128,2.515853351487428,3.095569295693291,0.588899868421592,2.508506878018200,4.400533704970717,3.805381989385623,
-0.183984145404918,0.014775874842035,-0.106624079158516,-0.549918693031175,3.990074575922991,4.409289840512874,4.743223545565608,2.547246065510256,0.619058219102239,3.026630108715297,4.671782129677639,3.715730939491448,4.568582583018159,4.709252537913903,5.780990508481839,1.499181170124376,3.201207105438755,4.827837378417474,4.126147893887041,3.550459186235881,5.346215904398824,5.379637954859050,0.173413252732131,3.198001536179622,4.387334951731492,0.847641027144686,5.640637392970878,5.021410988921313,2.112832463120504,2.222953698742216,3.165986814285521,3.908217296594096,7.222819573657950,2.922361871153080,2.509948270214108,6.641442253188878,2.515317933495939,3.097444959633400,0.590784596421339,2.510394721008692,4.399646298625176,3.805381989385666,
-0.177755605615523,0.017309530540159,-0.104080800921630,-0.546074778327254,3.988745166573735,4.409311425135091,4.743211258264175,2.547414441554416,0.618105549234253,3.031428661454420,4.671668914538768,3.715587936805778,4.570691878676597,4.709964892935612,5.777374439381312,1.500094328174741,3.200702926360272,4.827942707506606,4.129999704674560,3.554300677768556,5.342781123059481,5.375136430937506,0.172032738272104,3.196658680194430,4.384398915031240,0.847029955997502,5.639670948191605,5.022147315049306,2.113224645783108,2.223930069821166,3.165310274348761,3.910226514698218,7.219949423994049,2.921927250848467,2.509275982954704,6.642192967348000,2.514641936789570,3.100128978238705,0.592609867348075,2.512172163023473,4.398979844094857,3.805381989385715,
-0.173070557881226,0.019251770604431,-0.102631744973559,-0.544557002475173,3.987266603858856,4.408312872526899,4.743597894747074,2.547588186646580,0.615890880102636,3.035240055882335,4.672044741153368,3.715387504858294,4.571824936486028,4.710176602274966,5.774812789199608,1.500550750876922,3.200638796888992,4.828947716908963,4.132838801126335,3.557435818557512,5.339029825317868,5.371702050874627,0.170772142541630,3.195330354530042,4.381760737295167,0.846512041826547,5.638263550273919,5.021755217905879,2.114384679600575,2.225840034775350,3.164987030684933,3.911513369046737,7.218307406178813,2.921695956193179,2.508729233448922,6.644055824141347,2.513055512836231,3.101887357469804,0.594113862007614,2.514054078153076,4.397087935284044,3.805381989385781,
-0.168529775218629,0.021123407614488,-0.101504053874231,-0.542926351930785,3.985707008769989,4.407108402395942,4.743923050268129,2.547713321732532,0.613625042225392,3.038991720039990,4.672848649301164,3.715159615841098,4.572847645238291,4.710510448760433,5.772903600892995,1.500505811550642,3.200427877828146,4.830656559006409,4.135190604300588,3.560295269156815,5.334168822395167,5.369698246217629,0.168660143841372,3.194300502847237,4.379691315747783,0.846045585096024,5.637022737145847,5.020409885004415,2.115620786184243,2.227502107504786,3.164218791332455,3.914243229793039,7.217632741135798,2.920893026451243,2.507971833696894,6.645638810049250,2.511693802886466,3.103222168098268,0.596299990866639,2.516779667661926,4.395487494967232,3.805381989385823,
-0.166121640034940,0.023324437282239,-0.102571081604694,-0.543267192736169,3.983938885548251,4.404918943659437,4.744779341955509,2.547730198990945,0.613541547957934,3.039943757437072,4.673396220018295,3.715063901779512,4.572821973518022,4.710136514970539,5.772746631909828,1.500388345200980,3.200912035021398,4.834098337966486,4.135883342475594,3.559167921666280,5.332810897925807,5.368703615461622,0.166955508700421,3.189816115493820,4.381949901580318,0.846172889158526,5.633892300296933,5.020347776883121,2.116033043253861,2.228027147921545,3.164807711938594,3.912949971248748,7.217341509696118,2.921747688141473,2.508555880793863,6.646102365884486,2.511443202060648,3.105586997147077,0.597020912789622,2.518514102702486,4.395061900614540,3.805381989385662,
-0.163236993298064,0.024580268417818,-0.103460674171657,-0.543441273415820,3.982436092045011,4.403277980323208,4.743026683947293,2.546255634713222,0.613559696337680,3.041092693616273,4.672771797674725,3.715106377789496,4.573046079506911,4.712054053212841,5.772126051356341,1.501376011320225,3.199145729541597,4.837063543780093,4.136933106258528,3.557884727329481,5.330513403804590,5.367431387309773,0.165966608380857,3.186530952935409,4.384046669913287,0.845120821206953,5.630937637756676,5.020754175668816,2.116061777729381,2.228183609187989,3.165323796131255,3.911962229357556,7.216861047791260,2.921483989478619,2.507896959542983,6.646377559037556,2.511525225105999,3.109304796902989,0.598672498155739,2.521163702817543,4.394824031641242,3.805381989385468,
-0.160932524908778,0.025184413672343,-0.102966334949539,-0.544844051760702,3.981029698013746,4.401402226269279,4.741895622975489,2.545127167899689,0.612646523371107,3.041897959254757,4.672890293232786,3.715098532569749,4.572612153178950,4.713364666325582,5.772073977155737,1.501542098750689,3.197944810763765,4.840509542032833,4.137392131266205,3.556129894816628,5.328152925952236,5.366150327757198,0.164969633530205,3.184100653502077,4.386993210798616,0.844748570276799,5.627873666611242,5.020092162047104,2.116680439137699,2.228741873738635,3.165682986169402,3.911284247802713,7.216186826937985,2.921268311228728,2.508051592931467,6.647490889430056,2.511202945824238,3.113719354200317,0.600189507244309,2.523905977984955,4.393726118728263,3.805381989385328,
-0.159551144950383,0.027035471748445,-0.102824981702048,-0.547893058703261,3.980773466587224,4.401688868698289,4.735339818297228,2.541462540650753,0.613723625681911,3.042311729980095,4.669911600791155,3.715632477023743,4.572930972324233,4.719829036478733,5.771044625900156,1.504237760177193,3.191520269369079,4.841378535471747,4.138338632539462,3.552111521007500,5.325396186137735,5.364401261903888,0.164784002701818,3.181869744230444,4.390840650498027,0.844406015458316,5.623974682299694,5.019021193866984,2.117653886142190,2.230232827040205,3.165675876822900,3.910115442963350,7.215007022412617,2.921980766375199,2.508764165820977,6.649770083517186,2.509953954996996,3.119062994453937,0.599622493249275,2.524682063128753,4.391548008432108,3.805381989384985,
-0.158564674662427,0.028554814211080,-0.103348475547747,-0.550907936191174,3.980409275696480,4.401610825130562,4.729467931860802,2.538166286537116,0.614658270055115,3.042441378529444,4.667376121191191,3.716091531856852,4.573091433487685,4.725647532902603,5.770282386172094,1.506546155195569,3.185756210882062,4.842690316249659,4.139082600979079,3.548012068746330,5.323200173094382,5.362397236483156,0.163261753704205,3.180176310619958,4.394982628983828,0.844084334173050,5.620204814114898,5.018801674060525,2.118256072352602,2.231524202560981,3.165124521487980,3.907988649749344,7.213984835866949,2.922718386537966,2.509386451992352,6.651543788673943,2.508757398046448,3.123731879715417,0.599239458069977,2.525348675533674,4.389960104076442,3.805381989384656,
-0.158122392324136,0.029696172587436,-0.103886286160761,-0.553835423682163,3.979986928924607,4.401463382584300,4.724687748717697,2.535278657657505,0.615529333811385,3.042523722098728,4.665433593470993,3.716461974439240,4.573289920402284,4.730345341580207,5.769795896997310,1.508327594646071,3.181141637232527,4.844274402424244,4.139590119328890,3.543879808816913,5.321091599963407,5.361028176527493,0.161591775669223,3.177872115361732,4.398892869980264,0.843745735946357,5.616607520244779,5.018302408669196,2.118986731071997,2.232810015893956,3.164788603545121,3.905754535500241,7.213722734430557,2.923351444535926,2.509993048675630,6.653271822306312,2.507559488718559,3.126823558538413,0.599108367531897,2.526109643702808,4.388396559571204,3.805381989384314,
-0.158403829903535,0.031249719484965,-0.105133156394022,-0.557008358077156,3.979543408792087,4.401115352485033,4.719562859468192,2.532556748214072,0.617966138496488,3.041490072409831,4.662124507327833,3.717053798732389,4.573080876790319,4.735421046397317,5.769848170466022,1.511120154064576,3.176171682206250,4.846403425598308,4.139599236831550,3.538150999996651,5.321073331311433,5.358555550269670,0.159639364591129,3.173089509748313,4.405208389566131,0.842665840674642,5.611718666958736,5.018952432158974,2.118914315568999,2.232914406750595,3.164913179079714,3.901516990738473,7.211517665535860,2.924815070447905,2.510566970636891,6.653790806936548,2.507546958166280,3.133179807980259,0.598465797081809,2.526370277198077,4.388082753072211,3.805381989384171,
-0.158837632518258,0.033078692792789,-0.106276323761103,-0.559880823595427,3.978875703116512,4.400409679348703,4.714976284552280,2.530102534873267,0.619716128744158,3.040628095170252,4.658970379595973,3.717595027775388,4.572803314318055,4.739967890558409,5.770399705341044,1.513892863100562,3.171719295426722,4.849189385657070,4.139311884942248,3.532882963258175,5.319965207475577,5.354932592874412,0.156990427285042,3.168604240949762,4.410721270971178,0.841612550538456,5.607515474169698,5.018682053019266,2.119123082851955,2.233277819940594,3.165230129270871,3.898688552215528,7.208297562397871,2.925392742503662,2.510965082513359,6.654404563341068,2.507277436327378,3.138088877803993,0.598749667200593,2.527469811737464,4.387625159007539,3.805381989384029,
-0.164315725887738,0.038311711930200,-0.099847697767855,-0.566143086930412,3.978064232262320,4.398295307975391,4.710604023102090,2.527887651640646,0.621575470763016,3.037990036817793,4.655114086801662,3.718183611897500,4.571119789183952,4.744268840444005,5.772633215147167,1.517386501878849,3.167510892300865,4.853394453596772,4.137461511448096,3.524047288233497,5.320958436431739,5.350287277566962,0.155537682652119,3.165365523875845,4.418359686273865,0.840251217441016,5.601805962530263,5.017469588599020,2.119949951740631,2.234749413269242,3.166719380151408,3.892986337053203,7.203159241652931,2.927156906219272,2.512133222954799,6.655664848433537,2.505853266324685,3.142514246720364,0.597322638759147,2.527132935864749,4.386574124103126,3.805381989384082,
-0.169540817291181,0.043340873475212,-0.093793469797997,-0.572071442679055,3.977216231559630,4.396055481276066,4.707120987010543,2.525872834263262,0.623525057073134,3.034971009995841,4.652117534291463,3.718675624732332,4.569443582583785,4.747790080047606,5.775084661593556,1.520048158144927,3.164073115172362,4.857927929758495,4.135457601753950,3.515560976540805,5.322610619275100,5.344719807856319,0.154585701845175,3.162172139106863,4.425051788882017,0.838977082844995,5.596813927199854,5.017505102238847,2.120223161751389,2.235994483994622,3.167853060435666,3.886337099642763,7.197242431358106,2.928776119930775,2.512957400778071,6.655880236636964,2.504655944031986,3.145456391364228,0.596484169758080,2.526460199678436,4.386694081354888,3.805381989384043,
-0.174331280973691,0.047553795932562,-0.088347563638573,-0.577435334239734,3.976343169201904,4.393990304340189,4.703935763167251,2.524057729901392,0.624795061272240,3.032410229225003,4.648901774554361,3.719173166896311,4.568028081800198,4.751038262191292,5.777455205482893,1.522937294966555,3.160924399895989,4.862452456118485,4.133599173076990,3.508102926655551,5.323445754628295,5.338047951316673,0.154539087241898,3.159384202905006,4.430237463406685,0.838414133085031,5.593031167461056,5.017115025602825,2.120754684924901,2.237065784557477,3.168921902398121,3.880842050489692,7.190088634711405,2.930137410875780,2.513863391366442,6.656351466017397,2.503612780324195,3.147692506776612,0.595882593249198,2.525899316310991,4.386509580528025,3.805381989383887,
-0.178608535736251,0.051001292552618,-0.083403545283224,-0.582325942088924,3.975182306886488,4.391557576465710,4.700645894548767,2.522514984030607,0.624504805537828,3.030723166974854,4.645473518099235,3.719648274047179,4.566720717342081,4.754201759359964,5.779801970028037,1.526105910474109,3.157875161363377,4.867437880685602,4.131889480484909,3.501672656580874,5.323251318888776,5.330362721423327,0.155453610488772,3.156644379229854,4.435618797548846,0.838404401218016,5.590597201815354,5.015809083718656,2.121578431887523,2.237983278998846,3.169574333308824,3.876562965050657,7.182171846252926,2.929716768505107,2.514350944539390,6.657060922897504,2.502723392341536,3.149667621320500,0.597314543056471,2.527632712080512,4.385986407863164,3.805381989383843,
-0.181596745848984,0.053928792737736,-0.079263274248113,-0.586500045582238,3.974443030013185,4.390040386209678,4.697511071004071,2.521159109296280,0.624059707123818,3.029978696304972,4.642419971992783,3.720069095685078,4.565883195502739,4.757280155644475,5.781158068519498,1.528959057923649,3.154916859225288,4.871412503950445,4.130994400337340,3.496856174813137,5.322831849298395,5.324594539856323,0.155889909669808,3.153394728254692,4.440256774265788,0.838419268736297,5.588165876068224,5.014885735610876,2.122399760635481,2.238961462081602,3.169949342774301,3.872727169574920,7.176233916254345,2.929296322784616,2.514933893788975,6.657981709591355,2.501787135721221,3.152327550237427,0.598865470052461,2.529356460742370,4.385250504222190,3.805381989383838,
-0.184392895098199,0.056614919886924,-0.075516382797313,-0.590238805223416,3.973413913156943,4.388361535086353,4.695895967575249,2.519806593894540,0.622889272835214,3.029760378119613,4.641013129571538,3.720287504488092,4.565361221826413,4.758757042085096,5.782264444217087,1.530660048029471,3.153485104280965,4.875554447992843,4.130397657132900,3.492741058757768,5.321909805368192,5.317971020479386,0.154424364298237,3.150387362477058,4.443338873256226,0.838361370499792,5.586552146771039,5.014003231744224,2.123189966455165,2.240008359077218,3.170270242763000,3.869562704931637,7.169998492214885,2.927845278636859,2.515192615862563,6.658892686402572,2.500822804951329,3.155363347075656,0.601467733906221,2.532010148037656,4.384570773126169,3.805381989383885,
-0.185602782001707,0.059365435633736,-0.072587583811470,-0.593167169800199,3.972351588416275,4.386886054871773,4.694170591413896,2.518702551696018,0.621211183321027,3.030202041858831,4.639501337488186,3.720485875773487,4.565294818206910,4.760217856765661,5.783036396508442,1.532484136528476,3.152057723207000,4.879595945435820,4.130068654737588,3.489646299864739,5.320394498901097,5.312554753814472,0.153402679459183,3.147876396591668,4.446396091166791,0.838504176535512,5.585585847153352,5.013390185784066,2.123765379152945,2.240557594218618,3.170029709600252,3.867286733887926,7.165033643358185,2.925578406957354,2.515231702865412,6.659583778130318,2.500353517161359,3.157859791586590,0.605161324091551,2.535862734050239,4.384070889500384,3.805381989383891,
-0.184634577850540,0.060038367891673,-0.068675152175436,-0.594024546377342,3.971351090547103,4.386332730615521,4.692870125005017,2.517690309778979,0.619987448424953,3.031957909413940,4.638883417243658,3.720583219679523,4.566261709141985,4.761260603551092,5.782503800486535,1.533602337523080,3.151020938482075,4.882510087795659,4.130930211824224,3.488532866466661,5.319147026457975,5.307034229062003,0.151704485829979,3.145595582438065,4.449015429220466,0.838336575777164,5.584424172131999,5.013243858546507,2.124318089161717,2.240688574613498,3.170660850623863,3.864803732805115,7.160141917750725,2.923355978406372,2.515107289019325,6.660330948577879,2.500422613357310,3.160998584354850,0.608511762578639,2.539339479015004,4.383409296751525,3.805381989384006,
-0.183560463760124,0.060509376368692,-0.065115441113142,-0.594822831778728,3.970283118243635,4.385673964723783,4.691617524738888,2.516794107893847,0.618570943795345,3.033704070245329,4.638607472136358,3.720635337944504,4.567258006037779,4.762305399914266,5.782002203323302,1.534508014870091,3.149940855639606,4.885472789722088,4.131804179433483,3.487674200421711,5.317763538163679,5.302336633680285,0.149190060363051,3.143138879912037,4.450311177874521,0.837340434743643,5.583578216235271,5.013298487654815,2.124704779346969,2.240602781003294,3.171299341780554,3.862527550639257,7.156571298955472,2.920897425328474,2.514236033661112,6.660891477421020,2.500719075394071,3.163676449449466,0.612121003864291,2.543155999829326,4.382920878073266,3.805381989384146,
-0.180314885721618,0.059840373793391,-0.063022071969562,-0.593700651170015,3.969297132603054,4.385888382787482,4.691154427760027,2.515729221640361,0.616132756650968,3.037691274051716,4.639409357124975,3.720595214946117,4.569264818598633,4.762725414484534,5.779750330582695,1.534415436118607,3.149465838835521,4.886709008285761,4.134373231892384,3.490227630067859,5.316494370560235,5.300323749749550,0.147159761728262,3.140653780250646,4.452234512011345,0.836569194301350,5.582419402037836,5.012845208031925,2.125623545958033,2.240817311959793,3.171899247038134,3.859715760962884,7.155698875827386,2.918684262372127,2.513811127789851,6.662212051257822,2.500702152534402,3.166670790784838,0.615459323686223,2.546752428123422,4.381574098824440,3.805381989384154,
-0.180148582369302,0.066317903953403,-0.060333054040295,-0.596050675829858,3.969733133338631,4.390441321135068,4.682160395815141,2.518958393616165,0.617369420710298,3.041584892675597,4.632577772774232,3.721025005815338,4.574429033079459,4.770046601212763,5.774503329930209,1.541857436927274,3.142364419352782,4.883610692213422,4.138524660724472,3.491583403458473,5.315933003116616,5.298709917265020,0.141897784550028,3.137262255451120,4.447731846359837,0.830654513654576,5.577318126969308,5.016420693974201,2.125183389813353,2.241054545667620,3.172262371110886,3.857206556210908,7.154722883616948,2.918748433308085,2.508644019916507,6.662300742072192,2.500619741654051,3.175796385438229,0.616851470864982,2.545677356134818,4.381838310435156,3.805381989384178,
-0.179610236460711,0.072308465153832,-0.057619149646958,-0.598006110194119,3.969996523449852,4.394536949846903,4.673672603336429,2.521963404214496,0.618369245532145,3.045345945365551,4.625982771817784,3.721443414480486,4.579365547456481,4.777055123665119,5.769623241579494,1.548951014155627,3.135562005536249,4.880952599238979,4.142457178227503,3.493179254026076,5.315512643391846,5.293950735791082,0.135886721637200,3.134043876729782,4.442505002007641,0.824395050272201,5.572548408123185,5.019792167880848,2.124961294066503,2.241929147951878,3.172886005877011,3.854499016849308,7.150438539740876,2.919171674899422,2.503245850926018,6.662637173487357,2.499968694656733,3.185149939110504,0.617772264098662,2.544234068189659,4.381915366464942,3.805381989384158,
-0.180658222805154,0.076478290262510,-0.053238597602316,-0.601992912976792,3.970062167317495,4.397128686468665,4.666274510959680,2.524427910246335,0.619956176820173,3.046794673033572,4.620340030351981,3.721811741882618,4.582817123511143,4.783162103918412,5.767178952992172,1.555011383319475,3.129637873081304,4.880705221313990,4.144227327892102,3.492062052627959,5.314632742256319,5.291309378491118,0.128338457564402,3.131380234198870,4.435150855556991,0.818820582225936,5.569284169773874,5.022557369065574,2.124899623068313,2.242583056042065,3.173788309244829,3.853778527213591,7.147795531444068,2.920218651652776,2.497689167515263,6.662879474110696,2.499481201727515,3.192067539722521,0.618162347524051,2.542420212076717,4.382016608661191,3.805381989383747,
-0.179313790115703,0.078402358615100,-0.046854873781605,-0.603912766457773,3.969891612901695,4.399792801577763,4.660314912155860,2.526642596814554,0.621764129908139,3.048867276499188,4.616466915633985,3.722085730485389,4.586628654710072,4.787822990478166,5.764118212583474,1.559653354380078,3.125103744632665,4.880287669619975,4.146760527595876,3.492585479705166,5.314106554289453,5.287170926675849,0.120025161175623,3.129267845370754,4.428199230325016,0.813571282164802,5.566086711443289,5.025831989328186,2.124583370891145,2.242875370917357,3.175562436738409,3.853105989567119,7.143997217519333,2.921454644161226,2.492590767708499,6.662818315910071,2.499454709995372,3.199701479543677,0.618448607216618,2.540555981238533,4.382374359013534,3.805381989383337,
-0.177811926374552,0.080074063300792,-0.041186857949750,-0.605594059966080,3.969611314399138,4.402111602958239,4.655263276121797,2.528202891897252,0.623215977681204,3.050935752175164,4.613305289295019,3.722331078813073,4.590232573189769,4.791796586578883,5.761404665195534,1.563462194098274,3.121231844848491,4.880332955442256,4.149030459436142,3.492619538026230,5.312850429501658,5.285080179709456,0.112834958077481,3.127182720176259,4.421673559468026,0.809429908998753,5.563877247923254,5.029185211535991,2.123992652545489,2.242921288516840,3.176733249877102,3.853287916502699,7.142376765155597,2.922036619150075,2.488084581997010,6.662307434548528,2.499656473884939,3.204671543893147,0.619601700143602,2.539830505146193,4.383130754982785,3.805381989382921,
-0.176080474727023,0.081518021265912,-0.036378536683966,-0.606823824256659,3.969295009291161,4.404354883106231,4.650805914390827,2.529745534549021,0.623622551332755,3.053637893354193,4.610808020285053,3.722546410457192,4.593912504213595,4.795073684095986,5.758747589064330,1.566563917531907,3.118018733816227,4.880578347517194,4.151358152118664,3.493336307612181,5.310945758469013,5.283590923828910,0.106251817961328,3.125185493037322,4.416109448696806,0.805724950956788,5.562013026341715,5.031300645893744,2.124015852961905,2.243457923046229,3.177937059407030,3.854142713967508,7.141129501996738,2.921974522796572,2.483803897135053,6.662495924302813,2.499378023804670,3.207927994573642,0.621349978119118,2.539938835838690,4.383110602488083,3.805381989382507,
-0.174129770659553,0.082549110634409,-0.032486250713614,-0.607373422144707,3.968712778687171,4.405900197313308,4.647145301910442,2.530982085710806,0.623123444002503,3.056281168362990,4.608896753625455,3.722736230589656,4.597173429481518,4.797396579251014,5.756556486876041,1.569057895465236,3.115747907042136,4.881554561914321,4.153461142285150,3.495245854900840,5.309034866022478,5.282229760566153,0.100961812040243,3.122985767259855,4.411196175118262,0.802784066476572,5.560787082348814,5.032855155744593,2.124275981293316,2.244318880317440,3.178946527389294,3.854789721081226,7.140159567570305,2.921180212703724,2.479929348780492,6.662850544852852,2.498750662608430,3.209879243117685,0.623863024427663,2.540995545600895,4.382883722186302,3.805381989382235,
-0.172580929334859,0.083492274872067,-0.028632252706292,-0.607985011358179,3.967974451058490,4.406946923703789,4.644547870579479,2.531152331975319,0.621999695037920,3.059057761926156,4.607681675571435,3.722906321068386,4.600139806386789,4.799000421081471,5.754833704836591,1.570785823002898,3.114158941673879,4.883313327286690,4.155195358895309,3.496888757789125,5.306516189356292,5.282616961459472,0.096210221891193,3.120510645247802,4.407322148972426,0.800593614675975,5.560002096332168,5.033205075795397,2.124793791645968,2.244920582985669,3.180163124961604,3.856488816306713,7.140780353212572,2.919259324952272,2.476630209610889,6.663352287622414,2.498333534220803,3.210619522922050,0.627609505537353,2.543621359803856,4.382410660603691,3.805381989382034,
-0.169073257637075,0.085296532009507,-0.024396710600060,-0.607028371019252,3.967595432509217,4.408969105239539,4.642644752083072,2.530954325502093,0.624363910329217,3.061207537542472,4.607392720482871,3.723059579411040,4.603664645434113,4.800008345598513,5.752415641214450,1.571657392851728,3.113133412991120,4.884080050231887,4.157389529892403,3.497004188351347,5.305712599918063,5.282811697913770,0.092085430484961,3.118218993577947,4.402832208786563,0.800084668346514,5.559217949741591,5.036841577380086,2.123674988751686,2.244757819560762,3.183092858975791,3.857290516755655,7.141404440773387,2.918890011945183,2.475029665190113,6.661822720124488,2.498723545673290,3.208796187689041,0.629560347173364,2.544023546348468,4.384184979320298,3.805381989381920,
-0.165300055097142,0.086470880613193,-0.020841934949002,-0.605967406371913,3.967022710140205,4.410237560495601,4.641396305761222,2.530152723755240,0.625819831395083,3.063053705426581,4.607424747052575,3.723197758108910,4.606582031422998,4.800478089092124,5.750604067034398,1.572110076546600,3.112635286602136,4.885475369925538,4.159159723988183,3.497546825846546,5.304554056473452,5.283518001166528,0.088834280847049,3.115980746999294,4.399606699666484,0.800010830419192,5.558659912088284,5.040062908953357,2.122678425247757,2.244534523306887,3.185504468708903,3.858357248262160,7.142672757250461,2.917858406983200,2.473726286980224,6.660543949727088,2.499154670306756,3.206543200090638,0.632278219899821,2.545599445957528,4.385641230001458,3.805381989381840,
-0.160867668919184,0.089868656388476,-0.016358985175169,-0.604396558781932,3.966433842704168,4.411423344530265,4.641302000394520,2.529568288907123,0.628059714327667,3.064589679832207,4.607741723853825,3.723324011082281,4.609331414565494,4.799686523494642,5.748655806653956,1.572473329456829,3.113336868270694,4.886819492215173,4.161132525138027,3.497944582605991,5.303204411704766,5.284871860911861,0.085856694680953,3.114193385245757,4.396251336992048,0.801822720190518,5.558415991229150,5.043607099717423,2.121598404628370,2.244006266924768,3.188145993446227,3.858634334924636,7.145202888223305,2.917041158104442,2.473922589915380,6.659281238559126,2.499910281272788,3.203653539362479,0.634173945640987,2.546143021856596,4.387136298941098,3.805381989381803,
-0.157517447087909,0.090874348912008,-0.012920560842858,-0.604135185420915,3.965740853030933,4.412015534574929,4.642602201959308,2.528345638566299,0.628676110219332,3.065968641456495,4.609813940451850,3.723445629528500,4.611713203466937,4.797436069533944,5.747264060580651,1.571334482352845,3.115423631091418,4.888973051955990,4.162698659385370,3.498138679286008,5.302325489723729,5.286740138856776,0.082500955203743,3.112283055203434,4.394015092758148,0.805471060325214,5.558290149519336,5.045687868558922,2.121503631368255,2.243803667806312,3.189619123880295,3.857734516013268,7.148465885335942,2.915698035525492,2.475949667406536,6.659254821135915,2.500314730588823,3.200603146020828,0.636161584942386,2.546959303017892,4.387240158118220,3.805381989381688,
-0.153876829093295,0.093019653137830,-0.010668500914794,-0.603447831447705,3.965099153172992,4.413023033913448,4.644068374414648,2.526836854005215,0.628630233586212,3.067987757532491,4.611635151527100,3.723555148268471,4.613653222269855,4.795361204565260,5.745803083899730,1.570322110130830,3.117340684147340,4.891249950777094,4.164328198027015,3.500067128955798,5.301637217793989,5.291755366527054,0.078390488519176,3.110363284924913,4.391706108599754,0.810327389465472,5.558601504011310,5.045620581630379,2.122600312403311,2.242973712391647,3.190273180906391,3.856594229724293,7.154434385544342,2.915284607980408,2.479407039882119,6.660718112269886,2.501326141909742,3.196138591916991,0.636829651832423,2.546898844082055,4.385651130805869,3.805381989381731,
-0.150757744713388,0.095049381501072,-0.008582736709007,-0.602851315996838,3.964357527479539,4.413541000495185,4.645612607835488,2.525101177360745,0.629306219906643,3.069247355388187,4.613521700930030,3.723653833887139,4.615238701421867,4.793330386606570,5.744801060827545,1.569121283914066,3.119231436753703,4.893928667049716,4.165574012258897,3.500785406099032,5.301386721927651,5.296261138449743,0.074765475745429,3.108828216463828,4.389603005493374,0.815214789525925,5.559085293938761,5.046236661092379,2.123267842846176,2.242028934596695,3.190935407595443,3.854778240709710,7.159827343217356,2.915182615998370,2.482861063129183,6.661507196818533,2.502429243760801,3.191349938235936,0.637126041796535,2.546254371794157,4.384864579771714,3.805381989381734,
-0.148392214551191,0.096191054968013,-0.007044313274347,-0.602346612526696,3.963483219647241,4.413607775109494,4.647967649763646,2.522578291706865,0.629147110441982,3.070674597374635,4.616580048161823,3.723738471631179,4.616588819538391,4.790468290202806,5.744329076057157,1.566696244222090,3.121929619032112,4.897139827349499,4.166502818788975,3.501416767240499,5.299982669405114,5.300932683622614,0.071855123024244,3.107536134975245,4.388355507310905,0.819899695090521,5.559633867244331,5.045510333845121,2.124365632046008,2.241597085216950,3.191501626417090,3.854286570519623,7.165352373922162,2.914360310086799,2.486080880067093,6.662795302989142,2.503029107758760,3.186306516128365,0.638254978837116,2.546844055256816,4.383532517887305,3.805381989381666,
-0.149403798925168,0.089837690203382,-0.011100437060467,-0.603657815270855,3.962638779377250,4.413125941489809,4.652908438175527,2.520372734433204,0.629606343938885,3.070664990134014,4.623160694541892,3.723762534492289,4.617137645316851,4.784698197221355,5.744188796365862,1.562075928734356,3.127346884802981,4.899668392595085,4.167329538541473,3.501392480311444,5.298006300189711,5.308966136751477,0.068310756291211,3.106240849153044,4.385887187691255,0.824416941429997,5.561338881292968,5.046427181716501,2.125001648255738,2.241157565297922,3.193539365842524,3.853833748079456,7.168577425869991,2.912982103440335,2.491251660504087,6.663622974384309,2.503695022379947,3.177450447755459,0.637318067087550,2.544410461013598,4.382820349235038,3.805381989381847,
-0.149634694283224,0.084065722723500,-0.015352107464097,-0.604472613269847,3.961865204875063,4.412934895848223,4.658102403636850,2.517616838855619,0.629892012459198,3.071044335665624,4.629888568365343,3.723772997394836,4.618085645048200,4.778966624294741,5.743699206912916,1.557101508595569,3.132730658147523,4.902025213024583,4.168404123653634,3.502025544033604,5.296410581903735,5.317114403956218,0.065160215407274,3.104331374550062,4.385062942341293,0.828702816667471,5.562363243152823,5.047878444755058,2.125360205465392,2.240868205029447,3.194606927723957,3.852988180102440,7.172616182529634,2.911472750036429,2.496461116313105,6.664233568829091,2.504235682129931,3.168932461830089,0.637010562227193,2.542945546024193,4.382310968801338,3.805381989382124,
-0.149486584570807,0.078505041257859,-0.018798313880261,-0.604748268121335,3.961043371245547,4.412736988810551,4.663605570548325,2.514964063443669,0.629601141124112,3.071883212640032,4.636687360600349,3.723750444621052,4.619188353489408,4.772834973567135,5.743030560693408,1.552086517902189,3.138525954399803,4.904388901129083,4.169727095839900,3.504140636941152,5.295568103418037,5.324805138467190,0.062167939071601,3.101174231985478,4.386094149051440,0.832753803512437,5.562671158640419,5.049038041702186,2.125809113522696,2.240468676094554,3.195547187411558,3.851396680737170,7.176662276850851,2.909875797104026,2.501620062461414,6.664858858122347,2.504840340608462,3.160269139203094,0.637260618712820,2.542162345179139,4.381793660823822,3.805381989382481,
-0.149099042585406,0.074215987242789,-0.021621098675934,-0.605190002368566,3.960232988031865,4.412360291320626,4.668540484970999,2.512658651757389,0.628913833289810,3.072594049956124,4.643033521103093,3.723716711143260,4.620067554483401,4.767334039914710,5.742384295795027,1.547442545874022,3.143710608290287,4.906812061321623,4.171031894052261,3.506526804220437,5.295278511209233,5.329151634905285,0.059338705079441,3.098519060544859,4.386715560112190,0.835154255554379,5.562032447789416,5.049640140554359,2.126983593845224,2.242499681328880,3.196377426492673,3.849675238885491,7.177729389786446,2.909420505414680,2.505588893553947,6.666777882718423,2.503109693371224,3.155314062507366,0.636468631711411,2.540599553149758,4.380153867854596,3.805381989382707,
-0.148648529859101,0.069542774921055,-0.024503856600935,-0.605558020215149,3.959414925430595,4.412044024073889,4.673431914685756,2.510270874309626,0.627730344354186,3.073793730810347,4.649439765722029,3.723660088236691,4.621094920189525,4.762120975841549,5.741473069936558,1.542563133228355,3.148651851984608,4.909062221546305,4.172561890094518,3.509233035194680,5.295316621969162,5.334613370720534,0.055090531516396,3.096017598088755,4.386958313795786,0.837439888260738,5.561107595725427,5.049103377148715,2.129011568833203,2.245195760530539,3.197418826060823,3.847714775363224,7.179915883973603,2.909456016099425,2.509447698747053,6.669817978464826,2.500712176630644,3.149407130926795,0.635218180130638,2.538758692089264,4.377343246743767,3.805381989382694,
-0.148647398182829,0.064869384875886,-0.026715892277389,-0.606453799168890,3.958384349901843,4.410694101515924,4.678029860535253,2.508093624506350,0.626805897444020,3.073977979310040,4.655545076709325,3.723576904648327,4.621327880547121,4.757051794248532,5.741640230251862,1.537879132700344,3.153462177785488,4.912473467186925,4.173264849078001,3.510352928340891,5.296329902783266,5.339481207511382,0.051763780961512,3.093060184500555,4.388690178514185,0.840301620104454,5.560438502774006,5.048826886414006,2.130643450569595,2.247500384471708,3.198581340664178,3.844267504519892,7.181922309047328,2.909168290490380,2.513642207858759,6.672046721037090,2.498664418458366,3.143255907478825,0.634694760756276,2.537679114552061,4.375386563268139,3.805381989382617,
-0.147839102901243,0.060530436444643,-0.028962833766149,-0.606968086033902,3.957409025845056,4.409488263385527,4.682080361144798,2.506166438291174,0.625717958235822,3.074365394497251,4.660896620205383,3.723507486518626,4.621752558498143,4.752538811039932,5.741711750704126,1.533831584129139,3.157739877982492,4.915895916940309,4.173970239189504,3.511786500500999,5.296601882093602,5.343064599516269,0.049665155773507,3.089906363871434,4.390562005765672,0.842927065223115,5.560072419207813,5.048741040803604,2.132011453657351,2.249616416300213,3.199331184836545,3.841849103139775,7.183073696712605,2.908395688479436,2.517192858718872,6.674040282462308,2.496792915273818,3.137713024924386,0.635151070903749,2.537638362247012,4.373684595521032,3.805381989382578,
-0.146986474232946,0.056792071697895,-0.031108249428173,-0.607544282032953,3.956451645535005,4.408261169222277,4.686366418350451,2.504220067136937,0.624545154065189,3.074647534047772,4.666071058726841,3.723445311316722,4.622153805670639,4.748275375689659,5.741760885688676,1.529771975912126,3.161785387629044,4.919323537824814,4.174647017714506,3.513191313055545,5.296551800093443,5.345938390831776,0.048471808827968,3.086594354643103,4.392322195300566,0.845327837845291,5.560038464383135,5.048624100028448,2.133447465159365,2.251883495818140,3.199499672421659,3.839791066322385,7.183956736971635,2.907615965765889,2.520232495912762,6.676255467981338,2.494785182021675,3.132471785894757,0.635737115581005,2.537676018037797,4.371896821152670,3.805381989382569,
-0.146518136182569,0.052765001744900,-0.033336046320495,-0.608296135586850,3.955545953474585,4.406924931643965,4.689656834683063,2.502528284637411,0.624795568056594,3.074058234583575,4.670705795965558,3.723395447050126,4.622258014328501,4.745027096215996,5.741713326379166,1.526132596919673,3.164906128056772,4.922448781776285,4.175316356044326,3.513299768820245,5.297662212349303,5.349572918937989,0.048045349880088,3.083401185590139,4.395013062150537,0.845921893368478,5.558604356001055,5.050018269785435,2.134175835490057,2.254097534961406,3.200441962639148,3.836133671705506,7.185815768982649,2.907685394010603,2.522182167670540,6.677645829650723,2.492865475029439,3.130184663398357,0.635291824490939,2.536359941205759,4.371115353625783,3.805381989382587,
-0.146386002348720,0.050493897849910,-0.034970446981064,-0.609190026614550,3.954548855863140,4.405137047577305,4.692532308423606,2.501010023882292,0.624755864339462,3.073117189476993,4.674204292820054,3.723402006245576,4.622001045079219,4.742103716068900,5.742049462467283,1.523535942982658,3.167716704464367,4.925925134316883,4.175707116949142,3.513092049181845,5.298829202167822,5.353012926856797,0.048069829503480,3.080736824558612,4.398091746792600,0.846655200535663,5.557440050936489,5.051522373098635,2.134635764488416,2.255788110415064,3.201247003983981,3.832621904213392,7.187847012994750,2.907087000324397,2.524013216095204,6.678588069641880,2.491430918327310,3.128093747623933,0.635890954133838,2.535796278029564,4.370806231056926,3.805381989382568,
-0.146553689841522,0.048364648900256,-0.036493529767123,-0.610052319130759,3.953523417852595,4.403282066257184,4.695305714406023,2.499642536672746,0.623954590891609,3.072672307674424,4.677371276952968,3.723402482312906,4.621796613968834,4.739371300210413,5.742481238685716,1.521198191747710,3.170351728356118,4.929651899518859,4.176071708785938,3.513071962604833,5.299642973908270,5.356914004299176,0.048274107138220,3.078920333270329,4.401185334988724,0.847809728576736,5.556700106112467,5.051966474289081,2.135479889400592,2.257303119847788,3.201943182154980,3.829511375003220,7.190725440827705,2.906062746295119,2.525909652143209,6.679904194462774,2.490149182956449,3.125900166726201,0.637049953330076,2.535920383529871,4.369988727486881,3.805381989382469,
-0.146457329741684,0.046880264818094,-0.037894950030326,-0.610821466826811,3.952535649570577,4.401047365371982,4.697215109810673,2.498398389394083,0.623488267913766,3.071234431163928,4.679735536011854,3.723485578075282,4.621023149940833,4.737457872633769,5.743545399210363,1.519480751373636,3.172225370955846,4.933974529445801,4.175770684239692,3.512680859732685,5.300685213789261,5.361131365566266,0.048248783339972,3.077021783210679,4.403419814668806,0.848555880587707,5.556349152921860,5.053506675924538,2.135736096848708,2.258499622905879,3.203044515422268,3.826298960498396,7.194180691482633,2.904779846191623,2.527229634594601,6.680463399436440,2.489163470377169,3.123026678899747,0.638584369073321,2.536274685225211,4.369948792917236,3.805381989382433,
-0.146052004864280,0.045461120187115,-0.039063269859832,-0.611384609642870,3.951504025661509,4.398777388328595,4.699010659062729,2.497270730699440,0.624072913680757,3.069332268557729,4.682035687605736,3.723543621163146,4.619786057648536,4.735640120543267,5.745086010686063,1.517803495702012,3.174010740141372,4.938939140837530,4.175002219386561,3.511154367452477,5.302002223499651,5.364431879664685,0.047813210060759,3.075720034112342,4.405958613913765,0.849254432293994,5.555475642572834,5.055684438617061,2.135176076298432,2.258902953449263,3.205671031483880,3.822878320564348,7.196926578916076,2.903724612127796,2.528744646982400,6.679775213713181,2.489001056617456,3.119973304934611,0.640028504692426,2.536914410844875,4.371178816688892,3.805381989382446,
-0.145733291719755,0.043599357434093,-0.039993449812941,-0.611818594358906,3.950542930946882,4.396738664188368,4.700378166311227,2.496257633610877,0.624028689685796,3.068202119058636,4.683734760727003,3.723651263749162,4.618776178795152,4.734313046870259,5.746295281976971,1.516586665349174,3.175338485098587,4.943661279868649,4.174504351309146,3.510031891729704,5.302899732741975,5.367533186731770,0.047489060577047,3.074127031194326,4.408824790281312,0.848874482604893,5.554202043294771,5.057051724718992,2.134921648599366,2.259186987786091,3.207971655219720,3.820026981646097,7.199539127054279,2.902541317898592,2.529427797156389,6.679416090634219,2.488936101268669,3.117239847924642,0.641752966289941,2.537995650993435,4.372003175612372,3.805381989382397,
-0.144416443149712,0.044020697649474,-0.041792442399112,-0.611581224061617,3.949892953541494,4.396203343766584,4.701915395455559,2.495463086903876,0.624594737614975,3.068708192148291,4.682999470694390,3.724022013036369,4.618901942782581,4.733391584495175,5.745494364899141,1.517694511711441,3.176262730991817,4.946419111957286,4.175513553893844,3.510090113573086,5.302195196272448,5.374327681674661,0.041582739677918,3.072367152987070,4.410858557827973,0.849686557056558,5.553824350771345,5.056395802301504,2.136663162989388,2.257082733925128,3.210640649227007,3.816710542097611,7.202472771166867,2.900445569919846,2.531181435427184,6.682217960798987,2.491177193268950,3.112682917357423,0.640131898466745,2.536526039783834,4.369398135972973,3.805381989382315,
-0.142700005776115,0.044940032723013,-0.043370924347612,-0.611323739849159,3.949337115222227,4.395825945645098,4.703171926564424,2.494766009838421,0.625616370523882,3.069022687500324,4.681798930229388,3.724441942254701,4.619130148671136,4.732695528582494,5.744745036483418,1.519031053006815,3.177003111048517,4.949311928116700,4.176421627196365,3.509610711010487,5.302092220509076,5.379761359325402,0.035593460738579,3.070305474085251,4.412980846468003,0.850188838314959,5.553118068651487,5.056908038926011,2.137613564712231,2.255095917964966,3.214492358905947,3.812839902489950,7.204505799750878,2.898435745853550,2.532739175007865,6.683947932048777,2.493312952766529,3.108811378539664,0.639011791219595,2.535428569507868,4.367923557224308,3.805381989382275,
-0.140628322031199,0.045669481409519,-0.043671148154997,-0.610029963776027,3.948550977658555,4.394846296248352,4.704770656714115,2.494224713344852,0.625940859880963,3.068630246557905,4.681007189933299,3.724811250729068,4.619130442390616,4.731602856235257,5.744865605797724,1.519858142337834,3.178130358166979,4.953347084702632,4.176679511204330,3.511085731274600,5.302446614175239,5.384275527658676,0.029378134793264,3.068138594206263,4.414536395012992,0.850041891123604,5.552490747428456,5.057729059616150,2.138505241179883,2.253635983978824,3.218219541477121,3.808314260008322,7.206397219990660,2.896345762942477,2.533531222999807,6.685535964051866,2.494952457089831,3.106055975697968,0.638555130098981,2.534804410178139,4.366615963548395,3.805381989382220,
-0.137417012113376,0.046221415309617,-0.044237539648460,-0.608535025526711,3.947868440591908,4.394183454918789,4.705836770213783,2.493628951965059,0.626270697212724,3.068711717315993,4.680257561833591,3.725142368364610,4.619270586453291,4.730818235619673,5.744645552615967,1.520648847137838,3.178961432808959,4.957237361168031,4.177176690245568,3.512527687576156,5.302641053060555,5.387452067256966,0.024515058972288,3.065244148449832,4.416155405640604,0.849877021299919,5.551887365748088,5.059846038943055,2.138570243937694,2.251665207722281,3.221226032419917,3.804884309706666,7.207419435881933,2.893912038971288,2.534186496455749,6.686112474179911,2.497074916719933,3.103805866248420,0.639059090885168,2.535262127497666,4.366365980872811,3.805381989382115,
-0.133691490377286,0.045692003849840,-0.045124908596470,-0.606792384284397,3.947261580222948,4.393673973932634,4.705359303595881,2.492705769496940,0.629489441424111,3.067175795419093,4.679185307311271,3.725478796573983,4.619352948363255,4.731098394933423,5.744075732817380,1.521750340547307,3.178763872772961,4.960320089897341,4.177844928650398,3.512227745120725,5.303355429602881,5.389521394059575,0.019337265433600,3.062446448254609,4.416914849640763,0.848015766801121,5.550194511440964,5.064029222521285,2.137747008488740,2.249574222934393,3.223971597367258,3.800136251706470,7.207076211198291,2.892566293535592,2.533429045701071,6.685878582790857,2.499310173141938,3.102805304412055,0.637231409607392,2.533120707343189,4.367200715856546,3.805381989382022,
-0.129386631461802,0.044626316906196,-0.045658957466979,-0.604881701416712,3.946750812518341,4.393386921085630,4.703260475752606,2.491702761544806,0.633389415009042,3.065611000443012,4.677667610312192,3.725843245957926,4.619532657980430,4.733160323025022,5.742993487621564,1.523284189961669,3.176773139391109,4.962619715712038,4.178817357456752,3.511370100771639,5.304090284254061,5.391877752123726,0.015131992918274,3.058857022427244,4.417804184853908,0.845231884730638,5.547879962545244,5.069539926651618,2.135988434091205,2.246305894650761,3.226765753618821,3.795783212765701,7.207112221408651,2.891800918765055,2.532173080050289,6.684662439793800,2.502697663482521,3.104784806840280,0.635542257488912,2.531203576473240,4.368989759515247,3.805381989381891,
-0.124596926581086,0.043400658931049,-0.045161325926504,-0.602650008849602,3.946327056741748,4.393581768515431,4.701416048382274,2.490865602310959,0.636369454906944,3.065368394323823,4.677112356978814,3.726054759832241,4.620257370724300,4.735004646699811,5.741103294518853,1.524030606388860,3.174985208017705,4.964351268817479,4.180438761824343,3.511774324011756,5.304754341684762,5.391161815206729,0.010079865693151,3.055646040321599,4.418475946904659,0.840677308271130,5.545331034529915,5.074178813772152,2.134936427012046,2.245579139469807,3.229388490833041,3.792135350057193,7.204145174093654,2.891034119805556,2.529510294236238,6.684571206878013,2.503632146183344,3.108176157608916,0.633799472300043,2.529247797936373,4.369846304834848,3.805381989381770,
-0.120409964843737,0.042916192274438,-0.044662235924399,-0.600485929092379,3.945705465362209,4.393249699057388,4.699633211054637,2.490108849200205,0.638176208195666,3.065856436055480,4.675890119877697,3.726307027546648,4.620761234444374,4.736846849765255,5.739443995652940,1.525431421827663,3.173218468913337,4.966708524413023,4.181937304758443,3.512340626613572,5.304742107926311,5.391542204996743,0.006328339750503,3.052524883699594,4.419245958344775,0.836419969543866,5.543580234049982,5.076907163214875,2.134652307061120,2.244410349506051,3.231112197822683,3.789764777472214,7.202871071290484,2.889306870380674,2.526461180530144,6.685291504044407,2.504972352394547,3.110791276073255,0.633625566055538,2.529019765661297,4.369722022854782,3.805381989381624,
-0.115947649591427,0.042671757185806,-0.044597582251447,-0.598341869033641,3.945086314013529,4.392888905167380,4.698461216237633,2.489482411688339,0.639414822568752,3.066432267839614,4.675442753740835,3.726466191878705,4.621322579134516,4.738082057939490,5.737929984318470,1.526060296149839,3.172056106038962,4.969038515399576,4.183338859476236,3.513111162482018,5.304223750557047,5.392154607000588,0.003819280227561,3.049019306531667,4.419914809197202,0.832750366354543,5.542418606444806,5.079602664188593,2.134394248048641,2.243340926380347,3.231556933160356,3.787947526084182,7.202560850015425,2.887271683074047,2.523447036173936,6.686117535265781,2.506228884726753,3.113028856573504,0.634164615840621,2.529666339163386,4.369379824592816,3.805381989381456,
-0.111459559182135,0.042204461698525,-0.044281753242184,-0.596251831500107,3.944403110657598,4.392295579312907,4.697931545415147,2.488923478269676,0.640783908074879,3.066836734565385,4.675822355094663,3.726506790142057,4.621751254390861,4.738630058204289,5.736611644481052,1.526047755472022,3.171545942399678,4.971620428594236,4.184597554874960,3.513176499503264,5.303166680606350,5.390720437472271,0.000626632205808,3.044965464636333,4.420491385961563,0.829417211636416,5.541417746224272,5.082877092759808,2.133633616105578,2.242218683238425,3.233593050687453,3.787283364883880,7.200525212819467,2.885161767741494,2.520722406752574,6.686313064095520,2.507619068096893,3.116123207371352,0.635157954593567,2.530784927265752,4.369692537535832,3.805381989381297,
-0.107079088226103,0.042222785722680,-0.044194782048132,-0.594351580271174,3.943721183767645,4.391621176589513,4.697859109993433,2.488448919560100,0.641917830619059,3.067330839543473,4.676601964380646,3.726516334148306,4.622141709826538,4.739010034248440,5.735257293421499,1.525593697192633,3.171176211111071,4.973971146049654,4.185956035014720,3.513199347651524,5.301687491176714,5.390657911028883,-0.002039842884483,3.040832401690248,4.420503082650065,0.826242589595876,5.540586153695418,5.085945667487834,2.133017536396627,2.241441681676680,3.235161766194771,3.787129911720944,7.200204467144872,2.883419295415261,2.518023266647487,6.686659215355155,2.508652675318509,3.118338110549252,0.636139626192831,2.531812440891815,4.369871298555746,3.805381989381317,
-0.102623609122780,0.042390883703268,-0.043810664827627,-0.592386867630239,3.943019676350149,4.390949717964709,4.698239487958953,2.488044361190759,0.642420793298473,3.068396293733633,4.677881035587117,3.726439279357760,4.622620375437208,4.738903636837455,5.733635000281780,1.524770734515184,3.171274938956314,4.976274787281542,4.187546676526821,3.513792917527941,5.300072539175715,5.390217439673191,-0.005139083346029,3.036987753476770,4.420759527155586,0.823234943268812,5.539839399414326,5.088819734047100,2.132450031394963,2.240707279943648,3.236668363653108,3.787089679529886,7.199723855125147,2.881182793832911,2.515521524295473,6.687102278247944,2.509666800332989,3.121362875715779,0.637764766988431,2.533309351281457,4.369937910738816,3.805381989381345,
-0.097690284419392,0.042209512699769,-0.043354825112248,-0.590539028057454,3.942398591843625,4.390402338363601,4.698916196060207,2.487686178041079,0.643219736617724,3.069238013926243,4.679240717438388,3.726340257580204,4.623092508635349,4.738446744280214,5.731976370660175,1.523904182488760,3.171696116432408,4.978448553908440,4.189098653345376,3.513612956651087,5.298706175287432,5.390203294402100,-0.008142230051393,3.033449136424893,4.420749434049042,0.820830051768174,5.539164034822099,5.093064220501556,2.131238099015975,2.239532618898199,3.239588641636247,3.788058254236004,7.199753640566033,2.879140563345103,2.513480342861788,6.686786322795989,2.511148061671636,3.123455581994193,0.639358135693220,2.534693990628057,4.370791166972483,3.805381989381355,
-0.093305040091058,0.042099120501997,-0.042927994373387,-0.589209364102069,3.941670970863159,4.389185141575787,4.699161087871143,2.487349552470167,0.643537343543722,3.069771067763587,4.680156318007962,3.726299313228908,4.623028139501588,4.738422983635837,5.731385474131090,1.523349773163725,3.171714334245721,4.981816214800594,4.189704078063555,3.512678161206520,5.296941322304098,5.389998788748533,-0.011260460045590,3.029208236165460,4.420420871273928,0.818661461674737,5.538890470239657,5.096105562637476,2.130440657775049,2.238169747295145,3.242791000981681,3.789296523308196,7.199697823315076,2.876732811730659,2.511544829906357,6.686722961766811,2.512843876452704,3.125194056016635,0.641425729069860,2.536654247186745,4.371273367435596,3.805381989381288,
-0.088896667146139,0.042113656160317,-0.042408566603228,-0.587955203127226,3.940835988538256,4.387620458109284,4.699728222533285,2.487055881308089,0.643406658067080,3.070353170416530,4.680953482950213,3.726259165067881,4.622766877989753,4.738011630861696,5.731424677230582,1.522934705438081,3.172163637907071,4.985744988720786,4.189880964279422,3.511757672228862,5.294187859135380,5.389525121283680,-0.014417272932086,3.025134942035866,4.420550796170895,0.816410972700047,5.538585713720311,5.098255880801061,2.129799585384843,2.236971759491968,3.246028457263416,3.791724097128851,7.199535506344370,2.873570831002298,2.509599524241418,6.686794395219107,2.514362933765740,3.126789354653739,0.644357708292061,2.539652318945462,4.371535299731669,3.805381989381214,
-0.084403297195224,0.042467947211185,-0.041732777785151,-0.586656768654694,3.940041546964249,4.386117898808791,4.700633344767694,2.486826875891210,0.643510068487916,3.071042139706200,4.681774290274475,3.726206402702865,4.622497391507072,4.737300090976966,5.731576176513087,1.522476212121672,3.172924605017887,4.989676091903410,4.190018476263353,3.510500476763766,5.291488611546249,5.389597758914758,-0.017518132384188,3.021513570277034,4.420170773042662,0.814992401496751,5.538789764616525,5.100302818001358,2.129150030469710,2.235828058709368,3.249274558212842,3.794206432543670,7.199829448117634,2.870733349830143,2.508041008823620,6.686636669943042,2.515788050516666,3.127960438520615,0.647040348052699,2.542212548657671,4.372080024979029,3.805381989381125,
-0.080989469622394,0.043008648196352,-0.042395614627381,-0.588663778907975,3.939315209532747,4.384062401972757,4.701432063659621,2.486610240299783,0.643219597254325,3.069929857599669,4.682039104809000,3.726241256779440,4.621594785781473,4.736647373185400,5.733095629489127,1.522396838838987,3.173651178142928,4.994879555695875,4.188834095240034,3.506580800753824,5.289964798382747,5.388339989968654,-0.020800141156690,3.018817863462814,4.422176862514281,0.814268629712707,5.537047969926538,5.101794102118271,2.129074357065545,2.235125416716031,3.251559034403456,3.795088586963010,7.199705303179906,2.869516374782322,2.507895031658029,6.687408488994750,2.516808468986564,3.130597761457934,0.648230419271143,2.543686535858682,4.371558763293103,3.805381989381333,
-0.076926861706952,0.043063574866546,-0.043526958794532,-0.589943804979153,3.938572416058078,4.382044232715190,4.701852834230459,2.486376412054873,0.643117015069181,3.068976769880092,4.682484211784286,3.726236515998630,4.620693749404896,4.736302120754690,5.734256041598055,1.522147562630847,3.174058735862863,4.999622258110838,4.187963117180082,3.503362186189255,5.288601654658200,5.388051876163197,-0.023848251968563,3.016083528163340,4.424309327403471,0.813092431584902,5.535036805857382,5.103912145112495,2.128657459360004,2.234162496695514,3.253221325133946,3.795577297299709,7.200624180262372,2.868309482472065,2.507375573228094,6.687825685758769,2.518071210350547,3.134591443011143,0.649500371252508,2.545058285865303,4.371401660315713,3.805381989381511,
-0.071823747024355,0.044472542510924,-0.042978681543594,-0.590351858701889,3.937972151996834,4.380835484531275,4.701837435644368,2.486144444740851,0.642066468884048,3.069706684582850,4.681588030550765,3.726354554328562,4.620533765196864,4.736398145808244,5.733571291579514,1.523274251454389,3.174053777119662,5.002515630591392,4.188803256953356,3.502321137764467,5.289180857794268,5.385451744628021,-0.028173607590825,3.013926928593649,4.426680332807218,0.813439196712507,5.532670297000575,5.106031707822941,2.128735649067694,2.233982642509181,3.255167486290542,3.793528951823325,7.200225383163853,2.868304560233715,2.508419376178970,6.688957046254840,2.518750817182705,3.139946268924692,0.649509065996455,2.545090357500622,4.370570807863090,3.805381989381647,
-0.065482802670482,0.043237720372957,-0.041392306948926,-0.588397112135034,3.937422743041234,4.380639215243158,4.701854491125651,2.485952736843729,0.642200062435571,3.071782502309728,4.680897057762672,3.726436754783439,4.621392578325912,4.736477079899164,5.731975131496220,1.524212867849413,3.174076019403962,5.004593634048146,4.190475222021242,3.502895600119712,5.290865526677404,5.382296958367235,-0.031580967114527,3.014083291290365,4.428597015784105,0.814412198854167,5.529228030124592,5.107560890517968,2.129317129166827,2.234037988624571,3.255682331672066,3.791010330486242,7.199026160701488,2.870114096649132,2.510515208729777,6.690809391990902,2.519157359456035,3.145337718132221,0.647796781312716,2.543627087680297,4.368923416201869,3.805381989382085,
-0.059642860105455,0.042039467904623,-0.039723391752405,-0.586543597070667,3.936734914075737,4.380258207257948,4.700760576268554,2.485751006664858,0.641231166761309,3.074766264037766,4.679215269621489,3.726643808373686,4.622364191955272,4.737795664300020,5.729863108193159,1.525956718275736,3.172923075344236,5.006841401104737,4.192595689289960,3.504352537110087,5.292418433721370,5.378203501671880,-0.036505668504378,3.013769646236952,4.430484557830217,0.814044029315379,5.525809034904332,5.109162503338766,2.129843505375111,2.234222324853863,3.256217166866131,3.788457324147669,7.197297915630889,2.871039142368165,2.511432067991863,6.692569173913228,2.519402589589503,3.150170931328277,0.647339037128459,2.543405252239104,4.367337742374445,3.805381989382483,
-0.054239893441230,0.039904607664744,-0.038229469379135,-0.584828204800704,3.936001862548008,4.379806900783096,4.700702592239302,2.485605009509554,0.639994803185576,3.077942398725539,4.679363490475772,3.726628621073059,4.623338855982704,4.738003613387769,5.727572090338268,1.526131108645213,3.172888038557009,5.009314090419642,4.194752023001961,3.506226512692395,5.293491027158310,5.373662699741964,-0.041380303538732,3.013326627721661,4.432155556128325,0.812879474087558,5.522441780270448,5.110139827254588,2.130715902230339,2.236168011708880,3.256920339671645,3.786457408854408,7.194734790168813,2.871581536315478,2.511619924581248,6.694924019842190,2.517862286391294,3.155977615196183,0.646952671272217,2.543240304586724,4.365524175359849,3.805381989382843,
-0.049216030575471,0.037474628781766,-0.037423604588647,-0.583630298271989,3.935388257261275,4.379394269831634,4.699993111660693,2.485436084853113,0.640511247614828,3.079720894348732,4.679166008500061,3.726646872116822,4.624079747091537,4.738852107000269,5.725292411016247,1.526622964052440,3.172220560906662,5.011384302337394,4.196851494552262,3.506750384017729,5.295903681145921,5.370175217039712,-0.045779620399765,3.011934234532914,4.433244260186131,0.812187664225602,5.518348469733985,5.112353390429781,2.131206462053186,2.237224561334605,3.257121410902485,3.781997773388510,7.193416492964581,2.874211186393696,2.512595679391608,6.696711473898690,2.517158521267075,3.161597600616933,0.644414726859434,2.540611090834075,4.364336727644819,3.805381989383114,
-0.044265819004269,0.036210128062431,-0.037060381450385,-0.582312682885358,3.934633279119717,4.378448152061238,4.700061913341849,2.485318326800875,0.641699765992602,3.080694001661491,4.679671495666445,3.726615098081830,4.624422857252784,4.739055671044686,5.723574505748859,1.526354756543156,3.172158979796436,5.013925869224387,4.198547568631028,3.506132676677126,5.297748960230527,5.367259492023428,-0.048721731118997,3.009915506286724,4.434325473017913,0.812303461716871,5.514826062510687,5.115474437847570,2.131175377145908,2.238498674805088,3.257001134244751,3.778312785507290,7.192969351574421,2.876666458501236,2.514069442640515,6.697615147415857,2.516233627486898,3.164151672993137,0.642275771369840,2.538304397278110,4.364052657105526,3.805381989383525,
-0.040065403839196,0.034441128011932,-0.036558501648073,-0.581691698275226,3.933451829341146,4.376020394763961,4.700284672394616,2.485219780071138,0.646722029264598,3.076761898598145,4.680593982663257,3.726581762429550,4.624051653136876,4.739040944512752,5.725701539517138,1.525494800169001,3.172292805837164,5.019934434914225,4.196774145385616,3.504044500941632,5.298712988125706,5.365624547765164,-0.058507199090672,3.011009462357338,4.425983137610494,0.812341278358669,5.512786465694456,5.117568591946537,2.131700853405590,2.240317323763097,3.256581927061179,3.777205484308656,7.190932105889500,2.884727997234454,2.514178517569817,6.699275987292332,2.514737282759705,3.167225555711400,0.634323341754074,2.530616685199060,4.362958102867097,3.805381989383600,
-0.035628412674198,0.033052254343254,-0.036600444430221,-0.580940632178296,3.932229567848948,4.373384788360231,4.700124418319865,2.485114003503072,0.650870931299227,3.073299346034832,4.680972041542488,3.726588360575862,4.623594242435961,4.739361751104150,5.727860030754173,1.525185578057780,3.172120991005318,5.026104766592594,4.195009135370655,3.503037442399346,5.298907300595766,5.363223480165826,-0.066707023649999,3.012370646441226,4.418561837970229,0.812292521122325,5.510482234227350,5.118503972146168,2.132607904211944,2.242609164729584,3.255843297630989,3.776921443795558,7.188329039981730,2.891884828863152,2.514451088656638,6.701322871118450,2.512756225491318,3.170511929711278,0.627371019883125,2.523904525846742,4.361496328162341,3.805381989383691,
-0.031062792711227,0.032359625721450,-0.037003955805656,-0.580043964643046,3.930994456409532,4.370817516902611,4.699843150140784,2.485011157702481,0.653491235395398,3.071260048001641,4.680680858365010,3.726624034124507,4.623303706296341,4.739722218479509,5.729340978339402,1.525611352814852,3.171914198741834,5.031918255148187,4.193905772466085,3.503120791636122,5.298723015891585,5.361119258763051,-0.073262674040342,3.013724081250073,4.410861210089957,0.812508826268663,5.509217537665871,5.118878809518483,2.133814794679008,2.244554563990174,3.254639707710192,3.776552319386828,7.186630620370551,2.897905144525792,2.514442821968526,6.703634182757336,2.511108469365565,3.172839744002656,0.621733921951454,2.518393449579313,4.359678134257527,3.805381989383745,
-0.027397994794145,0.032310887587396,-0.037464406372586,-0.579589048292278,3.930231481165372,4.370123138519152,4.699898674521809,2.484910401076671,0.653521901223045,3.072357724566478,4.680977075616592,3.726573182611843,4.624371584999918,4.739763514399243,5.729115014862708,1.525590434837904,3.171911808782168,5.036150688308619,4.194026094574703,3.505334265241216,5.298769508474814,5.359240963938338,-0.079354125164954,3.018975867088284,4.401789397334423,0.810497811932307,5.506980667048269,5.118801784108299,2.135482546523972,2.247947508468374,3.252330849948835,3.777432532717049,7.185206176985471,2.903159501322012,2.512954543648521,6.707026586219655,2.507974052630052,3.175460323201230,0.617125742549810,2.514499007973374,4.356673877162140,3.805381989383988,
-0.024403694616649,0.033028514973703,-0.037915721327825,-0.580036801809120,3.929370714502022,4.368863461351898,4.700258597904335,2.484818891436444,0.652238658459630,3.074057346244171,4.681626706352098,3.726481412925290,4.625007227435182,4.739475510039155,5.729725066689274,1.525271795938166,3.172232533059812,5.041026629723890,4.193544494816590,3.508022623522373,5.298782796540990,5.358316596764280,-0.085141141126915,3.023014795254154,4.395568519197153,0.807690809792712,5.503579972291283,5.116298128877972,2.138106622640554,2.252072590462153,3.249389150016968,3.777491917218610,7.184857975626323,2.907734565516484,2.511440937775354,6.711343894807261,2.504084355137152,3.177921001192661,0.613178265930648,2.511574527309191,4.352615838775644,3.805381989384337,
-0.021043379896443,0.035183171760953,-0.038378570665429,-0.580659168565717,3.928476179619020,4.367338197923673,4.700373090587575,2.484727469487903,0.650515570654651,3.075758859226484,4.681974324752396,3.726436824952140,4.625360709730630,4.739514289628143,5.730417923459355,1.525184684083680,3.172237496791425,5.045821228848480,4.193084393158313,3.510041491902229,5.298305696990933,5.356267862238035,-0.089813314249122,3.026738019545779,4.390043085340935,0.804977657352414,5.500212701408122,5.114294687538412,2.140497576764644,2.256624398725644,3.246320388871106,3.778888942114999,7.183303820083957,2.911296216750278,2.509896326853825,6.715536581728686,2.499772593440317,3.180537507942600,0.610221725845216,2.509638559671342,4.348731026598688,3.805381989384614,
-0.017606315190773,0.036902140236428,-0.038659081135476,-0.581106793313497,3.927615833859146,4.365862725256200,4.700575723611164,2.484643447077862,0.648530725407348,3.078068923468027,4.682565234728318,3.726351769913797,4.625716733584806,4.739445550657530,5.730947318572887,1.524916470021134,3.172331409197767,5.050216745050855,4.192801697168460,3.512179553198733,5.297006635650158,5.355829349480488,-0.093056685538055,3.029191723138703,4.385330181687615,0.803154241263562,5.497351098018280,5.111442185802632,2.143194155798143,2.261218154109792,3.242519833716438,3.781294294328734,7.183060583421238,2.914020925983148,2.508987643831531,6.719966588825223,2.495366032444112,3.181602709730703,0.607781478173924,2.508187189361806,4.344521959357947,3.805381989385060,
-0.012767683482304,0.039817559719150,-0.038255794545964,-0.581088932602367,3.926776391261098,4.364353142610092,4.701328646617312,2.484572583938783,0.647163483362227,3.080108883104727,4.683295355061909,3.726240061025879,4.625819749709589,4.738730982189407,5.731897253345112,1.524587430122250,3.173059662758023,5.054844761089701,4.192157714395573,3.513822972838287,5.294902264335425,5.353923637284642,-0.095507436888407,3.030504961637994,4.381308029975310,0.804646615893517,5.495652028330646,5.108447355179684,2.145660660613026,2.265718788538436,3.239666136316391,3.784520066213025,7.181115550145917,2.916037553609010,2.510826169402085,6.724203709743978,2.491058575713540,3.181513087100683,0.604978928974122,2.506656533671145,4.340427356823042,3.805381989385367,
-0.008157000227677,0.041081894223415,-0.037891492972315,-0.580831062530758,3.925957814618153,4.362886475753822,4.702187523880230,2.484515893878372,0.645718895880676,3.082577694725146,4.684809892138925,3.726047878189759,4.625942459873950,4.737847823106076,5.732673097447625,1.523481545854571,3.173956908734577,5.059262016161904,4.191709691809949,3.515439635926022,5.292189953364821,5.350971999949515,-0.097050812273139,3.030996387073519,4.377877759875992,0.805746138376677,5.493649786029771,5.104840760326375,2.148285557211596,2.269992806764100,3.236764910225439,3.788470116704644,7.177957863922114,2.917789386833154,2.512477271359689,6.728448716671811,2.486951610567664,3.182124392579188,0.602638837709063,2.505510893131202,4.336332629335889,3.805381989385640,
-0.001968799113168,0.042181202176900,-0.037880116796486,-0.580070100634507,3.925281190837119,4.361939345045308,4.702640055194296,2.484418320698932,0.644667184547790,3.085144792219555,4.685770570125772,3.725902815093910,4.626471294506120,4.737304732784718,5.732762478577276,1.522913628341273,3.174482854292493,5.062800360006849,4.191741280880975,3.516626913137860,5.289088923124488,5.348005928834517,-0.097573501035251,3.031261836748324,4.374331468566218,0.806829304161776,5.492390570052683,5.103561722851759,2.149905763940794,2.273318817295046,3.234077225645761,3.792674422126739,7.174990878024591,2.918786203742109,2.513482940632737,6.731749711239296,2.483759221091576,3.182407377978209,0.601259910960609,2.505131988567292,4.333186074473712,3.805381989385861,
0.004494395886477,0.043189533041656,-0.037247858458403,-0.579279737211560,3.924758682776257,4.361437505212982,4.703323768038801,2.484332328274872,0.643644931700636,3.088171096448256,4.686226237849072,3.725816771015525,4.627277657268525,4.736492334608631,5.732146022110804,1.522806859011529,3.175307304610214,5.065753963229335,4.192242361824694,3.517404667499885,5.285714984266238,5.345748115388513,-0.098307750646894,3.032201033321223,4.370569818661109,0.807609236770758,5.491525827774350,5.103088321813570,2.151211366145576,2.276002229547190,3.232391412969756,3.797260500142869,7.172737115228046,2.919269738323681,2.514078897187541,6.734772451256438,2.481278386048223,3.182081161607195,0.600458864621154,2.505269562364713,4.330299796337900,3.805381989386099,
0.009958350195404,0.043687188914229,-0.036461080491622,-0.578772179776049,3.924179054225815,4.360628783868152,4.704154129288789,2.484290008762770,0.642624313686746,3.090806837335312,4.686790424509156,3.725718321138704,4.627867746928560,4.735673477119204,5.731875281747760,1.522571139151655,3.176136924895931,5.068941911565891,4.192477308740237,3.517276344500251,5.282612825356818,5.344197649545555,-0.098682443010640,3.033372722993116,4.367094889656300,0.809005243852993,5.491506337542632,5.102319502140183,2.152546244578095,2.278307844351263,3.231042820634768,3.801318056702328,7.171348113950966,2.919578897252703,2.514749104937551,6.737490285622042,2.479146915656973,3.181171846418395,0.600165893739921,2.505844917236717,4.327705537252839,3.805381989386133,
0.015671050136751,0.043269449134847,-0.035319050760398,-0.577826475584145,3.923614283240662,4.359857195866750,4.704690987487089,2.484186960351096,0.643194384487673,3.092080562478566,4.686786863100559,3.725690324817089,4.628490133381494,4.735138019908522,5.731488338006591,1.522850423434386,3.176682202470558,5.071886074668962,4.192720946830765,3.516684056093148,5.280485088742124,5.341940432974977,-0.099326480922120,3.033846975212729,4.364201142742442,0.809294529183139,5.490474593022947,5.103876266818831,2.152998923894859,2.279139677141696,3.230454059937373,3.804937409643791,7.169322777995572,2.920814740872610,2.514905862569132,6.738599645429189,2.478483251471049,3.183367456619074,0.599089423735118,2.505023958784360,4.326859784331231,3.805381989386124,
0.021761039409887,0.043437031301936,-0.033846767496832,-0.576820570868879,3.923158052490444,4.359425891941444,4.705753201507307,2.484096306127372,0.643776607142574,3.093453615712502,4.686669176111366,3.725668169961428,4.629317063273044,4.733997334084106,5.730630396826379,1.523285297056185,3.177855994771328,5.074426506003408,4.193229398550046,3.515997638137922,5.278189460720585,5.340489847886771,-0.100353570304607,3.034439798025246,4.361555144334012,0.810194076494509,5.489699068788441,5.106290237506497,2.153150632741321,2.279934738381951,3.230506960571740,3.808485488690847,7.167948667712047,2.921649987382784,2.515519878894663,6.739443165725914,2.477871507028830,3.183967430714921,0.598490206153153,2.504444370683379,4.326334713837915,3.805381989386186,
0.027672280191654,0.043862574460346,-0.032389620608251,-0.575833735696183,3.922583112521176,4.358663893368571,4.706704984941611,2.484018901677461,0.643453008036842,3.095371333050562,4.686552489402336,3.725630464579184,4.630049485387922,4.732959174550269,5.729828146781895,1.523798553568150,3.178930520977417,5.077213438529507,4.193800370425353,3.515406913639835,5.275618028097566,5.339631816068275,-0.101598635091652,3.035204899435948,4.359612676640863,0.810514145650172,5.489038284675512,5.108384410404774,2.153222414014857,2.280746978952419,3.231001163089409,3.812404904779727,7.167347726962038,2.921133604191076,2.515743085981628,6.740303691677362,2.477249077780963,3.184042749424446,0.599597601289466,2.505693637257378,4.325686346620739,3.805381989386117,
0.033370006218208,0.044047819850139,-0.031070809112498,-0.574864844987424,3.921950558217740,4.357617427257845,4.707558608428960,2.483965944404305,0.643101281593158,3.097430712963637,4.686554532268685,3.725586834682280,4.630566500371239,4.732046329316342,5.729584698695354,1.524153798458298,3.179877482843199,5.080445614844995,4.193968938722676,3.513969404901732,5.272303768169195,5.339931986735570,-0.102709886790864,3.034746036414989,4.358547561832690,0.811141677261834,5.488635551442203,5.109689815814481,2.153192678992620,2.280870087103421,3.232224055954168,3.817284757895737,7.167948395385210,2.919366892504788,2.516232249958167,6.741072150799175,2.477313522528847,3.183553688190018,0.601979094796803,2.508514434613175,4.325002915299943,3.805381989386091,
0.039570372001746,0.043988246999523,-0.030326383853707,-0.573929577004863,3.921343321994803,4.356609554460172,4.708746292449150,2.484034527023400,0.642497041399979,3.099569723064419,4.686579354109949,3.725544196809189,4.631117778069537,4.730941900248614,5.729297990970998,1.524455622632008,3.181014057165946,5.083552637079230,4.194171592947544,3.512228176624084,5.269003143844672,5.341456846945336,-0.102625531921100,3.034425710456187,4.358015581302014,0.813445330546527,5.489693321787054,5.111454021073948,2.153038776940793,2.280825807404094,3.232786387210084,3.822275185156383,7.170365565237520,2.917025707002463,2.517552431845086,6.741748635541757,2.477539482086475,3.181197011072305,0.605317213436695,2.512274171784228,4.324360545558384,3.805381989385967,
0.044678471498952,0.044699394390321,-0.029888106276468,-0.573569292951078,3.920627065979286,4.355039395395164,4.709705029003485,2.484050304759184,0.642762268790279,3.100092802975254,4.685804021592492,3.725616805915404,4.631173865894976,4.730032773663007,5.729961670273528,1.525354681290074,3.181990865239168,5.087471544237140,4.193585037123618,3.508905778903254,5.267559066560266,5.341604176646906,-0.102865390824114,3.033935021152272,4.359542012402247,0.814935667890603,5.488716768400815,5.113442538863428,2.152726730392905,2.280519992087068,3.234493392796131,3.824541868900973,7.171327186352647,2.915398937496729,2.519133872091205,6.741803779410806,2.478045897733413,3.180205657976440,0.608114405339208,2.515401182368282,4.324425137639861,3.805381989385940,
0.049047701809591,0.045294821135546,-0.029957771810268,-0.573271080854309,3.919865724746502,4.353306455824620,4.710872441632948,2.484077317860308,0.643258262865824,3.100388381716576,4.685488088743565,3.725626220128739,4.631105662484768,4.728876508536486,5.730637209093567,1.525896157838795,3.183207053358043,5.091462844491285,4.193029717953616,3.504874733872335,5.266475439301433,5.342198580202743,-0.103468847948629,3.032966498229595,4.361335100395693,0.816117637204259,5.487526643020977,5.115998099970182,2.152141193601889,2.280095259354538,3.237717315695265,3.826426098908618,7.172902314328330,2.913831563886438,2.520587942726182,6.741322605621907,2.478730255190979,3.179152847482127,0.611104791727623,2.518700904424834,4.325069768132870,3.805381989386023,
0.053090733495794,0.045085003466199,-0.029497950233055,-0.573387368925602,3.919160004926407,4.351568087143728,4.711319114461941,2.483889810540856,0.644393023787141,3.099532577694171,4.685009095455115,3.725651326686425,4.630914899185802,4.728300752565459,5.731467585983050,1.526574639541627,3.183841074287363,5.095452478297109,4.192257261341190,3.500229334713440,5.266199561234490,5.342877623740713,-0.103483994433775,3.031911200557358,4.362942084485685,0.816952534108886,5.486567568300580,5.120578789906765,2.150818435368805,2.278552247667638,3.240675279959881,3.826878068490918,7.174774657544902,2.912456123939489,2.521393586254098,6.739586062078099,2.480480956230017,3.179525852977881,0.613865706061809,2.521086033125867,4.327104305044172,3.805381989386079,
0.056837830789288,0.044650023064584,-0.029163574406227,-0.573365960602027,3.918453694816091,4.349813061627214,4.711942375895899,2.483840059861879,0.645267322599953,3.098968721303761,4.684669855030910,3.725661650485926,4.630735803310764,4.727757642139735,5.732440751417107,1.527101272001098,3.184441838013028,5.099828902207964,4.191293681855472,3.495906315147569,5.265435375330335,5.342495017030979,-0.102015859373932,3.030182600519515,4.364318144114945,0.818504706092555,5.486787427629742,5.124184237211304,2.149713751480196,2.277299475366818,3.243329994123701,3.828039162841241,7.175790828246516,2.910568333740722,2.522011906917268,6.738101805628046,2.481921277140911,3.179434134063838,0.617434783641766,2.524311318446097,4.328847864789537,3.805381989386182,
0.060631669889586,0.044272889429425,-0.028917066168991,-0.573328811226715,3.917801251730760,4.348117481060571,4.712911865436430,2.483928672944716,0.646828293417593,3.097880586483004,4.684666005916555,3.725639268953339,4.630509586932754,4.726906764046946,5.733163541918731,1.527280410099256,3.185325153074000,5.103802457756018,4.190576515834868,3.490492842861164,5.265465820680206,5.342499341618381,-0.100699180887031,3.028324718136272,4.366383911994722,0.821217819952692,5.486985028472806,5.128975817140850,2.148348007347869,2.276256380439711,3.245298274452313,3.828771832824114,7.176908436395009,2.909245531011790,2.524045199761598,6.736110512906420,2.483139024851348,3.177741646907674,0.620436337451884,2.526901327832283,4.331126642784620,3.805381989386234,
0.064172433564544,0.044247513867592,-0.028786299309098,-0.573436421613697,3.917180306024457,4.346612007605033,4.713412653407806,2.483957474501366,0.648065224888194,3.097346224857001,4.684328104354789,3.725658421987656,4.630466800459602,4.726550916272997,5.733629498398860,1.527731305142393,3.185736213041174,5.107405997668959,4.190059676179004,3.485246632855392,5.264789065068996,5.341657542657464,-0.099427470434338,3.026600111587109,4.368808598338977,0.823362112866437,5.486926103362528,5.132784315785791,2.147360812551202,2.275706313716269,3.246680033856286,3.830521065179976,7.176907387352313,2.907665195528955,2.525747417491941,6.734729751265967,2.483851782154922,3.175973633166310,0.623482420177913,2.529645196428714,4.332786259711704,3.805381989386275,
0.067420768387095,0.043874119832064,-0.028734271899055,-0.573572471364135,3.916505909150674,4.344952094836288,4.713535534663165,2.483956486619476,0.649262662154789,3.096982018635899,4.683729675258508,3.725698128730913,4.630304450895451,4.726588918166680,5.733652384304476,1.528463753779033,3.185737851926450,5.110905403291244,4.189942978665386,3.479885396727097,5.264263333983124,5.341793082606469,-0.097898671109482,3.025010799146912,4.371151136363865,0.825702213112118,5.487151714530608,5.136923432967443,2.146370359116719,2.274772712710470,3.248008300874231,3.832060151025878,7.177862810907168,2.905906728173891,2.527580659923038,6.733243023502184,2.484951772596823,3.172996883656899,0.626609064961527,2.532354667298503,4.334601087413642,3.805381989386333,
0.069380958266023,0.040870114830315,-0.028139938798199,-0.574481595943180,3.915839712569217,4.343076360696731,4.714956835942075,2.484489616653419,0.650940710097837,3.095207044546395,4.684560511824660,3.725632499359838,4.629823988001245,4.725732507155553,5.733900124349396,1.527717953861547,3.186592202487846,5.114131826346505,4.189691006597202,3.474425163107314,5.263072174267207,5.343478947945778,-0.096837048537145,3.023445265763428,4.373014778543750,0.830478496272478,5.489147800761438,5.141861558126837,2.145344916831953,2.273902557558635,3.248744497755068,3.833753415351000,7.180448294714676,2.904865585684766,2.531297788889149,6.731522563472856,2.485979858119081,3.167333299689956,0.628324426573376,2.533095887987323,4.336737815739837,3.805381989386432,
0.070990861226399,0.038276359658155,-0.027400680583560,-0.575589926106925,3.915041911859689,4.340796576086880,4.716158972539327,2.484972490676136,0.651597930092488,3.094077457014704,4.684821560377594,3.725598933299257,4.629140879121213,4.725127064316795,5.734116140760327,1.527571185595175,3.187218825362736,5.117512265021483,4.189583168511587,3.469990291380294,5.262087401729496,5.345623814410389,-0.095877770346375,3.022936491380501,4.375091646551246,0.835369169679758,5.491019921461858,5.145885039974408,2.144815312036141,2.273278474738789,3.249154732511707,3.834700986123503,7.183593493335438,2.903555119769047,2.535156522428438,6.730390369420678,2.486751423396346,3.161397241309279,0.630127491959645,2.534011568176394,4.338218910157353,3.805381989386497,
0.072740664866135,0.036396335496958,-0.026866745059740,-0.576429318128781,3.914244364468226,4.338644640566472,4.716853263017531,2.485259979003160,0.652023417970893,3.093627045548945,4.684323767355262,3.725630698142401,4.628626657569275,4.724950678552140,5.733637144528092,1.528182819229768,3.187432116291831,5.120639974406500,4.190005964735038,3.466147796050786,5.261333832550044,5.348648411060921,-0.094495255290633,3.021934188801462,4.376672808171540,0.840085976727141,5.493483588033006,5.149577391469147,2.144458022883419,2.272250916064701,3.249233084169433,3.835405796546355,7.187874587833639,2.902138492921718,2.538334574176375,6.729491535472228,2.487900457229371,3.155017964718599,0.632353714653259,2.535292273367275,4.339464175294385,3.805381989386559,
0.074899618425304,0.034841435401381,-0.026489174023515,-0.577101807657634,3.913388695245705,4.336442874210004,4.716876218165432,2.485215770074324,0.651744095628007,3.093846985803383,4.683354957238565,3.725685824595466,4.628217353207121,4.725081257087083,5.732942455074727,1.529283254356809,3.187361927204030,5.124042185316410,4.190653171303886,3.463340799772079,5.260652025610836,5.350650674185692,-0.091747734221430,3.020711978474390,4.378339043646060,0.844282819113177,5.495734522128023,5.153039311842959,2.144106750022357,2.271353678761740,3.249022991445166,3.836282105307317,7.191525713496453,2.900043920144551,2.541009211493514,6.728734229311658,2.488915177919719,3.149469768579319,0.635536959030978,2.537637610549537,4.340529239804774,3.805381989386764,
0.076392083594839,0.033694287835943,-0.026680577491619,-0.577842393147861,3.912491586490556,4.334183818302474,4.717225847859985,2.485195006550767,0.652466717983324,3.093293885529711,4.683113149819988,3.725653058062749,4.627756725110282,4.724852938653459,5.731680164564823,1.529835083994240,3.187639943242286,5.127236288793842,4.191679921221979,3.459555821595102,5.261862375920960,5.352155586921502,-0.089304392597297,3.020698808453066,4.379704660005281,0.847270055638476,5.497594912438916,5.157755314767829,2.143209704827897,2.269986435152772,3.249471830070990,3.835186427430894,7.194060302541324,2.898825382957986,2.542784064872003,6.727133781960458,2.490319992988075,3.146824841140601,0.637971667036048,2.538958920658761,4.342597858236317,3.805381989387035,
0.078256531563563,0.032458452583216,-0.026712069690547,-0.578207566239243,3.911571174320130,4.331818821633388,4.717998431468492,2.485287999111271,0.653597768745513,3.092335327549170,4.684125464206854,3.725494218024262,4.627241802500737,4.724163248065847,5.730526449636058,1.529239965479530,3.188361584267234,5.130345747971939,4.192684657017638,3.455986050974671,5.263849914127816,5.356828921438403,-0.086454754780877,3.021093075754977,4.380669894466407,0.849938813313992,5.498493650430954,5.162959608064901,2.142173616804438,2.268625446449740,3.250363402585696,3.832610992913080,7.199848222925834,2.898672181400102,2.544772899127749,6.725144319037438,2.491731356489008,3.142824277228819,0.639408257898340,2.539190365094829,4.345078545377487,3.805381989387208,
0.080200292841823,0.031809433745864,-0.026857982178747,-0.578732109053824,3.910728952843977,4.329672088279877,4.718791450435843,2.485520213484692,0.655151494518941,3.090624518598632,4.684775325395695,3.725398125910041,4.626903291447519,4.723819252797401,5.729723678276251,1.528886461964804,3.188725355045116,5.133620097422186,4.193266226403617,3.451875951337093,5.265654488283901,5.360510217762434,-0.083025636537143,3.020421211916301,4.381650530906698,0.852436258161176,5.499607143710481,5.168846191576772,2.140836622875205,2.267176993928790,3.251332531837363,3.828770462149140,7.204823863099520,2.898730322811938,2.546755692215737,6.722858952877366,2.493216877795281,3.139338466982248,0.640642922486109,2.539290020254484,4.347878949893630,3.805381989387285,
0.081727596113864,0.031570375945488,-0.026289702974467,-0.579576827149443,3.909990324278812,4.327854916364485,4.719308073703636,2.485627488942939,0.656580628554800,3.089350133053398,4.685271584434459,3.725326616296232,4.626845054283249,4.723684707475722,5.728709218441591,1.528641261245246,3.188880289586434,5.136633043045018,4.193994826424188,3.447468914508127,5.268028822840377,5.363752952596823,-0.079452522016572,3.018903353304476,4.383527055002075,0.854267817069913,5.500149560125175,5.174443132658315,2.139496333941074,2.265853874803357,3.252220912404111,3.824484787196780,7.209497718489846,2.898342466736583,2.548172269224975,6.720577081542198,2.494568038513971,3.137437340246428,0.642367662612839,2.539935113393717,4.350708505058086,3.805381989387317,
0.082867266975077,0.032934710635784,-0.026311286077903,-0.581236221954956,3.909206380186640,4.325827136741573,4.719999715989182,2.485809866605989,0.656986726439383,3.088726209639018,4.686057507109237,3.725217485129291,4.626668786643262,4.723344717320137,5.727432300189697,1.528166632302712,3.189227157586222,5.139507716982682,4.194951017306247,3.443590321826348,5.271174457750067,5.365518412322618,-0.076869771559953,3.018297155752112,4.386638809814155,0.855646679364131,5.499417821935399,5.179570335016902,2.138545334103302,2.266001601264259,3.253384357550142,3.818857934586209,7.212878282716118,2.898013464018971,2.549782833161178,6.719088791459984,2.494516420546454,3.137434359256943,0.643875730428231,2.540614320462590,4.352920912684960,3.805381989387413,
0.084681222351204,0.034656518393976,-0.026885785482662,-0.582577955298586,3.908382718502962,4.323706418885111,4.720731349557142,2.486081800320370,0.657538663390834,3.087978416051997,4.686147005643642,3.725191614493958,4.626500159376516,4.723254265400498,5.726205703623737,1.528315713580925,3.189337416718987,5.142308861840736,4.195897992713647,3.439942998004935,5.272999320350155,5.368290190376440,-0.074573341789585,3.017943859865120,4.389218950011349,0.856878594423443,5.498918004027779,5.184410225117342,2.137740481991709,2.265838156065486,3.253570043495868,3.813335980924117,7.217293722629326,2.897860035836733,2.551103671003261,6.717785414628723,2.494782478878411,3.135837816724351,0.645379294380027,2.541258569865527,4.354928387469346,3.805381989387437,
0.086783716891378,0.034400279331096,-0.027423992712075,-0.583617531719914,3.907540823418003,4.321676660644471,4.721277193415239,2.486342119544418,0.657457690914388,3.088393505749353,4.687032480081164,3.725076024922325,4.626449497710122,4.723352661009574,5.724057903915252,1.527762360636786,3.189286870867588,5.144219173426544,4.197735144542661,3.437937344227890,5.276193113912584,5.373093332048067,-0.072242408586899,3.016622976026734,4.391985137299355,0.856733731922884,5.497360687821036,5.189022586382165,2.137244383831059,2.265391654561417,3.252992776655247,3.806130695361917,7.223695316199858,2.898031529896142,2.551636295773057,6.716718179779313,2.495309430329776,3.135168342867658,0.646663453746233,2.541617666865021,4.356678374394173,3.805381989387758,
0.089334795226358,0.034151291420281,-0.028024938980311,-0.584481885703938,3.906917078759100,4.320391235894849,4.721796452163016,2.486591932591736,0.657692874962685,3.089045389359161,4.687536225924010,3.724989447090180,4.626968291337611,4.723326198289815,5.721131042165338,1.527583379867356,3.189415112505572,5.145208211734944,4.199950806809059,3.436185262815185,5.278319970941769,5.377213736548085,-0.069876326433463,3.015634630331484,4.393986989135897,0.856950487630341,5.496424182869665,5.194165790215544,2.136362827376203,2.264468462811907,3.252363500276872,3.799404275231034,7.229525234205292,2.897930807100066,2.552054148936916,6.715555535571018,2.496291136346128,3.134549198011393,0.648024329901782,2.541770275032997,4.358571222149447,3.805381989388044,
0.091668428386034,0.033195742024757,-0.028650333477079,-0.585166998706006,3.906287259770365,4.319199460493181,4.722276860140906,2.486851062495827,0.658084610238050,3.089979560038413,4.688489985246492,3.724855185601387,4.627581699111294,4.723328057531529,5.717768072753865,1.526961577315552,3.189536454365364,5.145895918751199,4.202614750668014,3.434602810408148,5.280183759404473,5.381827398678643,-0.067363567147034,3.015064668216854,4.394906096602456,0.856852792479275,5.495368350036730,5.199218046464258,2.135481178647932,2.263604038132942,3.251445198586668,3.792700667661255,7.235816411795303,2.898323452972103,2.552239511348559,6.714376480510263,2.497189673546377,3.134808123287193,0.648825346774052,2.541222065237140,4.360496871153777,3.805381989388281,
0.094543169898576,0.032017131733039,-0.029625502277505,-0.585337175199719,3.905601894266042,4.317959551274945,4.722954908634690,2.487283744184424,0.658213068885062,3.091889559458860,4.689349561147860,3.724740206349866,4.628326132241211,4.723390417615412,5.714311561256645,1.526392761808780,3.189602949989196,5.146661696464543,4.205412225487198,3.433571171684859,5.280957795188900,5.386005122776927,-0.064734007877319,3.014441453601678,4.395936698477931,0.856651965366920,5.494495108501390,5.203763774989973,2.134614962308426,2.262609272838407,3.250551949431438,3.787496219061358,7.241595885016020,2.898248381432783,2.552044580068151,6.713214545044702,2.498215667943065,3.135389631484976,0.650319991811739,2.541539533810244,4.362342374905781,3.805381989388522,
0.097370652251577,0.031196253636768,-0.030274907437632,-0.585536214867452,3.904885930916989,4.316656752019096,4.723584899255330,2.487591652677791,0.658083918194108,3.093960754313045,4.689783695548915,3.724660407787817,4.629056733713371,4.723406399321787,5.710638270732056,1.526289913589705,3.189750503890184,5.147520179334954,4.208437434385957,3.433085891677965,5.281776268561949,5.390392518919590,-0.062548972445430,3.013674235944533,4.396867690429778,0.856232429070091,5.493608211176506,5.208100573004804,2.133818649047836,2.261774884731532,3.249528705997177,3.782545016756749,7.247560222767620,2.897870594904060,2.551702967860870,6.712240166465430,2.499079774631280,3.135579556226737,0.652071306806640,2.542109062791254,4.364009817279661,3.805381989388716,
0.099852717151638,0.030506936991248,-0.030940523407896,-0.585810334121603,3.904050919610658,4.315061350379748,4.724345800081499,2.487957143744581,0.657195664371800,3.096583592420934,4.690428040416363,3.724558821767393,4.629702729766386,4.723291719277740,5.707126603864141,1.525974942333664,3.190030371530387,5.148890058296259,4.211361984387184,3.432864682850358,5.282225171062288,5.393681919677024,-0.058895993902736,3.012558744791314,4.397812225784982,0.856200420053982,5.493685911247409,5.211933016942519,2.133126083304885,2.261029937196180,3.248358395162243,3.778331681432331,7.252932895707246,2.896551570054918,2.550906765428310,6.711386365543449,2.499861396878330,3.135932401841662,0.655171460318477,2.544131146285767,4.365475454789619,3.805381989388891,
0.102795958415022,0.029187130473743,-0.031805391844028,-0.585584992266757,3.903266156809019,4.313608624663144,4.725353601672658,2.488502851449550,0.656820947534874,3.099150472380879,4.691434088989961,3.724418556552443,4.630407409779170,4.723091093178196,5.703553177895178,1.525308311275368,3.190403829194446,5.150015837601183,4.214375366983943,3.432714227085587,5.282429793187370,5.395251504561999,-0.054757058534352,3.011494766955243,4.398710203039834,0.856396281091299,5.493687502702022,5.215629208853553,2.132389897925678,2.260006872856064,3.247427267650117,3.774173286161872,7.256524717613698,2.895632223544497,2.550641331026930,6.710314056129710,2.500906614372117,3.136887348389176,0.657923117444667,2.545698264054831,4.367157341585234,3.805381989389108,
0.105941710251540,0.030725732421417,-0.032243441532099,-0.585319843180008,3.902496991508567,4.312180485962798,4.726573881874488,2.488948062065957,0.657034515847079,3.100909466142030,4.691989445267041,3.724340378356104,4.631029183961069,4.722529699640965,5.700214426743942,1.524996732258536,3.191114739876956,5.151125870443952,4.217143670619339,3.432610054955521,5.281817380995004,5.398178618952790,-0.051013807587198,3.010153189711297,4.398715179089293,0.856452971346576,5.493574840562532,5.219197265259031,2.131703938740260,2.260064838544563,3.246798740168945,3.771015508806361,7.261276478640287,2.894976842970321,2.550242117510892,6.709534596715448,2.500891153848312,3.137545364106077,0.659980516618125,2.546273506506320,4.368821759840264,3.805381989389357,
0.109144365192998,0.031768828380896,-0.032883014126550,-0.584800284724917,3.901771440140635,4.310906675186840,4.727182253388441,2.489058200469145,0.657208750795959,3.103314531810907,4.692007687807521,3.724286713912942,4.631819958805917,4.722308759761548,5.697048175381664,1.525273171564288,3.191487657640328,5.152312740587973,4.219802108267261,3.432411538850826,5.280590281826550,5.400227721630427,-0.047410826624821,3.009096213152320,4.398939376714127,0.856388690686684,5.493575293406389,5.221977887628205,2.131220385638156,2.259946667771971,3.245743037873347,3.769243443542800,7.264882175626380,2.894113797539001,2.549468224511696,6.708749180889065,2.501055025372069,3.137806057296431,0.662329946013303,2.547313271499042,4.370410821030051,3.805381989389581,
0.112576737008502,0.033314084306081,-0.033869246131175,-0.584259401459950,3.901057070493009,4.309792100671109,4.727536398406812,2.489058752399380,0.657285137385729,3.105872121234027,4.692132497612666,3.724227660863041,4.632849919226544,4.722319894869592,5.693797746116670,1.525417172602511,3.191616864941965,5.153528601521598,4.222494220612083,3.432240758350114,5.279007331631823,5.401496706471860,-0.043190417422262,3.007986811060508,4.398804026531609,0.856396354687204,5.493973536909092,5.224861003498560,2.130652957022787,2.259977327628682,3.244638523261148,3.767893067624970,7.267955130396767,2.893010437195620,2.548468344548273,6.707957207112232,2.501069049343738,3.137876888152124,0.665033610404744,2.548774234762718,4.371975610173712,3.805381989389814,
0.116831914480052,0.040421046795156,-0.033484556236921,-0.583572457233981,3.900534444034505,4.309415862658587,4.727218143564089,2.488776085092560,0.657051296597441,3.108881673414901,4.691321650744478,3.724260190325065,4.634385491746027,4.722941757936108,5.690274912811771,1.526505052937928,3.191112475269905,5.154298896256587,4.225315456117240,3.433221066297035,5.276751735500787,5.400847749897022,-0.039929549926617,3.007226169865561,4.397507280593167,0.854368492993697,5.493415419911434,5.226762529442589,2.130765925994674,2.263089096734913,3.243478754980599,3.767744092592109,7.268699331762064,2.893020668492227,2.546008634903670,6.708423817191850,2.498041067704106,3.137966815269617,0.666218009463186,2.548937300053919,4.372339648853151,3.805381989389931,
0.122076722558374,0.046359099771574,-0.032205825403676,-0.582450880305050,3.900071907548225,4.309276749322442,4.726504909617427,2.488456799396946,0.657438761239969,3.111972687384151,4.690341121443950,3.724316526819690,4.636095262279265,4.723951757488099,5.686600981165554,1.527681241609274,3.190221056471248,5.154949486823363,4.228251863519331,3.434242931406531,5.274952419829821,5.398878858290517,-0.037147686920186,3.006775462615181,4.396452693969328,0.852160452370641,5.492236339833514,5.228464413885428,2.130962936771289,2.265590910610994,3.242289459227688,3.767144206395136,7.267941739193785,2.893576783998782,2.543803704169816,6.708841567556892,2.495608655373691,3.138110525248610,0.666667903006430,2.548271228882590,4.372711522974887,3.805381989389954,
0.125080666671651,0.059258215243451,-0.029187870947701,-0.584894550371371,3.899588564200903,4.308350982729606,4.725151133093589,2.487877103088101,0.657430173823563,3.112783812665621,4.686895382569803,3.724623742626196,4.637007816264847,4.725604623627275,5.684739464461350,1.531197320542073,3.188675849188304,5.156726613167807,4.229635026612533,3.433301391206983,5.273584554541417,5.391441337930108,-0.033959826243843,3.006582034713896,4.394285673353914,0.849272388196957,5.490915367055171,5.228672335625893,2.132001488256345,2.270432133326482,3.241163977215199,3.766071454809556,7.261161838528573,2.894983218964248,2.540867250582596,6.710621947547836,2.490895450455502,3.142314131138253,0.666019778958580,2.546581591535508,4.371977414418215,3.805381989390049,
0.127182631800170,0.074218444763318,-0.026085504425102,-0.588768616063194,3.899126959538119,4.307095806869002,4.723564150709417,2.487203893654025,0.656867514422025,3.112579094237925,4.682659828909120,3.724993608839948,4.637519698167340,4.727407609971620,5.683902889235931,1.535471241737802,3.186973588838109,5.159074912761484,4.230251827648186,3.432845713916730,5.272007662837836,5.383927048598791,-0.030875509346108,3.006381530799234,4.392831286517618,0.845588869550334,5.487754499818541,5.227860196890753,2.133506650153739,2.275443921704196,3.239868495626041,3.763943001370012,7.254160529864561,2.897209345450739,2.538534998556979,6.712711399822821,2.486026410406026,3.147786618843827,0.664347643786665,2.543659518747373,4.370954655890592,3.805381989390117,
0.129591639347782,0.086785377814500,-0.024039059650971,-0.591907003546681,3.898632720888977,4.305802690586590,4.722465194623404,2.486739046337455,0.656289213493267,3.112715609099639,4.679596907567479,3.725271460955711,4.638021304891277,4.728805874315975,5.682909835049738,1.538582701595784,3.185678629965138,5.161433838820268,4.231029476434970,3.433065613758567,5.270212115847175,5.374903243638751,-0.026932130748078,3.006252894042157,4.391625194586799,0.842679568761405,5.484804763987723,5.227005184427883,2.134976683013570,2.280068207172174,3.238478186376613,3.762010872481083,7.245968905743584,2.899613335593519,2.537174226207857,6.714704733512943,2.481541107665536,3.154019924885182,0.662720898827822,2.540774430976734,4.370020958477159,3.805381989390113,
0.133044473788290,0.097848047089486,-0.022861662623353,-0.594050696641551,3.898114775440910,4.304567866100671,4.721801179167517,2.486451450462723,0.655870851261551,3.113591221897520,4.677019023194632,3.725499040112846,4.638632807946116,4.729874674998828,5.681967627487901,1.541249192970880,3.184701607098974,5.163618305480761,4.231879029658688,3.433411371802700,5.267273275311450,5.366449346127173,-0.023166356837316,3.005704995778604,4.391158090837573,0.840342096442291,5.481952049608497,5.225535729991159,2.136539945448305,2.284430387670592,3.236810966656286,3.761683245626595,7.238182107461409,2.901632996626990,2.536248020351350,6.716845326455931,2.477314569282602,3.158577858286008,0.661561023533377,2.538840752673202,4.368769988609473,3.805381989390195,
0.140860417716384,0.105624397140442,-0.019185143397081,-0.593224581985653,3.897687863285158,4.304452635282980,4.722498484469597,2.486480402627286,0.654760189569945,3.117230705757998,4.676774778552757,3.725539206749641,4.640253944522748,4.729511859755876,5.678579601724112,1.541830321709511,3.185158057819029,5.165057047189737,4.234402493289566,3.437943632225104,5.264307057437057,5.358115323909843,-0.020192028507905,3.005157999206898,4.390490575446803,0.838200123665349,5.478305894484657,5.224291660304178,2.138579164121325,2.291174397674219,3.235370007243232,3.759478397075836,7.230349051270868,2.903631737711976,2.535863859281104,6.719906497514223,2.470758739183108,3.162411851089565,0.659428870938062,2.535831668781717,4.366918503156544,3.805381989390281,
0.147624986148686,0.114212734405244,-0.016366784414084,-0.592572979141239,3.897200274664581,4.304063589644024,4.722740298038008,2.486451948611469,0.653938991331776,3.120325092636260,4.676143625133639,3.725602998054937,4.641619090544797,4.729625540259303,5.675462792266745,1.542772073891541,3.185174050925438,5.166622592953961,4.236781460706924,3.441810736437444,5.260704798698641,5.350737556108783,-0.018135919307416,3.004931133250902,4.389875762421332,0.835824803861329,5.474842833102270,5.223080103712474,2.140489922205901,2.297413255935500,3.234128390160655,3.758468016411079,7.223554984775609,2.905341586449854,2.535204214359545,6.722813719709959,2.464681268876663,3.165575886810621,0.657708126340855,2.533147589583321,4.365273361849922,3.805381989390361,
0.154649018897852,0.122415574064640,-0.013576095505068,-0.591621446676538,3.896684616541649,4.303631360313203,4.722945934517969,2.486469556528766,0.652931216848305,3.123617825360752,4.674911771285212,3.725710115592698,4.643073496739401,4.729763367685688,5.672328072419133,1.544189979486073,3.185181877351411,5.168379312442705,4.239218509077096,3.445966615259961,5.257560234992435,5.343941708451976,-0.016686759347923,3.004973956951243,4.389563594773316,0.833480992898354,5.471379198675127,5.221843692534840,2.142355297098052,2.302569264422122,3.232413329570806,3.757377840414935,7.217378550624652,2.906717760831460,2.534626982020432,6.725718402012321,2.459656529011273,3.167850461539019,0.656524419050335,2.531079225306160,4.363531114743800,3.805381989390435,
0.161629181671576,0.129962775035096,-0.010758566477724,-0.590553620126107,3.896038807168587,4.302545499434467,4.723183705807052,2.486466918491552,0.653270587131763,3.125585491317799,4.673726562903256,3.725806262122757,4.644144582403556,4.729805047481474,5.670249784625425,1.545598755290306,3.185271566068781,5.171080847151263,4.240790462269852,3.447466121156288,5.255527788074309,5.338720147123500,-0.015383307768079,3.006599329017647,4.390226438610551,0.831541936851273,5.467658876411756,5.221893999963986,2.143338864473443,2.306383136578451,3.232110858655158,3.755199753195385,7.212850449581079,2.907954450417271,2.534708974773967,6.727183854046214,2.455982141706292,3.170162052779408,0.655643489068459,2.529619204606917,4.363174352598298,3.805381989390465,
0.168709522867717,0.134565155587923,-0.006193344661777,-0.588920505836834,3.895506473283491,4.302061773703961,4.723879135691729,2.486588116560439,0.652744627310794,3.129583314036335,4.673976663184686,3.725806363094359,4.645544223663205,4.729346024490320,5.667410076914191,1.545615385217978,3.185835874926620,5.173113525200678,4.243077376662963,3.450381345332791,5.253761896831974,5.335854631295286,-0.012563435650829,3.007875667703748,4.392970407571411,0.829531993346000,5.463745524550103,5.220583389962918,2.144742820423399,2.309426435805549,3.232018911755507,3.753435540607750,7.210369446010202,2.908543852456633,2.534833669466940,6.729054524979246,2.453144683191906,3.171949922735945,0.655504986316427,2.529159241615273,4.362279842748993,3.805381989390612,
0.175569928843412,0.138606053771664,-0.002108258293815,-0.587349660756634,3.895099042770538,4.301988822499575,4.724846659835469,2.486837721088810,0.652446634491617,3.133652305270526,4.674605229401128,3.725780124648217,4.647119460355920,4.728606756846691,5.664041423797690,1.545273008969023,3.186671898717720,5.174457422443916,4.245775214076508,3.452045832747033,5.252244006812981,5.331482670541835,-0.010404716706463,3.009619869091023,4.395466475607825,0.828216149398839,5.460022522802520,5.219994232300329,2.145943666258930,2.312456395800312,3.231470841336189,3.752916385303490,7.206345260489782,2.908926321384529,2.535572086716454,6.730925164923390,2.450320505538603,3.173742116945067,0.655677211581077,2.528998879246092,4.361330013277024,3.805381989390726,
0.182352561762332,0.141188644777987,0.002151875537196,-0.585635881164543,3.894641672308016,4.301662749151074,4.725597949662560,2.487041286275435,0.651848654629207,3.137742998473233,4.675427157095333,3.725738319164100,4.648500105832933,4.728094805865464,5.661200530932978,1.544764932629715,3.187283991945221,5.176349114686099,4.248102977396963,3.453925895235749,5.250410777820281,5.327329017372764,-0.008875301828804,3.011248626297026,4.397192895436383,0.827264445743915,5.456672366963516,5.218910458596411,2.147203617913569,2.314910524176006,3.231216422730339,3.752991254092248,7.202543287183870,2.909017034684998,2.536496355232250,6.732737549609857,2.448089945884154,3.175436152179762,0.656604509071555,2.529546506746081,4.360359053580868,3.805381989390832,
0.187066629572654,0.139988897244517,0.005040305587161,-0.585890042214452,3.894060706926869,4.299640477192209,4.729173998956485,2.488043618615446,0.653640716919242,3.136639695626387,4.682397061703371,3.725286523610259,4.648231401551717,4.724707289406208,5.661415081429648,1.538430474308998,3.190696150405999,5.178652723131976,4.248008861823475,3.452543397823034,5.250283455860378,5.319287612052430,-0.009409276081610,3.009600725186769,4.398294209929136,0.827279304463569,5.453325690632423,5.219300797074263,2.147742842801154,2.316588972689225,3.231342964090250,3.751377066043526,7.194741143447473,2.910292198394754,2.538494351364690,6.733274803042524,2.446602555990384,3.179113299777822,0.656282441032073,2.528695527772058,4.360802602458394,3.805381989391120,
0.191328236139680,0.138051390196638,0.007601670915896,-0.586796940516473,3.893439919424395,4.297192095963064,4.732346999108898,2.488977314486956,0.656603310541381,3.134471505024986,4.688838307629532,3.724878935049077,4.647728220045475,4.721717130078487,5.662434791754705,1.532477215302253,3.193715924762907,5.181676836652514,4.247166443317796,3.448491756289863,5.251323785850574,5.312517087810852,-0.009235177307974,3.008611962462657,4.399352178270984,0.827923205773687,5.449578958801368,5.220064197984968,2.147990538893156,2.317484265716643,3.231781953240151,3.748069043866229,7.188047249108321,2.912358275190578,2.541317824677234,6.733165367747772,2.445882639826026,3.181228926488881,0.655219617485427,2.527283698611718,4.361878226679215,3.805381989391265,
0.195273469142237,0.135984521358401,0.009917222893736,-0.587610553103760,3.892908771211424,4.295269083681715,4.736064904426587,2.490371862296537,0.659256227292381,3.133058698530725,4.694861022711258,3.724487649968934,4.647626132132209,4.718499581694513,5.663200952834931,1.526906620395714,3.196948565775148,5.184465803897653,4.246454055635461,3.444289371120485,5.251298277087414,5.306337331155184,-0.007885715698657,3.007583642087752,4.400628210037836,0.829229999247941,5.446543061915464,5.220611586414502,2.148217371564725,2.318102759587533,3.232377932935158,3.746637057590525,7.182603301267733,2.913857809758814,2.544514054593914,6.733303383261868,2.445407592128860,3.181553567819595,0.654900853794205,2.526900309216768,4.362579275201191,3.805381989391097,
0.199093049138305,0.133044714667683,0.012026654819097,-0.588166766950250,3.892440814245918,4.293775970986379,4.739861720416795,2.491925659057100,0.661996679946067,3.131855278234303,4.700507824198224,3.724100837310946,4.647799973525164,4.715346893026937,5.663213017355707,1.521714012175022,3.200126430420875,5.186756042360639,4.246246227958712,3.440188101007469,5.250779032849777,5.299359511281299,-0.005597488617082,3.006969776767180,4.401268423951828,0.831204024304480,5.444821843034036,5.221724412819052,2.148255886968011,2.318652632462316,3.233547392810297,3.746581341345166,7.176529004559620,2.915349671622431,2.548016045699273,6.733472794044924,2.444974963492921,3.181525989992506,0.654795142099259,2.526603194760072,4.363277734545176,3.805381989390926,
0.202847962976879,0.126972802266127,0.013219636891886,-0.589152342544957,3.892055456747936,4.292476411157649,4.745329846357735,2.494547149065013,0.665451559548823,3.130057208321462,4.708098513580663,3.723478136086949,4.648001455973398,4.710668939910573,5.663101032745621,1.514523672313948,3.204700674296469,5.187625355556664,4.246236370684013,3.436220664341939,5.248762103749225,5.296263736218206,-0.004801196534967,3.005554023959172,4.401950137464160,0.836695238270816,5.446041224923773,5.222944603526645,2.148354798976059,2.318634676368132,3.233713379846114,3.748485619180793,7.174009685182493,2.916441330609246,2.553342852379578,6.733985799492911,2.445086890056801,3.177344200751912,0.653010972065746,2.524456002047181,4.363577458385643,3.805381989390848,
0.207435839239212,0.123724033897686,0.015079657830059,-0.589300398512845,3.891721281039879,4.291410072585815,4.751929689312703,2.497454332259735,0.670616929819480,3.126737120648388,4.715799421743772,3.722795400693195,4.648255464918559,4.704588251697077,5.662340515024343,1.507222745156267,3.210636754531544,5.187439570694020,4.246521252863024,3.431911505166799,5.247565104601514,5.293047578105318,-0.003418174148834,3.004909425386242,4.401074568962976,0.843725237872807,5.447619764096344,5.225954508544890,2.147949587266740,2.318705878074388,3.233553359557477,3.748931545672776,7.170347005347939,2.918748626791481,2.559961101450386,6.733829125896658,2.445103190406038,3.171206337361819,0.649302540028104,2.519732703251147,4.364726482746192,3.805381989390635,
0.212921749522902,0.120510786975957,0.016277557811456,-0.589141083171243,3.891264491283549,4.289920525578608,4.757315710816014,2.499426995137239,0.674459320281676,3.124638665168175,4.722065691654222,3.722263826780895,4.648417846484213,4.699469386037157,5.662404281203773,1.501349045627572,3.215664331585406,5.188684661140256,4.246346132364072,3.428662501001613,5.245634928042215,5.290562649386374,-0.001521752053223,3.003897048815312,4.401371562205475,0.850303848967750,5.449406159190358,5.227119157343664,2.147893442840910,2.318463490949525,3.233377547815377,3.750991023673646,7.167662672232500,2.919435373312189,2.565762146073332,6.733988357208788,2.445419761826015,3.164777333102051,0.647761733250828,2.517648097956209,4.365359924964411,3.805381989390606,
0.217936025005730,0.117770718373916,0.016869638698826,-0.589875613359886,3.890814349956889,4.288263521204033,4.762071942639577,2.501092468895103,0.677427211788796,3.122509550549561,4.727340855323864,3.721854222945492,4.648466855416711,4.694952387842342,5.663157299076937,1.496406916761474,3.220096149304756,5.190446373852479,4.245617418114576,3.425325641939660,5.243576672078686,5.289141534665894,0.000503314360064,3.003102146897020,4.401824016160533,0.856126697003046,5.450613691118382,5.227959190060244,2.147922513495006,2.317796552013983,3.233135392960507,3.752958887340862,7.166282469819410,2.920205934485543,2.571049606549624,6.734307594016836,2.446162001759193,3.158364663205070,0.646495698465665,2.516047428820167,4.365688788660653,3.805381989390588,
0.221841648874632,0.114222505173351,0.017086090091436,-0.591326465294665,3.890250085880759,4.286265009216907,4.766367814136762,2.502711673367534,0.679311082790009,3.120829442669936,4.732382086233586,3.721427092585885,4.648438757811918,4.690909330604343,5.664292180468173,1.491722909949742,3.224119598679173,5.192913233212245,4.244647732397587,3.422525393155238,5.241306753920773,5.290389335684035,0.003181622706732,3.002096783685211,4.400532500226253,0.860718147448076,5.452364693035396,5.226939940457854,2.148885695404163,2.316475849527276,3.231218668712800,3.755122340117683,7.167472056280907,2.920621055443113,2.574923004637313,6.735874311779240,2.447511743469265,3.150970550161322,0.645434789489495,2.514933733764521,4.364539032801016,3.805381989390284,
0.226125235420307,0.110385107907950,0.017709107914947,-0.593172691209841,3.889635170270047,4.284153731022742,4.769989245056445,2.504220651394715,0.681171167952875,3.119094179174330,4.736742827276380,3.721139663142139,4.648460949686018,4.687536917812845,5.666198799797747,1.487448194465041,3.227485499909946,5.196281838426218,4.242987136245790,3.419410784417851,5.238351488764728,5.292728650104127,0.006735946349525,3.001008682069349,4.400408673317945,0.866119039152519,5.453408423907748,5.224514074625650,2.150420613524205,2.315083441696228,3.228738572887778,3.758517151426175,7.169620467185698,2.920914193610679,2.580003578157640,6.738339123712273,2.448959019059221,3.142904772025671,0.644557092227477,2.514294306370326,4.362256982125031,3.805381989390379,
0.230725948590708,0.106703801540207,0.018467238154698,-0.594483421958293,3.888971253283407,4.281962610391586,4.773084219272785,2.505330655900103,0.682734017078631,3.118160445632427,4.740749801541190,3.720844893861315,4.648501307570110,4.684692837255252,5.668166505480782,1.483580942709822,3.230363631092021,5.199923932715993,4.241375447544256,3.416367946533302,5.234848973093253,5.293513072092416,0.009141421382554,2.999622412790918,4.400592944943101,0.870848540105265,5.454440076905097,5.221384336280249,2.152149707198924,2.314382558068534,3.226775188925871,3.762906005285391,7.170222374488446,2.920082807854244,2.584424759802561,6.740869026601455,2.449721916759859,3.135788099925616,0.644757421293121,2.514791240959227,4.359884702242364,3.805381989390407,
0.235502297292548,0.103565781281989,0.020044127445142,-0.595873528269803,3.888300788814764,4.279903271313617,4.775242018167771,2.506010838212455,0.682588205846984,3.118622007565931,4.743639305089903,3.720776216948784,4.648728346443546,4.682840599142987,5.670042622830305,1.480663211435737,3.232306108429880,5.203755155879933,4.239953080956297,3.414500989307829,5.231239230248150,5.293369637656109,0.011790197836264,2.998983942910445,4.401260441534024,0.873936380839781,5.454471717804569,5.216571852779613,2.154762330556187,2.315404889220811,3.224964441334742,3.767493827210018,7.169823241652029,2.918596288796881,2.587693215796135,6.744638203321351,2.448858710817478,3.129529291188411,0.645705567214331,2.516355269576070,4.356134136056545,3.805381989390447,
0.239351427952933,0.100627185581999,0.020966459104634,-0.597268043535644,3.887594645937796,4.277709894599285,4.776863553401319,2.506604085344574,0.682209957956660,3.119080516004559,4.746206412829102,3.720691313845932,4.648864044131209,4.681551431779144,5.671940794902506,1.478139389214048,3.233696225320916,5.207693872708220,4.238647780240345,3.412710850170424,5.227981490112913,5.293652542870452,0.013770756274918,2.997582321843730,4.401899633907944,0.876356214052929,5.454591001869899,5.212266470579583,2.157116100273784,2.316277742266393,3.223679238232220,3.771700235579173,7.170037900452986,2.916614206898035,2.590317030614276,6.747856137555349,2.448140078960223,3.123767834993393,0.647424093921266,2.518520405126178,4.352968173529544,3.805381989390514,
0.243012720006796,0.097635035683118,0.021853692340331,-0.598381280917250,3.886915116460062,4.275639057941076,4.777682094959232,2.506830106264079,0.681806822292523,3.119741387512927,4.747936551976938,3.720744661240728,4.649093841939934,4.681113296299225,5.673541642334099,1.476423479927491,3.234257327687916,5.211456587853620,4.237628022042949,3.411244298642471,5.224486831320648,5.293304690997772,0.014476566641842,2.996509020804640,4.402222994709026,0.878862455535401,5.454807651360460,5.208224658166370,2.159313243182708,2.316546805623267,3.222497568061394,3.775918109837334,7.169440545497975,2.914881728146155,2.592930806970079,6.750673222457237,2.448016769329895,3.117713277051228,0.649097786750947,2.520474044298440,4.350229893489339,3.805381989390571,
0.246632658350381,0.093330077624883,0.022705395650354,-0.599420383250817,3.886427607434673,4.274599679598295,4.777510197091833,2.505536703417829,0.681726367646388,3.121328994464048,4.747466092747263,3.721193383701845,4.650016459061598,4.681289390655433,5.672844989789978,1.476958963967046,3.234173360736357,5.213561847645071,4.238278603364389,3.410163606236677,5.221009475579661,5.295824353586759,0.013784951758175,2.995637398336692,4.402388860090640,0.881189647578920,5.455014803249838,5.206270735552681,2.160947349320924,2.316557138829403,3.220983468901304,3.779998226885844,7.171621757492860,2.913247408399437,2.595383787897727,6.752918244002183,2.448114543033853,3.110510420243137,0.650331030523055,2.521521192161184,4.348194315078679,3.805381989390695,
0.245417109006348,0.085735613837981,0.022565395725017,-0.602228082009215,3.886446319325141,4.279713029733863,4.789888428421631,2.514438020371735,0.685660181419168,3.125125634083788,4.754647502955335,3.719735353843418,4.657395358968767,4.667982477429911,5.666375541235817,1.469959274850412,3.247059502902953,5.206999860509955,4.242375299960591,3.409066641241830,5.216394886579814,5.297381862000723,0.015393958978569,2.992515433973393,4.398342344983739,0.891356043056800,5.456618729542821,5.208710756231354,2.161596231728216,2.316423757856152,3.219776302364448,3.778655492809840,7.171800940327712,2.912272032207307,2.604814922272239,6.753686307051562,2.448359620956280,3.098539994057516,0.647988532662393,2.517517674825156,4.347808090425088,3.805381989390275,
0.244367341998718,0.079098463828548,0.022570482992466,-0.604785980560690,3.886391355949861,4.284001878401538,4.801184525511076,2.522773671804045,0.689047655719510,3.128489996138033,4.761276235902997,3.718375788109115,4.663985863458340,4.655975612231184,5.660911799716424,1.463496866229444,3.258692075435299,5.201580555557798,4.245758192863434,3.407939556773913,5.211843741829460,5.299441898832782,0.016945280787781,2.989463973330405,4.394551146525125,0.900972669822137,5.458616308425253,5.210748431567970,2.162225858757702,2.316346724767278,3.218689488973598,3.777865083283844,7.172755940290486,2.911260136281071,2.613362449799953,6.754395783503456,2.448539141990063,3.086807219118259,0.646432275629544,2.514500366272854,4.347451066173165,3.805381989389863,
0.243058103583712,0.073585884447947,0.022854042337075,-0.607323235903647,3.886270653777150,4.287552922963551,4.810993759531854,2.529578249780413,0.691749810815706,3.131529907123379,4.766734487247025,3.717163075058383,4.669810289091686,4.645578319282854,5.655679301272862,1.458284303568875,3.268781165495120,5.197065751142820,4.249146965843005,3.406686222932021,5.208321889424651,5.300669069058400,0.019284915985229,2.986072765155548,4.391533627239048,0.909550556996866,5.461186449991499,5.213737966916510,2.162473440604372,2.316284820552287,3.217489184313015,3.777071474587211,7.173345711506981,2.909656803459677,2.620377670843355,6.754672457390424,2.448701768421417,3.076948069176452,0.646110026539849,2.512737616056104,4.347590886569334,3.805381989389580,
0.241449045851409,0.069415566561525,0.022890079673223,-0.609907984957872,3.886081937603093,4.290204472139979,4.819356456491390,2.535747552259124,0.694814219183998,3.133373316507351,4.770627827935098,3.716447334852958,4.674728559508596,4.636740155526200,5.651526089022761,1.454470485376432,3.277372657409600,5.193858588051397,4.251763903088374,3.404245065445139,5.206016426699535,5.301424893567625,0.020764834093965,2.982132851641213,4.389206296457835,0.916551511079571,5.462802934494221,5.217136739785481,2.162312949157268,2.315489570221419,3.216378355734931,3.775187744562729,7.173676512240401,2.907932277950029,2.626374328703382,6.754341661301202,2.449568108405845,3.068485751596379,0.646467803062471,2.511711184271715,4.348378456741783,3.805381989389526,
0.240948701387549,0.065649863095616,0.022978745677244,-0.612086437676493,3.885927757943904,4.292841336864279,4.826490180544888,2.539631082346896,0.697401085431425,3.135484008056410,4.773357349275468,3.715922787469953,4.679478491941356,4.629130099803604,5.647008823211426,1.451888319068882,3.284784273718588,5.190984806982425,4.254791799244522,3.401754177968479,5.204988217400767,5.301931985427088,0.023352279565554,2.977155310088106,4.387848346691880,0.922646559098294,5.464399510917433,5.221883661086997,2.161651035421672,2.314545866835886,3.215475216859036,3.774256166755958,7.174213169158249,2.905145694280369,2.631092659541763,6.753549706309017,2.450580615033294,3.061887899732097,0.648574797126182,2.512428622080756,4.349649852133269,3.805381989389465,
0.240523212207940,0.062398096561477,0.023210796580685,-0.614040526509823,3.885719226276519,4.294843399300906,4.832389661933766,2.542665583903090,0.699272255181146,3.137630960543469,4.775820142821903,3.715432592080845,4.683746374888072,4.622883181145352,5.643246820565833,1.449599797676087,3.290876327581308,5.189228744108401,4.257446678547338,3.399666624649149,5.204212477672159,5.302115550789011,0.025215792933497,2.973266290115623,4.386891354255143,0.927524627233221,5.465594990123807,5.225882124595786,2.161139398227460,2.313854904186470,3.214792519205314,3.773493697614030,7.174724027778477,2.902047103403439,2.634842248810485,6.752886469377412,2.451343436656127,3.056109510303910,0.651340215797334,2.513939587262815,4.350784628935145,3.805381989389485,
0.240747973540931,0.059740340142344,0.022927156798944,-0.615505240999606,3.885517328493555,4.296630862647516,4.837241185583327,2.543445261047580,0.701513321204934,3.139297900974717,4.777084291034353,3.715204944211125,4.687723526978098,4.617536861422561,5.639577686143739,1.448554660306444,3.296094801676433,5.187873625943374,4.260068209130587,3.397466900779178,5.204156509656549,5.302401817172529,0.026316739960103,2.969831439471790,4.386411277967518,0.930889417491275,5.465174927781853,5.230082626798340,2.160635641520433,2.313396442450580,3.214062751311633,3.772223347500464,7.175402906094244,2.899767734523999,2.637762641961741,6.752000782103095,2.451878004964267,3.052254104825485,0.653544513696514,2.514715834903857,4.352206245247815,3.805381989389572,
0.240911881517030,0.056405603047614,0.022806811543113,-0.616784017835187,3.885356211037362,4.298609036726933,4.841388140566948,2.543816235285147,0.703947406657098,3.141163926007920,4.777877375154420,3.715138246629828,4.691678920220258,4.612940866285530,5.635743683889189,1.447883084739188,3.300576366604605,5.186329221166628,4.262963812231913,3.395677503925711,5.204867500503228,5.303140133143392,0.027536327998287,2.967175585832700,4.385395563089992,0.933005374746119,5.463760092204810,5.233653679421917,2.160508207682982,2.312839691202598,3.212783734092440,3.770772089542006,7.176621939661969,2.898823365652705,2.639947938831835,6.751720588644687,2.452497639660637,3.050115272070301,0.654407626602167,2.514442945387259,4.352979342036900,3.805381989389708,
0.242410034480508,0.053142523363314,0.023097352692178,-0.617714020138190,3.885224246590913,4.300751370033503,4.845568569809732,2.545538903885429,0.706290338464128,3.142940530034370,4.778662510440868,3.714992285778454,4.695658226877867,4.608364806989748,5.631527594978341,1.447306609038546,3.305056403402999,5.184407748275738,4.266083305998331,3.394855708611052,5.205814578611906,5.302465502126293,0.028883378292330,2.965505816827914,4.384218182942908,0.935517126781524,5.461597139700563,5.237504919499409,2.160617543282072,2.314224109980947,3.211507179556018,3.768704561316999,7.176305781458646,2.899093195199140,2.642879487297547,6.752180584657752,2.451193198921695,3.049530186941178,0.654102361900894,2.513094572196199,4.353262584363591,3.805381989389724,
0.243576336716349,0.050553659817729,0.023138380652916,-0.618696345894676,3.885072915013209,4.302239788611855,4.848348244843798,2.546960878655325,0.707586857503657,3.144299487335681,4.779208196497721,3.714874311597168,4.699101430136325,4.605379390617157,5.628320098365446,1.447013561626342,3.307996147737502,5.183826765642654,4.268669553705790,3.394670588512942,5.207207276431955,5.301464529923678,0.029162784864295,2.963236582505567,4.384107507997344,0.937046448230672,5.459303897982460,5.241132268686963,2.160705100820751,2.315655951728775,3.210430478307378,3.766864720448304,7.175966688492538,2.898302417603535,2.644993715266525,6.752616421272641,2.449845754742503,3.049592968265469,0.655248483436279,2.513276159631095,4.353529270555764,3.805381989389706,
0.245157913894345,0.047854862218585,0.023788707736873,-0.619280460394213,3.884932707659349,4.303621002459544,4.850411420672572,2.548023054464521,0.708730452077696,3.145876128981575,4.779248237896866,3.714931997193979,4.702317337546440,4.603157235509433,5.625345266860310,1.447047490841835,3.310205884261368,5.183514901551104,4.271301930076841,3.395015372679817,5.208263467363066,5.298122056009707,0.029243683064046,2.961240568273531,4.384140740150671,0.937485336321108,5.456507302106349,5.243769039797917,2.161128210806844,2.317176737637081,3.209652435027695,3.765280092742219,7.172769579576254,2.897942484387793,2.646260846596846,6.753292526071855,2.448442668859981,3.050823031836665,0.656028139431077,2.513222281013186,4.353493875062751,3.805381989389623,
0.244409955628892,0.046463628774759,0.021283945788105,-0.620916497925392,3.884791891014488,4.304621787078169,4.851670565131959,2.548104291291990,0.709268942115465,3.147824730804413,4.778199408883880,3.715485203585630,4.705250760537111,4.601809631389377,5.623105635492477,1.447790152374905,3.311564247697010,5.184158752473586,4.273517368935364,3.395824031945032,5.208966806962322,5.293685254980275,0.028529266858917,2.956846601568588,4.383621770976355,0.936108636129945,5.454561218628593,5.244498277347424,2.162082637914382,2.318956601987473,3.207318016128950,3.765169659759915,7.168285528498639,2.897463532604674,2.645906386377655,6.754733671359041,2.446638152669612,3.052520422123118,0.657439238254816,2.514205652127616,4.352578892924164,3.805381989389640,
0.244314126612975,0.045539317289604,0.018673613805547,-0.622090837867309,3.884654988128104,4.305290809510026,4.851689340909244,2.545284985551387,0.709135811397391,3.149893055732768,4.775795287979738,3.716356794567775,4.707824219765432,4.601814585897868,5.621675002853955,1.449977682369824,3.311617465987146,5.186031633790356,4.275239404794740,3.397061244638970,5.208828963587854,5.290432958466567,0.027675713955791,2.952727872616979,4.383431540922418,0.934617827253049,5.453155288071337,5.244218532184305,2.163223069746291,2.320342888193620,3.205188702193642,3.766135183837057,7.164973921981839,2.896186143230739,2.644859325037987,6.756376965273720,2.445216776420119,3.053423344478011,0.659704053401852,2.516134908749497,4.351384017903526,3.805381989389688,
0.244188542098637,0.045084063530388,0.016438393221188,-0.623336286815390,3.884525230989981,4.305584340062041,4.851153546180327,2.541695048019053,0.708083886476094,3.151591472401954,4.773181575998973,3.717192928001154,4.710029530913384,4.602701706966065,5.620792921185538,1.452474704806209,3.310840112123552,5.188672385811870,4.276665080666898,3.398966675350513,5.208883063230278,5.285670610752742,0.027949866464350,2.948925569200245,4.383051542098171,0.932390630373612,5.452092209227478,5.243976543029522,2.164414512296446,2.322313820772584,3.203175594775113,3.767389059369569,7.160403842551051,2.894565247534852,2.642539435978138,6.758168473413463,2.443225078563583,3.055632399985065,0.662742207776341,2.518734944925707,4.350090484755452,3.805381989389677,
0.244277957143092,0.046347750529619,0.014530641727929,-0.624472020348802,3.884406782575964,4.305778961488883,4.849926635493693,2.536028034478681,0.707316807528086,3.153024165156618,4.769491700630554,3.718324337668399,4.712067252373688,4.604197359442078,5.619959558994070,1.456070255571949,3.309456052280743,5.191839457696434,4.278015615718749,3.400871133409491,5.209344701766515,5.282894807206669,0.027715544021420,2.945638098268116,4.383495946094693,0.930529545756449,5.450636987152505,5.243366747931052,2.165734311077210,2.323453497031990,3.201316198628111,3.767963321773440,7.157881784926947,2.893252013338201,2.640744998121082,6.759831406212797,2.442045748418862,3.057700207971222,0.665170478654059,2.520689086203657,4.348947422128850,3.805381989389679,
0.244407154482006,0.047383184949357,0.012660514628756,-0.625557871104990,3.884299536963046,4.305603996008164,4.847999457697993,2.529115188510711,0.705477213072677,3.154690973403260,4.765276639315659,3.719516824957528,4.713749123991625,4.606669322440651,5.619818639527247,1.460277629755505,3.307157414640541,5.196115510118356,4.278965383397974,3.402864395728242,5.209740316183895,5.280032469782645,0.028161278295643,2.942864035058939,4.384723854751591,0.928799766597265,5.450110468834438,5.242284851209316,2.167037930397354,2.324355182354413,3.199405612060968,3.769615062940788,7.155393167226507,2.890393204550692,2.638254235269436,6.761407380735321,2.441111852774648,3.059006103164218,0.669479894097510,2.524580742769811,4.347789904329574,3.805381989389725,
0.245489160984895,0.048143819275837,0.010773680776750,-0.625889055995222,3.884205087817739,4.305201779789296,4.846004690096954,2.521327430572315,0.705183219547906,3.155782458164523,4.760977299693745,3.720690844199086,4.715397245979806,4.609158893294564,5.619821876410747,1.464589850244479,3.304848330455807,5.200449173259766,4.279803210638216,3.403406743666576,5.211511411065787,5.277193401169842,0.028683208213288,2.940999424580676,4.385367132261162,0.926861674906653,5.448886019862571,5.243392331761330,2.167326256495696,2.324418310308140,3.198194510994262,3.769387705648879,7.152817289221605,2.888030830418896,2.635880169769510,6.761501413571723,2.441001771132765,3.061060087961738,0.673339545112639,2.527969276593650,4.348188413460583,3.805381989389844,
0.246564802886343,0.049325399770811,0.009184191659469,-0.626277517306017,3.884121965944852,4.304592668532426,4.843790959391187,2.512833684283365,0.704785150156015,3.156712924323987,4.756287756942683,3.721944051685672,4.716828314934869,4.611769340167047,5.620218068188816,1.469302309802164,3.302412909755815,5.204626067340478,4.280443164756134,3.403885670604135,5.213533665306938,5.274141762328410,0.029256341412738,2.939494399095668,4.386306769681560,0.924033298352771,5.446382769031431,5.244365798091524,2.167718326657637,2.324838673461318,3.197131228980020,3.768406989700691,7.150088058117215,2.886303494372415,2.633080767398756,6.761626634304740,2.440545593290772,3.064295274274472,0.676441959611596,2.530636064181066,4.348568047457710,3.805381989390058,
0.247635836281645,0.050359603478492,0.007582882916012,-0.626671225147885,3.884058371694897,4.303192932052636,4.841364914525438,2.503125814424596,0.703669853917240,3.157188901047857,4.751583945645728,3.723171113408309,4.717522304416166,4.614557284973912,5.621492788017476,1.474021206250130,3.299805786685230,5.209890463461282,4.280312596880474,3.404750481843008,5.215214012087903,5.270683729544217,0.030513607161488,2.937713925972044,4.387133382701304,0.920882925512624,5.444350829969379,5.245227866319110,2.168080498304648,2.325236216093276,3.196043658167368,3.768048064535934,7.147076315910869,2.883795694755227,2.629360150073258,6.761774282609643,2.440127398980949,3.067547538180191,0.680497529632944,2.534290713287063,4.348868264763053,3.805381989390261,
0.247454357055041,0.053440288388029,0.005078150136601,-0.627629023912798,3.884002388339861,4.301776486109682,4.838303450250129,2.493466676555131,0.704199360104530,3.156288433340614,4.746136046609863,3.724690685181943,4.718106491885300,4.617989162348834,5.622111202475687,1.479174629711315,3.296563025861000,5.214136483747758,4.281022672202927,3.404071168562500,5.218080952588329,5.267128838490237,0.031710530098735,2.936163682873240,4.387566965487870,0.916546808051042,5.441249883628233,5.246798006476820,2.168434712318906,2.326019506506213,3.194944067520650,3.765921733417319,7.143725187970271,2.883060995930719,2.625079325814518,6.761702341816868,2.439313809785931,3.073079575444772,0.682357658053090,2.535425652836192,4.349618916131843,3.805381989390406,
0.247233057708066,0.056698290681422,0.002564765923906,-0.628618116723197,3.883958570900591,4.300230700043823,4.835278709833764,2.484575980083644,0.704228794660557,3.155318000874602,4.741064848245109,3.726052593928984,4.718577974748287,4.621596866107384,5.622934864892160,1.484039525757038,3.293158711884135,5.218426425277462,4.281582869692812,3.404503990589217,5.221068315221979,5.263376175142061,0.032371111250482,2.935317823018385,4.387462080466927,0.912222776676874,5.437607615577854,5.247907338288498,2.169129126818072,2.327482569184949,3.194013091651177,3.762948178439468,7.140109536167773,2.883194494854088,2.621189863172645,6.762113992096856,2.437842057069738,3.079895091324564,0.683347868729778,2.535767829086097,4.349920321843429,3.805381989390528,
0.247426566770955,0.059954038132208,-0.000000926438430,-0.629005524856915,3.883923917220168,4.298744943874958,4.831871213911390,2.475215802401009,0.703421903961424,3.154822241086583,4.735607632750152,3.727390982380689,4.719144560898680,4.625642847070391,5.623596350366543,1.489413973690782,3.289333186342388,5.222798747165276,4.282359811480870,3.406718323570274,5.224615882044152,5.260424513812922,0.033038903886302,2.934970537049640,4.387335047178805,0.908999440314450,5.434200576516711,5.249591067367774,2.169696422815733,2.328746306271345,3.193049959282298,3.758753460152338,7.137467701054336,2.883846913507730,2.618617057263808,6.762205811170026,2.436573481104137,3.085890500978518,0.683809652754535,2.535479352170308,4.350540366990575,3.805381989390798,
0.248868461796567,0.061854582081696,-0.001615196589462,-0.628454618442296,3.883888847194678,4.297899892158149,4.828329931338661,2.466259559672924,0.701328556038963,3.155376914217216,4.732019832319271,3.728149905094597,4.720257398217427,4.629871911523417,5.622816375704899,1.493369970059731,3.285333590418207,5.225697432759169,4.284445592669665,3.411641524601286,5.229271683074777,5.258648700087705,0.034612262295325,2.936398966761141,4.387755834587098,0.903482537915853,5.427984805123693,5.251533065939244,2.170699260858179,2.331447848503966,3.191595100242898,3.752093338394557,7.136124169650976,2.886049973323464,2.614874464335956,6.763224852908460,2.433886154890607,3.095118668346703,0.682600299353924,2.533618256934578,4.350318903864014,3.805381989391456,
0.249923998614721,0.063375638733878,-0.003422101897668,-0.628159312249959,3.883867770726893,4.296874396572830,4.824557608877512,2.457392006318235,0.698779257286536,3.156060067423234,4.728465416506953,3.728871665162337,4.721225420833017,4.634331155055670,5.622531425097831,1.497339547641678,3.281123056212452,5.229077273962246,4.286223650150586,3.416580419824946,5.233814709010983,5.257676054751148,0.036775504295786,2.937959211675336,4.387964871755561,0.898740740757608,5.422341334191995,5.252718652440878,2.171899897867879,2.333684190569311,3.189597924128394,3.746141797575482,7.135443675591628,2.887937519328022,2.611756140153583,6.764463082158795,2.431649458274698,3.103480231158165,0.681759552512125,2.532302669462382,4.349768625138379,3.805381989392090,
0.248685184397219,0.067003722404067,-0.004755668034248,-0.629005862542364,3.883853975618140,4.295666337466666,4.820535710650226,2.447409232057590,0.696347319778784,3.156178679980596,4.724350261101298,3.729683880816196,4.721953601444186,4.638816345109501,5.622554168594140,1.501813885940550,3.276883937184507,5.232530445154440,4.287833383865629,3.420157899359940,5.237178887009372,5.257021028272041,0.038917923312216,2.939220843278230,4.388142143454639,0.894167084725637,5.417353732132474,5.254144344629458,2.172829303749342,2.335263326191181,3.187784468755170,3.741513216094613,7.135195059334773,2.889327525582806,2.608350341518045,6.765400689514617,2.430058279432657,3.111392836673760,0.681431708169601,2.531422184435053,4.349479526537340,3.805381989392710,
0.248396030727044,0.069939587714758,-0.005367204457741,-0.629432801515330,3.883843247492674,4.294642844016034,4.816687273017147,2.438788925929523,0.693638532530173,3.156817919987367,4.721756721836882,3.730124178250632,4.722738770699498,4.643186671301047,5.622225590000912,1.505030479033923,3.272739715395093,5.235600286945827,4.289586902953280,3.424758323599921,5.240686684835104,5.258542968446206,0.042852121580447,2.939459524254688,4.387585275690017,0.889756655092915,5.412496645133703,5.255519811432401,2.174015152744488,2.337512250450471,3.185867342430559,3.736408744822219,7.136950836029520,2.891235110585484,2.605154704848245,6.766525929259701,2.427800819232306,3.119526391359490,0.680523383710095,2.529925216481046,4.348997573110659,3.805381989393149,
0.248656639529456,0.072515329172049,-0.005437798886288,-0.629398205865612,3.883833286420508,4.293913898944177,4.813131893819094,2.431025581715176,0.691966125863057,3.157459050556961,4.718993214516596,3.730603811455820,4.723554157083223,4.647212685564765,5.621081260480798,1.508345620472317,3.268911097034391,5.237837236400511,4.291933892390284,3.428000875050763,5.243852761900778,5.261158875861815,0.047792212680993,2.939662891695483,4.386588473669732,0.884912516333116,5.407486806145898,5.258290267937722,2.174470703344288,2.339242641189127,3.184613885635120,3.732877958446446,7.139927795334285,2.893243095746438,2.601684585141460,6.766900893860570,2.426054383295528,3.127262945067906,0.679803763616607,2.528581122633207,4.349284152237956,3.805381989393445,
0.249210746648533,0.076215820038978,-0.005475995434017,-0.629197639935916,3.883839048438954,4.292996772675178,4.810170620426909,2.424822722721816,0.690985153660608,3.157581673728019,4.716033798282640,3.731095413077912,4.724332544331500,4.650747502906864,5.620133851852930,1.511831400990551,3.265553661256048,5.240179727832919,4.293946262130516,3.430285077758629,5.246402727569241,5.263931385712500,0.053185959464058,2.939648879720827,4.385250813122541,0.881500430882772,5.403850322999585,5.261473482767127,2.174633913898586,2.340796770637373,3.183108315277088,3.729577462112107,7.143357994866967,2.895449828414736,2.599179953433221,6.767015467286451,2.424495943389678,3.133306779524953,0.678983587713568,2.527228950407490,4.349848113132211,3.805381989393637,
0.250282678642022,0.079573302091807,-0.005880514604648,-0.628830074925881,3.883855513047377,4.291988089283400,4.807513987452080,2.419393499783029,0.690346103325078,3.157610690483028,4.713255614642730,3.731551164036391,4.725038372295940,4.654068650480025,5.619325578680415,1.515088950857515,3.262403182547813,5.242540197604117,4.295783677130971,3.431985484317845,5.248445241377969,5.267696951627302,0.057379634756906,2.939384311383355,4.384571700162401,0.879037367973339,5.400682289918108,5.264452164786164,2.174868709944681,2.342285307631240,3.181676739446278,3.726845747372775,7.147503801124849,2.897714443358498,2.597470188803936,6.767163456962203,2.423009076995280,3.137903306922393,0.678176053872138,2.525918700582896,4.350350689576802,3.805381989393738,
0.252715995607122,0.081905460469298,-0.005575620500873,-0.627109631034755,3.883879625061267,4.291277824976656,4.804900583812969,2.414356214784510,0.690580896139956,3.158149781336579,4.710443151233118,3.732006599900560,4.726054530544997,4.657308105851434,5.618155299435150,1.518325158896540,3.259318904212613,5.244592860610561,4.297896969732346,3.433597312722796,5.250285563245894,5.272158061190316,0.060853954812396,2.939661269584493,4.384290807584249,0.877172602945318,5.397827350449689,5.267732844726004,2.174774131147784,2.343194153741715,3.180351126155273,3.725502620222929,7.152495182166029,2.899456781616024,2.596375916555202,6.767073685779305,2.422083492144254,3.141839478792507,0.677998959379361,2.525446381184650,4.351047687321811,3.805381989393779,
0.255279076019882,0.084059618934411,-0.006013499115252,-0.625100423741689,3.883925930320911,4.290382691910701,4.801942095317414,2.408781264961827,0.689580424808123,3.159378606651254,4.707258929477931,3.732471037442378,4.726960847389248,4.661013687165644,5.617275104041653,1.521950155770328,3.255801873051732,5.247311373115163,4.299869764848101,3.436147351270110,5.251666347402389,5.276844280524151,0.064999061210964,2.940259115587237,4.384721581427879,0.875718075184265,5.395562929110175,5.270354441104540,2.174784664478821,2.343961470830886,3.179205729765250,3.724948650729242,7.158081297379748,2.899845719635816,2.595150702024615,6.767268707121005,2.421297228728978,3.144514426237236,0.679480970004533,2.526704343088936,4.351323832910490,3.805381989393850,
0.257308432582409,0.085394558219346,-0.006670814447910,-0.623813679069961,3.883971784911809,4.289421779014622,4.798871305388733,2.403171477540000,0.687999804031124,3.160741586764678,4.704078117641410,3.732931918812943,4.727746287775495,4.664728210399590,5.616657374033545,1.525538066027471,3.252268483493880,5.250307432165537,4.301615729516810,3.438685864160368,5.253115649616535,5.280386366636151,0.068338310874005,2.941373498667074,4.385998126468755,0.876866743680100,5.393213326170996,5.272242800898347,2.175036320490315,2.344117604045539,3.177482875661292,3.723749331921640,7.162565167834237,2.900724510994829,2.596720623361170,6.767880561133315,2.421088474068470,3.146813040491309,0.680231512763499,2.527615193326451,4.351061022404676,3.805381989394273,
0.259644925196963,0.086563653761523,-0.007691803864244,-0.622264870217341,3.884037685489967,4.288245377291079,4.795855113997938,2.398054420171281,0.686073159780400,3.162835612369010,4.701081417061727,3.733359637340551,4.728328100770653,4.668376188029550,5.616581113666141,1.528904089208424,3.248807025111852,5.253971220180253,4.302946786093304,3.440647954601059,5.252836534891124,5.283546442091724,0.070525030472659,2.941570580425742,4.388303672299658,0.878229853248765,5.391091436063405,5.273416250229118,2.175193365948211,2.344172827385275,3.177073181237923,3.725242387821562,7.167272807735646,2.899914360568532,2.598551615969435,6.768369081742122,2.421041993443374,3.148404444972707,0.682661021337793,2.530342998168981,4.350868607729925,3.805381989394848,
0.263447009457430,0.088913106902205,-0.007831354924065,-0.620325957294046,3.884083130447490,4.287486352684549,4.793624124750071,2.393654262995266,0.685087645854050,3.164890446769968,4.697833369907801,3.733813724390305,4.729096392666663,4.671089948516532,5.615446007006815,1.532437664927336,3.246242986288379,5.256617711594979,4.304820892906036,3.442019216478365,5.253140311488424,5.285011747251453,0.071024762266382,2.941308730967268,4.390329134589484,0.880388040862707,5.388997083620074,5.274924045293147,2.175436332494846,2.343624757756094,3.176662380700084,3.725327983661161,7.170271535598042,2.899847839708552,2.601500082672140,6.768997248567750,2.421587446331416,3.147608012679392,0.683799662718979,2.531580003037825,4.350604973796781,3.805381989395388,
0.267006372556613,0.091141557201586,-0.007830791897174,-0.618535285009339,3.884141716676051,4.286527539131181,4.791183579600705,2.389453467633230,0.684532549498350,3.166250110111775,4.694643953786249,3.734259987668554,4.729722540366883,4.674031723763233,5.614381887821714,1.535820491281939,3.243453214876831,5.259277259549092,4.306661861405388,3.443174144210603,5.253520518031007,5.286003452144568,0.071571419699854,2.941714730784851,4.392004623022573,0.880432545960710,5.386784587027036,5.276537192574145,2.175831711461530,2.343447194134823,3.176422316645585,3.725350003754192,7.170775689156678,2.900617639631355,2.602489604739819,6.769643436093006,2.421765663226050,3.147216593993194,0.684048344493093,2.531807349295093,4.350358417923682,3.805381989396124,
0.270974258192082,0.093360809581105,-0.008394064096681,-0.616557346037695,3.884210500388769,4.285459248430548,4.788685050861000,2.385188461689869,0.683384970312671,3.167923683649691,4.691495763502566,3.734682990454429,4.730151063959267,4.677025675806797,5.613805713838393,1.539158081042605,3.240617369245124,5.262242229825555,4.308196718325227,3.444499887683285,5.252898295237816,5.286208116352210,0.072929323763783,2.941309070417266,4.393790977339493,0.881168392022098,5.385668227528843,5.277782755958922,2.176211210189483,2.343092766301105,3.175872899892299,3.726517347033666,7.170645586911278,2.900624086821882,2.603500755151208,6.770277769749495,2.422125250872871,3.146486117377161,0.685248346448968,2.533054389843515,4.350061512569823,3.805381989396841,
0.273938280467421,0.094460664023843,-0.008521867963421,-0.615106419032417,3.884305130797514,4.284132585294847,4.786631097171693,2.381514080709759,0.684263833991023,3.168421809434979,4.688560837878113,3.735076324878333,4.730670702323748,4.679519541460298,5.613436972822426,1.542248911688915,3.238256980182691,5.265265750189867,4.309353854275565,3.443548486512625,5.253544455224304,5.287091889687437,0.073635854205343,2.941058182765279,4.395324234131657,0.882523880862772,5.384088193620257,5.278720726592390,2.176696307824844,2.342535261096587,3.175654431363367,3.727128112514113,7.171226346454399,2.901440128211684,2.605841708259764,6.770843447044779,2.422673431403859,3.146023932314375,0.685751439343994,2.533700848382853,4.349755919062948,3.805381989397731,
0.276971920035172,0.096463171650181,-0.008818781857609,-0.613594335028541,3.884407798424576,4.282760837284695,4.784703357977467,2.378160017219081,0.685245043996002,3.168899874994938,4.685611061676229,3.735451361689016,4.731205063680425,4.681923507170913,5.613087837617628,1.545339506764607,3.235985205439205,5.268391661126963,4.310422215340363,3.442434257723487,5.253914503148589,5.288474272939854,0.074204601115842,2.941200093845811,4.396553487898589,0.883453660934909,5.382389624998828,5.279476930951000,2.177313038958432,2.342177505263587,3.175174501194828,3.727701579738640,7.172414926593438,2.902543713421504,2.607521994236288,6.771542740623710,2.423033238668091,3.146010578269816,0.685896201142803,2.533925474880288,4.349412609602694,3.805381989398547,
0.278604580517195,0.097381363830467,-0.007054362739125,-0.612637164202812,3.884536557655146,4.281092442527720,4.782973419244033,2.375382174415667,0.684888041322439,3.169446825202035,4.683127671857911,3.735771497057801,4.731466043715740,4.684398160312029,5.613330832177581,1.547964293290280,3.233656544247751,5.272443291662451,4.310997917003077,3.441671721812813,5.254045799727695,5.291351395479917,0.075024299768112,2.941189726488368,4.397440320245238,0.884760430030125,5.382497584508949,5.280012205620626,2.177879548542568,2.341491329158120,3.176118483819304,3.728755304882475,7.175224094627075,2.902459906465468,2.608919465751433,6.772458679195659,2.423636337690807,3.145339373170568,0.687675981574992,2.535924100532317,4.348803230847560,3.805381989399344,
0.281177488053210,0.097944364908185,-0.006317880053753,-0.611371987904041,3.884681166029495,4.279254277741932,4.781891069386905,2.373875169739375,0.684914733165971,3.169701966347671,4.681316188141685,3.736039180465995,4.731567735210130,4.686558816727073,5.613770245833984,1.549890269891650,3.231637057927088,5.276442569789624,4.311332004834641,3.440062668890575,5.253676408933158,5.294634395530612,0.076318732553685,2.940751728054101,4.399066378483016,0.886580649078692,5.382908608596477,5.281547324933390,2.177935528219527,2.340606790966921,3.176877916684485,3.730726398098259,7.178876424381240,2.901832806917497,2.610685000538487,6.772896581614267,2.424420337149861,3.143648205724717,0.690164338389737,2.538614021945605,4.348688213988545,3.805381989400097,
0.283115822206029,0.098689459101315,-0.004771945469584,-0.610400274333641,3.884820030171059,4.277580171035547,4.781281956932610,2.373127284266229,0.686079665059899,3.169437396025724,4.679552638276254,3.736283475881854,4.731889063004584,4.688214384980722,5.613545716075515,1.551775925317536,3.230124421455423,5.279610160472737,4.312018967824292,3.436136642467067,5.253613578633214,5.298706219760833,0.077963541304601,2.940372212896083,4.400896704176679,0.888931324764026,5.383728924275606,5.284787232072542,2.177291967468423,2.339188653333900,3.177311290245737,3.732537661916503,7.183513989326166,2.901279459023067,2.612857983369928,6.772290936810725,2.425736370725858,3.141446158124228,0.692615523234990,2.541143998968891,4.349673554213366,3.805381989400783,
0.283365592179513,0.094824648994910,-0.002707350408142,-0.610777003558536,3.884938243904762,4.275983425907697,4.782733504660367,2.375466983491460,0.687426949429832,3.168252604507690,4.680300514092690,3.736391308874882,4.732105983954860,4.688217711854182,5.613458599820095,1.551143286711146,3.230199005069581,5.281245084727405,4.312398696177074,3.431581066483851,5.252865154243449,5.299528770898145,0.081216061047217,2.940914313939477,4.402143876155484,0.892292150676946,5.385857188586371,5.287962601665282,2.176750992885960,2.336578023146314,3.178222604914253,3.734418907079728,7.185047644590647,2.900797573150701,2.615729682319259,6.771996925818639,2.428198486665223,3.136202657264880,0.694012289523457,2.542348553957044,4.350530018468526,3.805381989401722,
0.280565353005725,0.091711371451565,-0.004858583753794,-0.613059235954233,3.885063103360229,4.274118176002345,4.784001969992667,2.377224704827702,0.688684413292044,3.166484258650645,4.680430487171311,3.736522713930942,4.732088373936413,4.688192833689283,5.613844405943423,1.551048866424397,3.230278674842762,5.283198660229972,4.312360305119188,3.426179820494811,5.252993541719714,5.300123831682841,0.085427705523614,2.941549551346581,4.403000297951754,0.895444783924114,5.387154845426404,5.289514974648178,2.176992960530959,2.334169761809466,3.177389308221525,3.734561403622397,7.184052276291313,2.901400771175393,2.618696886861910,6.772605461838713,2.430419463692754,3.131126919879769,0.694055439999894,2.542138275108402,4.350424397170046,3.805381989402795,
0.278046665622501,0.088293457596259,-0.006575917320043,-0.615123709936067,3.885212003304340,4.271999919971524,4.784662103379952,2.378835030036296,0.689319015826200,3.164693538938430,4.680379564623074,3.736662958926027,4.731886501533499,4.688738782143424,5.614615246473664,1.550923522581112,3.229811610091621,5.285777680407345,4.312145431898823,3.421909982936670,5.252812508673011,5.300286613701938,0.088739225269212,2.942204441734929,4.403323359103974,0.897457453623039,5.388003029810931,5.291003375618104,2.177232315470870,2.332079075773858,3.176438811860320,3.734274570235898,7.182895297769790,2.902026845069710,2.620635094770403,6.773337620480773,2.432344654423793,3.127037115370398,0.694204951856423,2.542073593242757,4.350162630094597,3.805381989403861,
0.275460362657777,0.085234253494130,-0.007986436999803,-0.617080786366482,3.885396536547075,4.269414509614117,4.784985007673417,2.379924717732017,0.689410427846642,3.162572158520399,4.679709953103576,3.736803924809899,4.731255374568595,4.689501397321560,5.615982852309502,1.551510602956939,3.229144749845186,5.289218251835562,4.311610335746239,3.417865383185831,5.252868772939941,5.300693109310738,0.092215484149848,2.941377567149962,4.404866792180846,0.899182127498183,5.388516254355632,5.292837430295111,2.177260709702775,2.330435919502199,3.175582011146279,3.734418066934142,7.182124664713363,2.901495079175810,2.622240920236477,6.773759396660090,2.433841541328968,3.122489110065446,0.695982214374753,2.543571902182817,4.350199704814684,3.805381989404962,
0.275323618776898,0.072369179335307,-0.010602416090485,-0.615527370827073,3.885561915344998,4.267912235635872,4.787027537126622,2.383767968887137,0.689656092836522,3.164029942319150,4.685027668534222,3.736605519398451,4.731419136512470,4.689055892849741,5.614567550143246,1.546334061990174,3.229722738154248,5.293434905694343,4.311811951163013,3.415474903469630,5.252193709365918,5.298739979991457,0.096967956295602,2.940196592642220,4.407593468787826,0.901436157061257,5.389815161138775,5.295817021854294,2.176536780395637,2.326907825033218,3.174652934458489,3.735108660908914,7.179311999561409,2.899924867050688,2.623880313833503,6.772867113016966,2.437191585644005,3.119048299876287,0.698588367785365,2.545345533463943,4.351515921897352,3.805381989405948,
0.275644055687885,0.061269448978309,-0.012396459835539,-0.614264539189945,3.885744878473453,4.266146799329518,4.788677158103159,2.386940682847150,0.690210836455698,3.165430891497202,4.689603028057000,3.736434232518166,4.731502032429026,4.688844427564479,5.613831060482642,1.541980020282596,3.230059529862543,5.298432249500496,4.311487580190255,3.412715136041248,5.251616388627601,5.297661079005733,0.102419592040573,2.937146053349925,4.410938005039312,0.904044239629679,5.390369345518004,5.297623271653893,2.176091925838473,2.323169925773968,3.173631783689241,3.735539835147923,7.177072214665308,2.898359379599254,2.626260816239809,6.772345938223862,2.440762364381800,3.115927221320286,0.701121746024960,2.547418383144742,4.352400777413495,3.805381989406984,
0.276665781241261,0.051669938101157,-0.013879677984871,-0.613077724611868,3.885926888217635,4.264304402287427,4.790213259821916,2.389840510712344,0.690793056109188,3.166282033552513,4.693117787515029,3.736324882224917,4.731501671532441,4.688659566058969,5.613306424734466,1.538655945660059,3.230369279817463,5.303434234319624,4.311086760478197,3.409949655156384,5.251179686444313,5.297813953856402,0.107477638094106,2.934473875185772,4.413616167918192,0.906958064259275,5.391129638056718,5.299749343897593,2.175626671803806,2.319477407618695,3.172922013209485,3.736034600375380,7.176318363387034,2.897029463132679,2.628818781796805,6.771943502158113,2.444288926999103,3.111483239850242,0.703561564144033,2.549360447548168,4.353193375175585,3.805381989407939,
0.276513787846663,0.043180028650658,-0.018470968367644,-0.613100812097764,3.886123915698948,4.261974650957798,4.791722980615425,2.392595759422814,0.692564312406739,3.165216169915248,4.696349958716405,3.736229052387788,4.731019698055609,4.688383424180886,5.613372314245765,1.535529837001511,3.230759614439620,5.309025433688574,4.310066853075586,3.404613479290552,5.252461608142236,5.296930183441766,0.109358689418136,2.931752700380056,4.416916263521732,0.910502818177345,5.391167397330904,5.304120088994424,2.174333744862371,2.316167772991117,3.174377909307208,3.734300218487252,7.175784028299931,2.896397202409632,2.631955789447708,6.769999037892853,2.447474336645580,3.108636132168310,0.705501756790582,2.550826706586712,4.355687342141369,3.805381989408548,
0.275785736013710,0.035397563502846,-0.021683816552563,-0.615228739937332,3.886298433226707,4.259723821784577,4.792879049335594,2.394623186876599,0.693724159963312,3.163455271092347,4.698870262585520,3.736189067041711,4.730479226904516,4.688224108616478,5.613955575123235,1.533074828461242,3.231020416524807,5.314742402590513,4.308681422979769,3.399345454694544,5.253621839714957,5.296381272404408,0.111003745492371,2.929421101961645,4.419300475318941,0.913779641681886,5.391208442406368,5.306640708925845,2.174061616636556,2.312600916215013,3.175849187502231,3.732783386920140,7.175616989592423,2.896505627564080,2.634859537449676,6.769411507745891,2.450900724501854,3.106564998175569,0.706481132219653,2.551239165859309,4.356838734979733,3.805381989409100,
0.279783322274022,0.030726337301085,-0.029617956646173,-0.616042578194967,3.886467428887196,4.257234183710020,4.797991766717366,2.403127007750180,0.699497557703202,3.156785053155758,4.704681521174880,3.735810129851010,4.729794578819066,4.685954908402273,5.613722086219021,1.527288940999885,3.233311189810423,5.316689586927255,4.307694315837499,3.394606761274029,5.255067502235500,5.291495507348955,0.112487765038739,2.928089356236131,4.416797677222291,0.916643809728968,5.391388679958469,5.312951406297760,2.172618478695394,2.310304214334543,3.177317050956354,3.731496044237463,7.173781022781168,2.898474739031085,2.635901963796897,6.767040018749137,2.453047740652542,3.106702846606390,0.704911426187393,2.546866949074836,4.360204161129564,3.805381989409755,
0.283820099922217,0.026683555235258,-0.036766011860687,-0.616544679815099,3.886625505764624,4.255017425556629,4.802351364762441,2.410379565975097,0.704596322223446,3.151127250050967,4.709530494810011,3.735507306786951,4.729371352178768,4.684090853745127,5.613436210941321,1.522473769671467,3.235202840269177,5.318761883977058,4.306895781159509,3.390865748992215,5.255641854098682,5.287177174386239,0.113852543585717,2.926795354708109,4.414138612178870,0.919382455311750,5.391686946836796,5.318218006361682,2.171538129534360,2.307868570421544,3.178677325784734,3.731016107627819,7.172243137867967,2.900358705915567,2.636859896673665,6.765096477630111,2.455332877356532,3.106063768819063,0.703404735604718,2.542688021962190,4.363143371291806,3.805381989410378,
0.288149360778735,0.022830141801765,-0.042677006632840,-0.616721142184924,3.886777204980154,4.253040178415153,4.805607621758889,2.416632275601030,0.709819393065284,3.145705237174633,4.713426650221208,3.735326788537996,4.729300259620917,4.683122510711184,5.612717005150899,1.518470084127061,3.236213032414341,5.320353713403328,4.306808069892804,3.387223729760786,5.255985984878769,5.282248893236235,0.115359111960925,2.925907761895441,4.411338792683385,0.920738994833444,5.390985798319157,5.323567955925593,2.170431215360673,2.306113627104578,3.180135158813744,3.730902965227757,7.169605993177824,2.902869561801880,2.637042847381304,6.763230082207324,2.456975742650618,3.106979106734169,0.701590410924100,2.538389059525641,4.365983020396695,3.805381989410938,
0.292877697129035,0.020130483241020,-0.047552227124239,-0.616544041334935,3.886881085768918,4.252081935744576,4.807626759168842,2.421316677593768,0.714632637098029,3.141896640567248,4.716536332896672,3.735228988430009,4.730007607251319,4.683147227545075,5.611259526516328,1.515229485880098,3.236207578975917,5.321245527739609,4.307354349254585,3.384612920998222,5.255388957535369,5.278621110807698,0.117331887243441,2.925704157163113,4.408206912718379,0.921606909144523,5.389886878739390,5.327597037974375,2.169771313057994,2.304710303576849,3.181140469443505,3.731994736022030,7.168037399794426,2.905079044212951,2.637073480315987,6.762297046256545,2.458280434613573,3.108380339172129,0.699683838675074,2.534360174655125,4.367873330010366,3.805381989411527,
0.294956547954642,0.017171107115604,-0.052555916812331,-0.616819056345019,3.886977483823556,4.251453221488543,4.809452739627714,2.425716974569786,0.717555722156546,3.141155759928873,4.719593155661379,3.735085922464389,4.730947320005451,4.683202314769117,5.609693051139256,1.512111303980608,3.236187986872323,5.322003933349730,4.308112811744408,3.384096168947038,5.253321781811000,5.276244050724400,0.120647533816586,2.925097561126332,4.405672740910531,0.921926015078094,5.387386375154775,5.326262624256700,2.171355672481154,2.304403852191207,3.180146628781849,3.733900377020356,7.167462910880767,2.907622961665025,2.637350752280411,6.764887045899833,2.458496421409644,3.109705411105608,0.697339820155221,2.530722872701005,4.365832600485163,3.805381989412446,
0.296707863131805,0.014912696563336,-0.057171030725671,-0.617187141940864,3.887093911427112,4.250545185637345,4.810931905035906,2.429697902754624,0.719991380059996,3.140490652309333,4.722026233358060,3.735042075601583,4.731781424408938,4.683460226928905,5.608627832792601,1.509491107915986,3.235994595852234,5.323113549772640,4.308540975359447,3.383545728500007,5.251205864279501,5.274681777560054,0.124377608092340,2.925019240186743,4.403481360246841,0.921850258980026,5.384659444025218,5.324771390161357,2.172934215655823,2.304749322977809,3.179036160056644,3.735942570411967,7.167422622082823,2.909647667990215,2.637561570868976,6.767552169225930,2.458063428749220,3.110699839175628,0.695486828054683,2.527846505782498,4.363740267923796,3.805381989413235,
0.299909481419668,0.013497688605755,-0.064200005246784,-0.616886362952064,3.887203613233753,4.249760506558364,4.812246515409736,2.433314391996487,0.722867197897751,3.139492846983400,4.723878668554675,3.735026707759139,4.732749470952597,4.683743569549094,5.607345483399054,1.507510920943374,3.235776082378460,5.323941134367161,4.309195573091353,3.383587824878440,5.248675259555948,5.270200806189406,0.128557428219680,2.925834034860745,4.400565011797568,0.921290743892578,5.381710116458641,5.323754017944118,2.174447605022610,2.305208057668715,3.177587231653873,3.738052174781991,7.167041372342921,2.912758299869890,2.638372993631863,6.770109000020604,2.457587775810436,3.111822942326687,0.692514465473534,2.523796186487241,4.361721210595156,3.805381989414121,
0.303332207015060,0.012197868484352,-0.070540139537689,-0.616306667048939,3.887328854605625,4.248825026811615,4.813239048843745,2.436435125205641,0.724736802538377,3.139336568345006,4.725285479100604,3.735032855528788,4.733577965628171,4.684321354711371,5.605912845768597,1.506037212259513,3.235271995781980,5.324945149085600,4.310114332582174,3.384405874935833,5.246307219877957,5.266005399205743,0.132408611721272,2.926211826088114,4.398349468622280,0.921003615499294,5.379527147819815,5.322469952547504,2.176040005202452,2.305284852371832,3.176360082409809,3.740181525998623,7.166538636752947,2.914959410009055,2.638970220793463,6.772778962268305,2.457470023553730,3.112992776078888,0.690690525775052,2.520999687332762,4.359528929581072,3.805381989415031,
0.305982964671307,0.010930440099724,-0.076064269509751,-0.615674463400194,3.887418276574235,4.248592309800039,4.813596625946269,2.438595851125156,0.726420455364806,3.140037408590533,4.726863441462659,3.734972524727837,4.734996858802931,4.685332618788204,5.603954682489269,1.504449693883885,3.234273932034866,5.325572756355865,4.311336818698628,3.385594847176264,5.243028171981257,5.261640122360260,0.135390194463469,2.927083655816557,4.395056008343461,0.919453332634657,5.376815904853209,5.321041731480706,2.177425704661915,2.305865464052775,3.175403118055377,3.743166903381183,7.165810650184460,2.916787340776296,2.638434003891259,6.775569921872639,2.456874343345660,3.115064845214547,0.689194264430837,2.518720807949020,4.357235998502613,3.805381989415825,
0.308264523826675,0.010305397974948,-0.081202936590104,-0.615643835483422,3.887507814481487,4.248263539222875,4.813758033558532,2.440443925391471,0.727768684328853,3.140343688373071,4.727966325569911,3.734989369324063,4.736236532235026,4.686413290502140,5.602280676418826,1.503309961383047,3.233242304096223,5.326518441724143,4.312305442652535,3.386569036480071,5.240464738391886,5.257315511856208,0.136873124249238,2.927422405606007,4.392080616913497,0.917024538148155,5.373536747173932,5.320142175695689,2.178620908405096,2.306359683819463,3.174117945027306,3.745306202307518,7.165077855873979,2.918607349426594,2.637222023132165,6.778089887229883,2.456344206096206,3.117776238893053,0.687827599357162,2.516598682237280,4.355214968670758,3.805381989416567,
0.311743827915981,0.009983584280123,-0.086797800950896,-0.615002332260957,3.887601807931082,4.247864170673524,4.813900112556241,2.442260639505289,0.728639537494356,3.141106699924915,4.729017749802812,3.735014999835846,4.737353158679029,4.687553538110198,5.600889536275006,1.502202003708368,3.232158796350803,5.327873638404302,4.313072463274079,3.387601724058114,5.237495595652112,5.254718306160000,0.138618750306632,2.928120708344848,4.389619597955063,0.915121165969808,5.371314929536598,5.319303709907023,2.179687635348822,2.306439020777322,3.172102002855233,3.748381494675848,7.165885626486542,2.919585447033463,2.635898961819013,6.780285201882940,2.456249499615739,3.119491594577787,0.687673339640365,2.515706763916211,4.353485178176534,3.805381989417398,
0.315262164879340,0.010180094754381,-0.091947053616071,-0.614334126587277,3.887719256036451,4.247226347835722,4.813819396749814,2.443856298591652,0.728744680126114,3.142593998909063,4.730036472152547,3.735004390663142,4.738315149752870,4.688826290973367,5.599926811026423,1.501211995814973,3.230949522469253,5.329824806036183,4.313550119575002,3.388741016263213,5.234115161713383,5.252604320886439,0.139686807616889,2.928885888436490,4.387136395627676,0.912621292787902,5.369321290534374,5.318029193461917,2.180790722916883,2.306835113970342,3.170303856197847,3.751962210027238,7.167169311863804,2.919609154573751,2.633883352416614,6.782375347778364,2.455841058144723,3.120816515201347,0.688640335188423,2.516010832937255,4.351829082304382,3.805381989418217,
0.319219745781660,0.010758788164186,-0.096353028243705,-0.613406502762970,3.887842137037458,4.246578147034272,4.813321118321596,2.445082172482568,0.727462064621545,3.145259378577715,4.730474203990263,3.735084986996173,4.739237512045562,4.690445354367405,5.599401003013208,1.500794218541958,3.229406584336030,5.332358728489013,4.313807235293554,3.391499445141094,5.231011317073025,5.250562212013087,0.140155547728794,2.928955182573793,4.385625118943673,0.909924936210459,5.367016080791968,5.315571177056097,2.182284083234914,2.307604713239030,3.168848959963601,3.755042622119172,7.168364854676131,2.918874477747136,2.631934557319207,6.784948092416195,2.455070528355308,3.121867158276681,0.690391018616127,2.517288986040130,4.349581374669838,3.805381989419157,
0.322506923071700,0.011064310623519,-0.100089530155659,-0.613046439603755,3.887938304608079,4.246106399692025,4.813426197942493,2.446424830126626,0.725676496596867,3.148136015874659,4.730724728664569,3.735204224330756,4.740129481128848,4.691298668517944,5.598861192888290,1.500523939756412,3.228635611957527,5.334815395968459,4.313807792939484,3.394406185706158,5.227878731889803,5.250215830111777,0.140755240165636,2.928862780621242,4.384071205918176,0.909416947768698,5.365464745209219,5.311886758360671,2.184367245354214,2.307473006203455,3.166371753747612,3.757898876350079,7.171294892766110,2.918147958468754,2.632045947609087,6.788559504809511,2.455161107539596,3.121674917512168,0.691719143327487,2.518415102553990,4.346177616818417,3.805381989420108,
0.328959674186616,0.013285494855423,-0.101945120974326,-0.610972623977996,3.887955254856195,4.246538143396373,4.812863863708215,2.446997839609161,0.721673233018079,3.153876152333056,4.729617997396468,3.735522262705572,4.741661345730302,4.692722351568754,5.596629607089360,1.501729442442512,3.227305669862590,5.336416297976365,4.315542362877610,3.400666427957272,5.226306358738295,5.247643254995093,0.138409502391023,2.927664049426550,4.383691105442503,0.909266476866038,5.363933733987262,5.309822836557181,2.185987292896982,2.307583764949213,3.165559222329185,3.759374211092428,7.172142609245590,2.916486143449767,2.632703964154793,6.791061698081534,2.455051939604545,3.120914553881625,0.694251307622187,2.520570280275938,4.343907803926307,3.805381989420757,
0.332884961680446,0.015183226672886,-0.102677521556124,-0.610088709457338,3.888017294958516,4.246570173912677,4.812128943857175,2.447115958511789,0.717628660433038,3.159006851990288,4.728737763970956,3.735768301134180,4.742915064195374,4.694151170759363,5.595213004803708,1.502718815547587,3.225968123449234,5.338811769136959,4.316611717036920,3.406311835640021,5.224185085261433,5.246444583695403,0.136131237589592,2.926553306556280,4.382581807898127,0.909703389895381,5.363066195515375,5.306653400795012,2.187888966517669,2.308000780940626,3.165264203116581,3.761097681626240,7.174120034250320,2.915243839435274,2.633617081371832,6.794000903069157,2.454632256283330,3.119726613212726,0.696361904730305,2.522489237413144,4.341188389283011,3.805381989421489,
0.336531337533219,0.016986552860041,-0.103232187650525,-0.609385786095125,3.888073515999258,4.246632770359120,4.810946472879148,2.446397529825480,0.714167353572287,3.163564177859644,4.727812733943720,3.736019577407036,4.744230196657552,4.695761059801758,5.593299599725932,1.503736522480321,3.224444369661297,5.340457832166939,4.318228128953390,3.411142090986803,5.222659996103601,5.246932099310393,0.133522200413368,2.925379992275111,4.381362176787207,0.910233109489936,5.362211283887707,5.305233206856842,2.189247215541557,2.308492173571813,3.165065879336969,3.762242120962194,7.177614284237751,2.914083074803184,2.634588442670265,6.796450039251634,2.454129439693455,3.120317468917304,0.698196001751800,2.523998945876482,4.339081983109801,3.805381989422339,
0.338356655861398,0.017562611603886,-0.102928619138758,-0.609471017650959,3.888151212892124,4.246478929539194,4.809878981792192,2.445772231841848,0.710710731499322,3.167536328519299,4.727101338662895,3.736204989732749,4.745343976548977,4.697248559614668,5.591592119478550,1.504558990333914,3.223045861736470,5.342108828658517,4.319718099481149,3.415643872352438,5.221166246794937,5.247661581243774,0.130959711462057,2.924047899915188,4.380601925797190,0.910934191944527,5.361440434972555,5.303190569368954,2.190797431066123,2.308895762332333,3.165376509126685,3.763516548246337,7.180894023803088,2.913056146568461,2.636062872855855,6.799158720592675,2.453701164159245,3.121229885802431,0.699862782739032,2.525269010894297,4.336753706152983,3.805381989422998,
0.338203581313175,0.017892694896854,-0.101155370687288,-0.610154938698414,3.888264323819737,4.245987141146948,4.809060396440023,2.445620439652116,0.707362188671656,3.170771243465041,4.726314057180137,3.736414724425778,4.746192975595958,4.698840895417629,5.590225112298965,1.505442773870638,3.221540343423653,5.343931935946670,4.321006939645235,3.419739112286552,5.220818111337358,5.248347459346783,0.128249595216327,2.922760339321823,4.380503801083955,0.911841594295981,5.360281654548566,5.301328322065574,2.192330817796200,2.309391598141873,3.166240616303780,3.763383211167109,7.183793003225230,2.912350783788950,2.638357032860174,6.801546376425022,2.453154985193061,3.121698075050579,0.701258275677932,2.526134483639024,4.334750824677595,3.805381989423564,
0.337336890779143,0.018309520735807,-0.098707196104782,-0.610974473375709,3.888376232940463,4.245483593744313,4.807826377012156,2.444846411303809,0.704039932155129,3.173787518273258,4.725394404906163,3.736624965232311,4.746957706390261,4.700601175379327,5.588870926210914,1.506478434520138,3.219866959737650,5.345896909320111,4.322293909401762,3.423595207280632,5.220540045931479,5.248580762395404,0.126152142952746,2.921117371166388,4.380655721386583,0.912288820523600,5.358913426333248,5.299623096662063,2.193766150676397,2.310059951017637,3.167496614963087,3.763749895993361,7.185974890898630,2.911338516287000,2.640021927782011,6.803811156268178,2.452404778040487,3.123013156399169,0.703123624201287,2.527352535390514,4.332943476102413,3.805381989424065,
0.336285433319317,0.018534297841274,-0.096629923963796,-0.611841974346908,3.888513788697852,4.244762313402087,4.806345757851153,2.443718757232474,0.700490720494179,3.176605505870450,4.724609413616776,3.736785282720070,4.747481695030332,4.702503722244558,5.587776884390141,1.507403741013890,3.218048293680273,5.348131303373446,4.323531433739994,3.427234332833662,5.220645274359547,5.249466979229034,0.124397559690119,2.919364612483481,4.381037164714563,0.912662868553136,5.357784466592806,5.298307308318930,2.195087719525413,2.310532917623270,3.168193419006047,3.763593829263404,7.188788268855770,2.910049740436241,2.641215460479406,6.805709498042827,2.451894247073662,3.124410100748333,0.705338797745436,2.528869985555953,4.331544161684245,3.805381989424533,
0.334375784832468,0.016475177806791,-0.094785035815095,-0.613074994232254,3.888634763607288,4.244088539663385,4.807978200386260,2.445353701355056,0.698827858976181,3.177624105347648,4.725616891410133,3.736652806991576,4.748041997715496,4.701420984633777,5.586118207869614,1.506411078477472,3.219153394518365,5.347796371894431,4.324735583732405,3.429315174198013,5.220198191971758,5.248476841459673,0.122147858997045,2.917901009027121,4.380391368732917,0.913484693149733,5.357443754425901,5.299037623128985,2.195702623935749,2.312234425503826,3.169020710376502,3.763514191135947,7.189486018996336,2.908324860454756,2.642578086344631,6.806840564070296,2.450191771106527,3.126274712452468,0.706186789751968,2.528761992794237,4.331042223213735,3.805381989425099,
0.328803081544527,0.012048775983867,-0.091310189582171,-0.615939348816680,3.888782854258548,4.242960016872171,4.812053542251485,2.449445133055079,0.700209765681389,3.175976748041561,4.728340903118817,3.736245597661139,4.748389531789982,4.698155391327083,5.584065722041167,1.503664414257832,3.222365415404877,5.345414596799375,4.325863918947888,3.426102153673773,5.219919964631214,5.246627884637824,0.119965876417999,2.916208078084598,4.380725390465081,0.915177019496626,5.356976189110291,5.302840027120376,2.195270851871893,2.314435236279054,3.167994779059760,3.762912455172466,7.188997539244641,2.907597522168383,2.645098048906148,6.806315003175981,2.448079504126138,3.129750512213076,0.705466088306311,2.527008551386623,4.332391117148599,3.805381989425852,
0.322346079923289,0.012523597543387,-0.086601120030869,-0.619789590887934,3.888941433542124,4.241556732328750,4.814910302067019,2.452104213099973,0.701411575263470,3.173634182584474,4.729122777521166,3.736165295613392,4.748488168447322,4.695868235118606,5.582693171569397,1.502885473736491,3.224611747813953,5.343234195375150,4.326742382163696,3.422200278275419,5.219301189311823,5.246947282779488,0.117465600826262,2.915038797200614,4.381208311026800,0.916120866843990,5.356191305273338,5.305902278167791,2.195204161473812,2.316887876250970,3.166995136215749,3.762952472008297,7.190620870636826,2.907080193296939,2.646624366820726,6.806248961493113,2.445707389999245,3.131786860633852,0.704697286935619,2.525285501667094,4.333380634522895,3.805381989426528,
0.316334658009940,0.013603214838510,-0.082590287269790,-0.623531935205064,3.889135960577071,4.239764412205711,4.817413164284816,2.454452163074824,0.703800771410449,3.169801656775340,4.729539746271181,3.736166663140756,4.748314164157876,4.693872771554905,5.582159198997962,1.502431849521676,3.226579510801441,5.342239893693210,4.326857419382245,3.416862206326435,5.219823300854909,5.248657181057300,0.115236462393694,2.915238430538851,4.380642898704934,0.917316291851687,5.356428333045412,5.311338757406882,2.194173956099379,2.318012506116054,3.166953944740400,3.761528460871041,7.193771492896852,2.906764828798117,2.647964124293044,6.804168073934469,2.444643029229540,3.134553110222055,0.703784303928984,2.522933129226100,4.336521479458857,3.805381989427177,
0.310473165824359,0.016992819537581,-0.077955540060651,-0.627663332077377,3.889344495917823,4.237764874262080,4.819222297628303,2.456008494694776,0.705676744417144,3.165705933768070,4.729029563696097,3.736324704962573,4.747854302311425,4.692536942374322,5.582413101426404,1.502907058069333,3.227897632258668,5.341916218039763,4.326579399129694,3.411247258967151,5.219976675862640,5.250873204229037,0.113450850193632,2.915411070728330,4.380128058742357,0.918656030402179,5.357549422138809,5.316535568328545,2.193156937042544,2.319195804983956,3.167523209661211,3.760963157089407,7.197297071777835,2.906142096576216,2.649066023902805,6.802115079454147,2.443505451078709,3.136579853852504,0.703741942778123,2.521496716247793,4.339666960215912,3.805381989427774,
0.305162442591490,0.019482256033029,-0.073741829268882,-0.631801236067731,3.889543962232267,4.235915692424658,4.820501286594052,2.456965330544528,0.706836721523288,3.162381131925850,4.727982426654115,3.736562171881214,4.747447486652050,4.691658419839505,5.582659304087185,1.503946532078331,3.228770152070429,5.341960268928600,4.326451951440502,3.406297283199218,5.220065940190850,5.254981630228595,0.111599006735338,2.915702312083033,4.379233565371453,0.919895533348198,5.359189870227768,5.319757904407466,2.193071796161729,2.319096097770681,3.168192707459024,3.760408954935950,7.202667055448220,2.905515186174403,2.649934225127788,6.801339819563103,2.443617030433269,3.137344976316854,0.703599786045959,2.520157692539061,4.341463056911341,3.805381989428180,
0.300332135887953,0.021583759360562,-0.070038278497721,-0.635456984666293,3.889767640676014,4.233997384610879,4.821353605116419,2.457662037359567,0.708043710736223,3.159213340122601,4.727014974777919,3.736771839497434,4.746997870450739,4.691181531238313,5.582862466827277,1.504946326790814,3.229258697358296,5.342413086850529,4.326468738168188,3.401502326512526,5.220077496223576,5.257220475126969,0.109124733214989,2.915292001653354,4.378502141420535,0.920359207325112,5.360313552108075,5.322933480982934,2.193014748230658,2.319169478605133,3.168628991335307,3.760166660593825,7.206086192602161,2.904777355166153,2.650231437865286,6.800630149943007,2.443545849915520,3.139406877613919,0.703832799522334,2.519283579143276,4.343185508741558,3.805381989428539,
0.296222230728533,0.023394044995301,-0.067062850119415,-0.638638500465925,3.889981999429477,4.232192731270307,4.822013209879640,2.458143875704098,0.709128337227015,3.156275689095057,4.725908465706228,3.737008536930428,4.746635390902738,4.690840585002662,5.582908791417608,1.506079218820150,3.229616458048051,5.342875576262681,4.326581913935259,3.397347005863764,5.220313255646674,5.259781021423884,0.106609582746415,2.914659468701962,4.377978452556594,0.921300437917894,5.361594470205044,5.326340372579243,2.192790367041598,2.319047473115881,3.169194908518937,3.759626915541063,7.209644707069567,2.904264283773909,2.651034937302136,6.800003349890857,2.443649210224537,3.140334119533569,0.703911387064871,2.518284322811227,4.344812380116919,3.805381989428922,
0.293415936794381,0.023781143210015,-0.064765126893041,-0.641647646392822,3.890160263303104,4.230592807575126,4.823275947961300,2.459517783547140,0.710521552012842,3.152827771960543,4.725824026754354,3.737025498999120,4.746460716474344,4.690033181017537,5.582830263200256,1.506247887769202,3.230442428388402,5.342546390542074,4.326895947018636,3.393760591714166,5.220766661566590,5.261830993351337,0.105185656250693,2.913945683089444,4.376447499934348,0.922130543039975,5.363294482207679,5.331140808157233,2.192234496247168,2.318637240156264,3.169549275632547,3.758819877119931,7.212819367565611,2.904491536063220,2.651346435158745,6.798916293947189,2.444038972971087,3.139883027519116,0.702291837384387,2.515611025317047,4.346904247805577,3.805381989429446,
0.290757033122709,0.023625323432914,-0.062735013097488,-0.644603892087860,3.890342552024059,4.229163727941504,4.823617632007636,2.460585017103085,0.710290926309227,3.150984450010664,4.725080910690759,3.737176729670704,4.746472113756645,4.690201964674680,5.582748979300067,1.507004143430210,3.230318631714470,5.342743428823364,4.327487987854418,3.391853695610147,5.221229124994053,5.263643299300083,0.103227327901740,2.913832895336104,4.374820291555594,0.922831157211357,5.364794958038773,5.333939940731510,2.192545053092777,2.317994192128578,3.168778847952022,3.757826851507699,7.215832471339175,2.904308166294668,2.651633613810639,6.799057989257948,2.444639067225575,3.139272275674490,0.701370997326248,2.513749979621427,4.347563167805584,3.805381989430122,
0.289488516489780,0.024018103383428,-0.060347590209123,-0.645333297534029,3.890539786546637,4.227974922642323,4.823606533024448,2.461484288857452,0.710360152880316,3.150840389179035,4.724158302980912,3.737337115081828,4.746707031436319,4.690731499660849,5.582332629896536,1.507976195731914,3.229850226440761,5.342875348569268,4.328583775747634,3.391324835734513,5.221718277330930,5.265362671942141,0.101142447540795,2.913825203515688,4.373792330890486,0.923534203057295,5.366030300577109,5.335523023330953,2.193197424540946,2.317519191993528,3.168020021456280,3.757102666067917,7.218400995018787,2.903749767345500,2.652043941283712,6.799307876042637,2.445063514629808,3.137879648932619,0.701096824282729,2.512564733904867,4.347978512953576,3.805381989430835,
0.288348045797235,0.024416344368793,-0.058230117098328,-0.646013613133331,3.890761659388753,4.226635352386462,4.823514331923305,2.462229234361837,0.710897256879747,3.150268255637354,4.722580437216794,3.737553387750039,4.746865565831213,4.691368118799299,5.582095921119178,1.509676384041728,3.229273113705496,5.343285033826350,4.329450860784089,3.390227491098896,5.222464273042577,5.265650133597989,0.099997435076042,2.913915864832191,4.373210752793045,0.923710411168665,5.365893751570830,5.337142027487817,2.193709238486725,2.316987230858595,3.167609313460370,3.756222641419327,7.219574757562576,2.903357388780875,2.652600379516890,6.799393187969768,2.445539423410868,3.136942255415200,0.701053414818421,2.511732870576288,4.348549428471060,3.805381989431444,
0.287992147037567,0.024338427518923,-0.056225548572937,-0.646597805444829,3.890946652982159,4.225663502298844,4.823381765376900,2.462797990701276,0.711505762863995,3.150392911539476,4.721184657536511,3.737738373219442,4.747307989229225,4.691973911482728,5.581923739081089,1.511205394192437,3.228724741345646,5.344003576167804,4.330129898066359,3.389306486077984,5.222604943119032,5.266884320612452,0.099324252345812,2.913490412509665,4.372108996403129,0.924347458160731,5.365922712371564,5.337770597387900,2.194423757064286,2.316048805185609,3.167335430856522,3.756232560298004,7.221682580099589,2.903102469794774,2.653576624284764,6.799752565597871,2.446425232846095,3.135281348211781,0.701025307344637,2.511101314018416,4.348769897303058,3.805381989432107,
0.288149740054671,0.020072479958326,-0.055088260040572,-0.647375262145100,3.891119142388337,4.224754348363057,4.823247915006067,2.463351082419830,0.712056602718365,3.150978151719299,4.720016183370848,3.737893863439378,4.747692129804416,4.692605074343851,5.581511170710851,1.512494514643285,3.228144701129285,5.344608937528003,4.331017013347153,3.388538426606452,5.221070240218078,5.270774379726902,0.098458572756113,2.913405370600665,4.371241058823244,0.925055956523924,5.365920650793005,5.338363235275571,2.195427753523837,2.313418041669114,3.166572909635534,3.757794467590147,7.226906014613590,2.903372113991823,2.654397760350390,6.799953671394837,2.449021570845020,3.129674573002900,0.700149699914716,2.509538934429780,4.349266538768088,3.805381989432691,
0.288429128202091,0.015148189751570,-0.053365253826322,-0.647932156819450,3.891316490930358,4.223666564560041,4.823446958990343,2.464465184676806,0.712696613082976,3.151835318833271,4.719334287732797,3.738014952937077,4.747912634122415,4.693130045619539,5.581953683047155,1.513231588596845,3.227674890731838,5.345741513295640,4.331223370802521,3.387473839118058,5.217996871361717,5.273847967824830,0.097930200366231,2.913426502130535,4.370040608753326,0.926240946677937,5.367325651883201,5.337936632475072,2.196564675522543,2.311050866007170,3.165368098622352,3.760815788544493,7.231232393161268,2.903389807946193,2.654735738613652,6.800284101616207,2.451378748120060,3.123899935038789,0.699789596086730,2.508563223929697,4.349522749506068,3.805381989433214,
0.289076294011806,0.011064450274135,-0.052615393985094,-0.647944669058687,3.891509985086926,4.222720946236840,4.823325788278775,2.465131473339280,0.712655737475999,3.153683797449085,4.718309517534844,3.738165068604803,4.748215929751937,4.693918683989690,5.582157476923003,1.514351112271043,3.226948282729493,5.347026011666145,4.331689049553937,3.386654250714178,5.215029531067996,5.276214144329939,0.098270355742438,2.913422746863832,4.370083445894062,0.927472257181475,5.369079661242814,5.337543323212981,2.197566651498056,2.309077127780304,3.162807225921631,3.764643434336520,7.234902266857865,2.902205288563364,2.654848290736149,6.800240981120545,2.453398152029842,3.118372036257734,0.701083034807844,2.509195126477970,4.350091885649777,3.805381989433871,
0.290865474460645,0.006624593961058,-0.050960604957416,-0.647346743781478,3.891706639851677,4.221867176634183,4.822663827786936,2.465442613446344,0.712571461145794,3.155982981685177,4.717095900676918,3.738337292691391,4.748684650383201,4.695220630489388,5.581765873252552,1.515665964984255,3.225708716469159,5.347875357339460,4.332736611728820,3.386630005782252,5.212153518507450,5.278235818616463,0.098421254158969,2.912979069100484,4.370298772307672,0.928581345130160,5.369954127191733,5.336390739113816,2.199030698496698,2.306796224338141,3.160233954530977,3.767126739114777,7.238007346555730,2.901657347097996,2.655329441403966,6.801077304532695,2.455709197313138,3.113274135583941,0.701608335879727,2.509285188076454,4.349729543964828,3.805381989434661,
0.293398019990688,0.002684078813063,-0.048586520234195,-0.646362856909633,3.891862190103326,4.221426524886780,4.822189936444894,2.465702383511781,0.712143391147616,3.159249298022317,4.716025946769154,3.738468461543988,4.749536411595116,4.696261580321798,5.580589016043990,1.516895784886430,3.224720519596431,5.348252806958459,4.334340327602023,3.387564940139917,5.209678198879625,5.280607147118078,0.098577872564360,2.912320606783239,4.370434043871144,0.929680702399328,5.370595763435688,5.334447973755156,2.200910974635406,2.304660057080032,3.157945147359272,3.769236612259887,7.241640169639199,2.901152633923676,2.655989711516238,6.802567933887739,2.457869418349625,3.108869002924757,0.702116963612128,2.509455089272801,4.348628957088955,3.805381989435349,
0.295047191389089,-0.000583836271272,-0.046842059779585,-0.646381069258396,3.892047737584076,4.220666797494458,4.821725763577412,2.465982031134777,0.712120294536808,3.161953565661569,4.715367966994691,3.738538653097794,4.750103407559897,4.697251522738101,5.580242429368591,1.517706453806600,3.223769193959605,5.349377986967308,4.335164101872001,3.386860450064705,5.207120704608472,5.283926289952911,0.099955836889409,2.911819400990187,4.370979532570378,0.929957828583105,5.370187595002561,5.331503199031153,2.203079627001016,2.303038324890694,3.155962194301918,3.771359560349988,7.245890848333051,2.900830981238157,2.656365968988684,6.804299992688462,2.459507050296168,3.105523632707922,0.702601143124359,2.509711382167074,4.347211074283245,3.805381989435721,
0.296754099512787,-0.003478940299378,-0.045128254789240,-0.646051826550290,3.892259311674792,4.219739105687089,4.820993650675139,2.466117108435057,0.711868050635998,3.164567852400029,4.714649799076035,3.738628241612178,4.750448525378856,4.698504442402664,5.580375637748343,1.518548651294605,3.222557751006074,5.351090746739479,4.335695340452012,3.385960983123305,5.204298501740596,5.285613481026167,0.100142154895382,2.911425880400376,4.372006275081877,0.928594225909643,5.369068910117597,5.328760177522150,2.204939724072709,2.301632609847906,3.154632559612009,3.773987923479670,7.248683735908291,2.899737606205735,2.655335719248346,6.805697771532592,2.460937811603825,3.103338870325621,0.704196854364784,2.511032715218103,4.346071533818971,3.805381989436039,
0.298541312430942,-0.005735364521701,-0.043736978080115,-0.645608502409290,3.892517257332778,4.218525708755183,4.820180907602865,2.466064088096962,0.710837504241283,3.166966542191326,4.714148407815470,3.738671954903397,4.750743297913784,4.699818614133100,5.580754515160937,1.519193146516111,3.221297183197554,5.353548001538712,4.335890270826400,3.386078729993856,5.201777262015247,5.286218388292641,0.101200252564784,2.911186390214797,4.372993994733015,0.927536670708722,5.368818448443400,5.326382400369575,2.206675810658792,2.300902380050182,3.153627202895290,3.776311206334429,7.250461427760206,2.898155605252530,2.653828333569592,6.807239372437135,2.461692624535746,3.101712420793475,0.706640893831458,2.513105345134099,4.344866759427235,3.805381989436226,
0.300216306448226,-0.007645847685871,-0.042498976377549,-0.645265380639712,3.892796491451993,4.217208187525053,4.819006482981294,2.465527836692686,0.708500835228498,3.169665557666227,4.713319172978948,3.738730669515506,4.750887284348348,4.701324787673729,5.581414719584607,1.520214208523257,3.219872598319001,5.357023809830331,4.335937403725802,3.386707706928277,5.199767956225656,5.286027010013212,0.103332310126876,2.910600853382299,4.374385872035250,0.926356366185444,5.369655365090609,5.324401366113794,2.208181384495738,2.300297211751734,3.152637011776551,3.779270561976981,7.251666311416685,2.894930073334663,2.650914933830439,6.808682114301956,2.462322477825392,3.100710338095277,0.711404899846958,2.517361782248415,4.343704545712405,3.805381989436378,
0.301840853229297,-0.008873408533604,-0.041221777175191,-0.644607450798789,3.893074623043074,4.215865533385416,4.817384950899271,2.464964823680608,0.706436272773987,3.172132543466397,4.712632761614735,3.738777728673787,4.750929815985130,4.703319159515317,5.582040197391536,1.521048610633162,3.217959336906533,5.360380264561422,4.336203947616831,3.387743787811981,5.198955461141431,5.284368816534775,0.104263006283741,2.909583165796607,4.375318749179948,0.924486703039882,5.369743350927359,5.323085174168062,2.209469470198216,2.300180598829084,3.152622394134546,3.780670820538375,7.251439334366477,2.892359763274324,2.647848268668072,6.809616806866609,2.462499126675724,3.100992861609372,0.715557519596174,2.520940621976008,4.343054384092313,3.805381989436628,
0.303874524242652,-0.009856631666087,-0.040744686519613,-0.642966086172271,3.893394866467144,4.214297395634455,4.815961526522913,2.464477616635049,0.706392545399385,3.173434604434033,4.712375749678015,3.738777920354853,4.750891410922727,4.705101360037340,5.582342024420489,1.521435277552646,3.216253201260906,5.363427749564204,4.336703446470263,3.387429175599691,5.199900405669191,5.283266172640014,0.105508252408605,2.909733794131081,4.375375107997419,0.922542965706984,5.369934573771125,5.323956558109709,2.210112300313829,2.300245468732397,3.151920791659716,3.779697792310190,7.251799089596189,2.890960971988375,2.644377427203749,6.809290238624294,2.462513325448774,3.102845498713277,0.718334887097531,2.522908100675941,4.343899621013950,3.805381989436772,
0.306296926771431,-0.009026965093302,-0.040252223324156,-0.641180071060057,3.893661447928339,4.213228655371072,4.815700176604029,2.465240169478719,0.707624864691683,3.174380011366779,4.710195072866878,3.739033406328967,4.751364531593418,4.706041997655415,5.580761066755929,1.523742319549889,3.215369878213098,5.365245737350857,4.337924790293530,3.387414990485525,5.201086013504456,5.284940134613169,0.104877252277204,2.911391608954284,4.374035606570160,0.919627344172696,5.369236215583626,5.326405271677801,2.210454816246580,2.300529555824250,3.151671254425998,3.778286628228658,7.254672420914762,2.890167421792610,2.639132505767738,6.808698195296010,2.462301973930161,3.106500263742147,0.718743170369755,2.522171202021347,4.345227884791971,3.805381989436790,
0.308178961709957,-0.008310180155860,-0.039722602665276,-0.639071089963838,3.893952471162313,4.211934363290829,4.815191420325130,2.465578479294694,0.711020039605163,3.173585580674859,4.707950152743555,3.739275726974121,4.751764428377166,4.706982674235018,5.578530552004043,1.526133365743071,3.214480737496249,5.366395082812132,4.339729285135401,3.385873041431271,5.205324489515970,5.285804158791939,0.104787852620437,2.913774303767585,4.372917203263043,0.916845773093186,5.367509351999426,5.331777342030013,2.209876058966391,2.300184981535403,3.150851714418581,3.772706761349077,7.256914111924667,2.891101127844958,2.634988404416964,6.806462517430968,2.462663648151508,3.111614682256316,0.717281254707890,2.519467529679618,4.348429081536219,3.805381989436716,
0.309676316366407,-0.007295755335537,-0.039710028862762,-0.637384191520647,3.894272633347099,4.210310864492820,4.814870125028555,2.465990647136804,0.715160499647336,3.171986349565771,4.706177958506363,3.739458791459839,4.751839834882676,4.707683342001758,5.576805584094281,1.528059496477440,3.213829299161415,5.368093650351592,4.341039196342947,3.382816824870949,5.210207226472644,5.285566176344116,0.103896731585583,2.916251385424914,4.372091003995845,0.914097805719016,5.365098682917009,5.337679088406548,2.209048453069308,2.300119018879363,3.151393407992271,3.766146727402969,7.258242502918055,2.892785541031492,2.631285870484718,6.803785468557967,2.462790477546094,3.117109438530765,0.715328871491223,2.516454134938304,4.352091517596604,3.805381989436734,
0.311366180891972,-0.005877813137565,-0.039535607427742,-0.635603107375843,3.894605129187166,4.208611954440398,4.814926084741257,2.466517659100274,0.719690387246918,3.170059431928200,4.704856616956501,3.739572838827545,4.751859746412691,4.707952694743374,5.575194439263940,1.529623024011453,3.213590275326346,5.369930452599285,4.342073581160022,3.379122766251635,5.215080599442353,5.285300964192650,0.102660666184650,2.918646027443073,4.371962064635397,0.911507540857466,5.362248639333223,5.343882452219638,2.207889877022726,2.299828794892126,3.152104514058584,3.760116263073634,7.259437191129889,2.894200487779568,2.628199239215763,6.800848944869561,2.463119611423283,3.122774521474545,0.713942427242970,2.514088994044188,4.355988740227756,3.805381989436917,
0.312827640270476,-0.004593852172014,-0.039456254903390,-0.634473144162141,3.894922581339898,4.206962948778965,4.814843210995453,2.466840672285514,0.722869578671594,3.168647692258595,4.703583715735987,3.739674016949484,4.751799791764668,4.708291327296306,5.573829232630367,1.531137333713194,3.213286525227118,5.371890369413823,4.343089033219016,3.376295392552162,5.219472497017597,5.283402271981500,0.102239890070532,2.920581638103870,4.371884783993608,0.909544713069542,5.360337980607172,5.348630342186122,2.207418197687271,2.300200216094573,3.152832732692951,3.754721568671110,7.258897293194763,2.895149839273368,2.625198583989271,6.798975304313136,2.462809601133279,3.128564977610861,0.713056850559334,2.512308985053557,4.358799837484332,3.805381989437165,
0.314155378522281,-0.003339065341785,-0.039299241320742,-0.633372217022613,3.895249126522453,4.205204781678790,4.814339901240156,2.467104079062574,0.725270990220583,3.167688176848050,4.701684046033924,3.739885886025988,4.751585041988966,4.709074920387327,5.573148402253158,1.533000579898201,3.212541671966981,5.374116277681128,4.343732511943017,3.374340086590838,5.222980116309716,5.281683803914452,0.101773242277708,2.921394484041430,4.372515589698333,0.908168882502366,5.357942348023009,5.352039941078714,2.207277536917573,2.300383391031946,3.153419188096973,3.750123612186595,7.258209414895483,2.896221652559952,2.623267319049815,6.797677299239086,2.462663675782432,3.133959442557678,0.712319960504761,2.510966908359729,4.360911224902105,3.805381989437257,
0.315378356345728,-0.002198661681853,-0.039155542061584,-0.632494260738492,3.895559846691830,4.203592337049844,4.813454939600152,2.467215839066005,0.726278696230313,3.167564706315495,4.699899176538178,3.740078406535349,4.751400175170063,4.710260041768379,5.572480823398473,1.534793603033957,3.211405102722364,5.376705205116441,4.344470442898712,3.373527275319971,5.225885123608374,5.279581349345509,0.100360327767858,2.921778749393086,4.373532427813664,0.906604858034951,5.355610048867232,5.354709765418296,2.207369478461363,2.300930491102248,3.153703487775576,3.746508970478146,7.257253861257066,2.896434244236309,2.621349221491733,6.797074134303718,2.462151384705189,3.139405490980956,0.712767654637910,2.510918577132126,4.362282518505254,3.805381989437428,
0.316863410644707,-0.001073885031300,-0.039594640037114,-0.630906524945493,3.895848880336716,4.202253505624359,4.812622135028515,2.467311308056671,0.726883876065380,3.168573224249195,4.698299262621043,3.740249972990487,4.751392197864209,4.711392281327021,5.571322391060703,1.536408005653793,3.210319826885876,5.378890926330892,4.345723674151499,3.373567796456983,5.228332043647502,5.277984323356516,0.099499432725099,2.921483874141091,4.375248221376614,0.905694262514800,5.353526728475527,5.356968095166309,2.207502666564440,2.301108417354635,3.153520873003309,3.743526161883190,7.257040089919553,2.896259812827176,2.620131845769296,6.796446601326848,2.462006211306011,3.144113465755327,0.713663997686752,2.511367553841246,4.363612303234326,3.805381989437493,
0.318311107918476,0.000426904711635,-0.040005333551098,-0.629353375537613,3.896126211776263,4.201016464849327,4.811642678575084,2.467345230570596,0.727202128965389,3.170008908005133,4.696569192007254,3.740437955376761,4.751439457880594,4.712666862680892,5.570352604012418,1.538101628109872,3.209098294954953,5.380912020358707,4.346965667309449,3.374114760717735,5.229855358441321,5.275277639156963,0.098665278830249,2.921014396561810,4.376646326418581,0.904747692729006,5.351096134409394,5.358247657153711,2.208028729505188,2.301645528404586,3.153481097290544,3.740762970827701,7.255065057469680,2.896726253449827,2.619209629176237,6.796348165085840,2.461527219490621,3.148989303029137,0.713943838582833,2.511330306376935,4.364306881825057,3.805381989437672,
0.319731955218079,-0.000576162961012,-0.040205735510532,-0.628340878237974,3.896393637414678,4.199721040904509,4.811027434278776,2.467502288257363,0.727437632291050,3.171212813146393,4.696050132049328,3.740486457060436,4.751369927163454,4.713537010856446,5.569895692077577,1.538746348663659,3.208277585298274,5.382893826837148,4.347803228783508,3.374206317021410,5.230849391798813,5.273421035359363,0.098017780200964,2.920825153302872,4.377979582511944,0.903322951888220,5.348709775670065,5.359803812952610,2.208373953444116,2.301985196333308,3.154608034069136,3.738692143763610,7.254010851968714,2.897015895172755,2.617869954771106,6.795869978573502,2.461268531039538,3.153287621073915,0.714433120589531,2.511473127946938,4.365379976299258,3.805381989437684,
0.320857640795779,-0.001620404033095,-0.040363371599636,-0.627605647350101,3.896672478582407,4.198324279273138,4.810250851264186,2.467625290067814,0.727812074295988,3.172172407816143,4.695353021039867,3.740559272276369,4.751125565829220,4.714564833747855,5.570286865152612,1.539490832966273,3.207299385989745,5.385648662450651,4.347886399026331,3.373637907777586,5.230356262074170,5.271541098986778,0.097606220284524,2.921581909086086,4.379725635600128,0.902331630576814,5.346464693815567,5.360293658352853,2.208904646690942,2.302038468983108,3.154404809710513,3.738115551688661,7.251948062356441,2.897057052314340,2.617092941119509,6.795848702211753,2.461201043494563,3.156589801478402,0.715138658602581,2.511924425231744,4.365960276888807,3.805381989437469,
0.322545197388989,-0.002498860359284,-0.040760839478805,-0.626929786964140,3.896969363077885,4.196807016749175,4.809248079986870,2.467451177930332,0.728179218967016,3.172973113103296,4.694643789274432,3.740631794232226,4.750918172433637,4.715682668803477,5.571388104756047,1.540239425126619,3.206236363975595,5.389093031715427,4.347368644093770,3.372816407247531,5.229815316939456,5.269538890213009,0.097656238074834,2.921426455955444,4.382595309173312,0.902045397629099,5.344271037254834,5.360801445996862,2.209269663576297,2.302084994906741,3.154241205522422,3.737370748134380,7.249931342411539,2.896838228604361,2.617174618408746,6.795633646031932,2.461145295134671,3.159016504340455,0.716334806470370,2.513091504428397,4.366692663014568,3.805381989437263,
0.324454847380121,-0.001957162903901,-0.040963931073398,-0.626094526787702,3.897279771128631,4.195230282922616,4.808047488697594,2.467256966106986,0.729298190620276,3.173209025690507,4.693407852960083,3.740760238104457,4.750752858494864,4.717016302218979,5.572545591661972,1.541431907196113,3.204954796246129,5.392653785161070,4.346776022040864,3.371617373666099,5.229542816350250,5.265224940622477,0.096325451120367,2.921818778241221,4.384964581042041,0.902322328971423,5.341987796198782,5.361573617735319,2.209599248538166,2.302405967332476,3.153974578453819,3.736495349228624,7.245772769293458,2.897281878296909,2.618073086671232,6.795296070209307,2.460817453941909,3.160405477382285,0.716806990329915,2.513440961075212,4.367586150442073,3.805381989437327,
0.326158048345789,-0.001446276913581,-0.039925394615005,-0.626339304960271,3.897552772773507,4.193887174021327,4.806559575633659,2.466708958859103,0.729919532848457,3.173418861179590,4.692213673662474,3.740886294973818,4.750827858734414,4.718479013003932,5.573855868953830,1.542573047314721,3.203529413159822,5.396334774518138,4.345935842993343,3.370604446160544,5.228807724610402,5.262007940808610,0.094916219069389,2.921483312320323,4.387446437687454,0.902175866406256,5.339069350201563,5.361449999261382,2.210233570288135,2.302962508998706,3.154359233297619,3.736366408533646,7.242711970638910,2.897603075455878,2.618753656283549,6.795839941636681,2.460207074998564,3.162149645470111,0.717453994047929,2.514087858785264,4.367531383051656,3.805381989437520,
0.328790318892907,-0.000754498641748,-0.040149951348221,-0.625587556455755,3.897825137563939,4.192606112282912,4.805268339995520,2.466266175328622,0.730231573040442,3.174444364157837,4.690796778809665,3.741028044822055,4.751066120003281,4.719820581599308,5.574876282849114,1.543939201639215,3.202221439335772,5.399762657699159,4.345338177724934,3.370464347818907,5.227188152948757,5.259225876725962,0.093791102877828,2.922043270134436,4.390240596326225,0.902263196793269,5.335702469959960,5.361120860258529,2.210880241299557,2.303165523967260,3.154082726150135,3.736536683280339,7.240236325965198,2.897902913064837,2.620123613340615,6.796446182966679,2.459969264280605,3.162938442323425,0.718088905277841,2.514849208281146,4.367363637466666,3.805381989437651,
0.331469927359339,-0.000645480898997,-0.039773363929600,-0.624420310922750,3.898127523322553,4.191266152110025,4.803814531711289,2.465928988817225,0.731165458148964,3.175489936957085,4.689558331492186,3.741171996042815,4.751598107094669,4.721362472685322,5.575086469108824,1.544902025640327,3.200720746574794,5.402635659958896,4.345493558008308,3.370838470945106,5.226363969644419,5.257187337138805,0.092836075557162,2.922771275244921,4.393182425844990,0.901614263088039,5.330950215280714,5.361162451869792,2.211502174980046,2.303322928384114,3.154223055568362,3.735731193610971,7.237822999977793,2.899753573350404,2.621251920330090,6.796758042797308,2.459803882162683,3.164330752875026,0.717638533889622,2.514515733117208,4.367547734046145,3.805381989437465,
0.333894475391906,-0.000493323592395,-0.039066625286150,-0.623538603358362,3.898452134479188,4.189720905356229,4.802720198708861,2.465786136437075,0.732588311458915,3.175654610625693,4.688567549065456,3.741296357862359,4.751976078806346,4.722665415103977,5.576022568587667,1.545631224094884,3.199461829532665,5.406167948657554,4.344826725403250,3.370200711542257,5.226139456074510,5.255830887549547,0.091009690096014,2.921871078116207,4.396617250551550,0.901637965887502,5.326164346596464,5.361307716688444,2.212059779809715,2.304104365874266,3.154912401877151,3.734287570634442,7.235909542409046,2.901923424671476,2.623298429829982,6.796971889823459,2.459008851640489,3.164603648510231,0.717081078139302,2.514261913928004,4.367847397862766,3.805381989437150,
0.336486379446254,-0.000728778202496,-0.037578271477589,-0.622622415560794,3.898780323689573,4.188196132970752,4.801551772150472,2.465620969941081,0.733789073902511,3.176068800576012,4.687382836400834,3.741444494549275,4.752378510290356,4.724045808775386,5.576724585543653,1.546376887468392,3.198116317598408,5.409530671571134,4.344444814103477,3.370425672467802,5.225430940147150,5.254634867535040,0.090117716265316,2.920889171372506,4.399010309179819,0.901698206393190,5.321621903624954,5.360669473406221,2.212907417433772,2.304900835121125,3.155759490058931,3.733185940265515,7.233678938206308,2.904380737106138,2.625281538741809,6.797595760658093,2.458246631294324,3.164972488362693,0.716150198465908,2.513623935836395,4.367731983684170,3.805381989436597,
0.338503910721451,-0.000950255001708,-0.036715688989541,-0.621564297267351,3.899083172409587,4.186921826741410,4.800239318543487,2.465325545266166,0.733746184620986,3.178136044286262,4.686281966314708,3.741575746536411,4.752883127586664,4.725499663102018,5.576874563333545,1.547103210417190,3.196702534727951,5.412595831165099,4.344683569818615,3.371784439950703,5.224875323161236,5.252972737955950,0.089668806721421,2.920270168097180,4.401747986687963,0.901230987987804,5.316836312461270,5.359609606337209,2.214057475781339,2.306024370133317,3.156095146887246,3.731974259979477,7.231129133687426,2.906255906978128,2.626678529453416,6.798598734709427,2.457198673283137,3.165218840094151,0.715762143307602,2.513535415744362,4.367293929075351,3.805381989436211,
0.340306398310713,-0.001527420794983,-0.035924740506163,-0.620745529093647,3.899357943932800,4.185816140761939,4.798841284303847,2.464921298202794,0.733162537155730,3.180374973349880,4.684846506658089,3.741716482327073,4.753389273062631,4.726900702834053,5.576708578332466,1.548216972918977,3.195349260173481,5.415591254842076,4.345155337350212,3.373466066053033,5.224145805644363,5.251518768103333,0.089434655137385,2.919585080947772,4.404032309041931,0.901117092277017,5.313294184494717,5.358400768281002,2.215328001538581,2.307112067327926,3.156706847163562,3.731644358957694,7.229011106470603,2.907669445958093,2.627455959323303,6.799848030536125,2.456176134646650,3.165216885825453,0.716005031270109,2.513891966260261,4.366661515136710,3.805381989435797,
0.322413281819129,-0.006449082304273,-0.016173883441047,-0.640537010764790,3.899441607552990,4.181574336047049,4.798899302723577,2.465154481246027,0.725531231676485,3.168966760302534,4.684258191935856,3.741857731902308,4.750428371427376,4.726932676236176,5.590892217711525,1.548213070964388,3.195286540377737,5.430985917320037,4.330830579232948,3.363250052791536,5.223624132368494,5.256122619165412,0.073612712454710,2.917529797449337,4.403407832986521,0.895533298268107,5.305964095649032,5.344328736369016,2.223231326579015,2.311672963354665,3.162569982174523,3.740955312493426,7.219350356985314,2.911749203446306,2.636669055248628,6.810935943871246,2.451779603944558,3.166997624278983,0.710996380742552,2.509597111445477,4.355309927209619,3.805381989435494,
0.306918180927951,-0.011701218772407,0.002218494282896,-0.657839801140669,3.899541277430702,4.177662352334695,4.799063178076836,2.465417946812634,0.719191696640618,3.158817412622631,4.684079430527633,3.741956180814221,4.747843210136664,4.726864669784795,5.603183357650309,1.547918167553772,3.195322396404706,5.444576233943540,4.318347412802678,3.354407716846723,5.223955689039179,5.260625428174383,0.058830954145050,2.915300160774728,4.402690990826520,0.890547340745345,5.299129808576522,5.333037824139187,2.229846913667817,2.315229068757107,3.168668121533679,3.748663583594926,7.211561896869755,2.915682196408505,2.645113416993398,6.819935257208512,2.448380062349871,3.170071108702764,0.706366273907817,2.505396748033418,4.346182794003557,3.805381989435074,
0.292944331769463,-0.016490331252957,0.018823526526043,-0.673460803061607,3.899685949262298,4.173785397476691,4.798935619698553,2.465506338627463,0.713195910560671,3.149756442391522,4.683873034442636,3.742048003812465,4.745359756506694,4.727018292344460,5.614486184605233,1.547698811414406,3.195146222756825,5.457199607900378,4.306993230353629,3.346225421777589,5.223629927528854,5.263471563438954,0.046059600232530,2.913167390496126,4.401995451048138,0.886081098581237,5.293557335013205,5.322546082979930,2.236017213076221,2.318448248631100,3.174161151225606,3.756163564292301,7.203488123565592,2.918869709471123,2.652152349618875,6.828246834768809,2.445297549807242,3.173352690975621,0.702916738776923,2.502223925954425,4.337786595918025,3.805381989434683,
0.282455083714180,-0.020094059433606,0.035581521725631,-0.686783021986236,3.899783256510682,4.170724887093672,4.799770888422032,2.465563213174729,0.709290610837828,3.141488028267877,4.683579103453908,3.742140497275477,4.743584715611039,4.726068999473101,5.622704252696258,1.547575858980351,3.196052501999249,5.466837725986525,4.298191765446536,3.339286966546196,5.224186814049071,5.265754263022581,0.033753650002886,2.908779461006355,4.400576206767953,0.882503148703881,5.288556665095433,5.316285351804552,2.240377177688743,2.321232450667738,3.180899965389051,3.762295931323122,7.197027827663542,2.921693708573155,2.658863041853675,6.834759510683058,2.442730324608114,3.176716726725769,0.699850745925518,2.499245005952381,4.331303664475495,3.805381989434457,
0.273734861551958,-0.023306124679142,0.051118035576894,-0.698324352520806,3.899876072269734,4.168029527289148,4.800787769516761,2.465660399651060,0.706520115651258,3.134185765355387,4.683073134488875,3.742242347649118,4.742120249404526,4.724921274086300,5.629340989775642,1.547678466771977,3.197154638213351,5.475020697495942,4.290872560007770,3.332942734693287,5.225494117827487,5.267577315967166,0.021974277795836,2.905429927720769,4.398607400306850,0.879327011579909,5.284119059012804,5.312479919302630,2.243633165640913,2.323300572548356,3.187581792352171,3.767346533210734,7.191357023136518,2.924588830179952,2.664863596147855,6.839737755223621,2.440850677683784,3.179148470801517,0.696996258576819,2.496340591191948,4.326368927971250,3.805381989434287,
0.267540116188750,-0.024533388632923,0.064901607090919,-0.707882299001579,3.899936859762848,4.165959269789252,4.802521996342453,2.466101743723543,0.706005300095033,3.127071113367920,4.682370396666754,3.742346112173626,4.741273576495722,4.723090630316254,5.633699963072445,1.548033078841371,3.198921857280814,5.481017822232499,4.285549526696840,3.328007736578899,5.227662848029120,5.269656905391051,0.011489249446760,2.902377179920185,4.394338224899133,0.878399881645453,5.281503169597745,5.311977128545844,2.245881351310733,2.325395834717784,3.193724982719300,3.771351780797175,7.186799382027938,2.928748195772355,2.671998147566179,6.843275924299631,2.438931303542457,3.177861889996461,0.692779757587868,2.491906819337410,4.322942444917628,3.805381989434181,
0.262714174839578,-0.022584205417446,0.078171064541604,-0.715646068240827,3.900001009494135,4.164049441460666,4.804142849782473,2.466407142562459,0.707261388335950,3.120114466505072,4.680942539753237,3.742498364713105,4.740537670361905,4.721348977788783,5.636310049760189,1.549077689842655,3.200602740685555,5.485618145515090,4.281696273072863,3.323805604719479,5.230006814966503,5.271400195814809,0.001690978646220,2.899853905533465,4.389855665873063,0.877345070202061,5.279764681811762,5.314231496580925,2.246918130940862,2.328295631289557,3.201503983159664,3.774309763851152,7.183005567374006,2.932796351334218,2.677841436439714,6.844843635550859,2.436269426310566,3.177317161618432,0.688098885058958,2.486589495734159,4.321598619389938,3.805381989433909,
0.258810425567074,-0.020879853776571,0.089956379618103,-0.722436797663027,3.900079867975816,4.162136595068650,4.805409608622535,2.466548732712340,0.708286635141255,3.114273000549187,4.679749135018199,3.742623026265854,4.739751538971864,4.719899649516608,5.638270876692496,1.549955391680676,3.202009058477996,5.489574738564214,4.278598530263468,3.320400281061107,5.232333386068176,5.273716802706854,-0.006524854908662,2.897369325474709,4.385629254590566,0.876574665029629,5.278850852758037,5.317345889177420,2.247385088351795,2.330810254233302,3.208386013615703,3.776828438576148,7.180625876624299,2.935963717782302,2.682707916879731,6.845781289206236,2.433978322269137,3.176789076423686,0.684777400505231,2.482524715339153,4.320870735540618,3.805381989433648,
0.256130839053560,-0.019250474408555,0.100959460522826,-0.728039593245824,3.900141763725960,4.160520770069112,4.806428178272893,2.466632949965354,0.710143469328632,3.108971506560935,4.678593732914552,3.742739353285151,4.739138691796825,4.718726115253902,5.639807108775630,1.550845366611299,3.203135681165682,5.493046497263475,4.275987909314868,3.317226411316763,5.235025692660228,5.276820342077691,-0.014105618545502,2.895468766662445,4.381032610142094,0.875768929943869,5.278497510288839,5.321776280505287,2.247155325067414,2.333335385066448,3.215550413813444,3.778524148561594,7.179810424515348,2.939094655491858,2.686817546090147,6.845746024255141,2.431667173093214,3.175246305915542,0.681620963122375,2.478636585296166,4.321142766959390,3.805381989433639,
0.254928219516227,-0.016697476060356,0.109629864887898,-0.732638849135623,3.900225004088910,4.158764194889034,4.807513916942929,2.466878897290495,0.712231872741507,3.104585031964207,4.677079715336367,3.742866783643263,4.738450152632494,4.717644693628865,5.640077535959853,1.552130139780880,3.204178141591500,5.495372032919942,4.274622104867194,3.315302534100030,5.237329870979460,5.280269698888511,-0.020558256373196,2.894256029869082,4.375819270675638,0.875218126085414,5.279433961356480,5.327475564850507,2.246638153137334,2.335818112448591,3.219440559337584,3.779730059461773,7.180906269166616,2.942703251314442,2.691004617723283,6.845198293334047,2.429472047575644,3.172638117780835,0.677885607312681,2.474137820889904,4.321908208406427,3.805381989433529,
0.254333207345582,-0.014458147616964,0.117173156137996,-0.736533164489155,3.900316709531918,4.156986084764384,4.808550692845231,2.467138430595220,0.714460186992408,3.100499736965351,4.675812670745897,3.742976741660605,4.737690935861812,4.716630892886434,5.640430403450005,1.553191572497051,3.205155555231373,5.497639530921992,4.273332035097930,3.313370190727640,5.239539062005970,5.284053720457384,-0.026491604869386,2.893547364216635,4.370427082763513,0.874955117330964,5.281071141260539,5.333410217241247,2.245843531061305,2.338022513741215,3.222697415696246,3.780545500987104,7.182653628572704,2.946334183909578,2.694490262071229,6.844191354844128,2.427542022040790,3.169642647025466,0.674383705049880,2.470053527491877,4.323095420186068,3.805381989433382,
0.254550736143210,-0.011507301569949,0.124324323432263,-0.739603692825583,3.900396216327159,4.155371779398306,4.810508767961013,2.467256912362011,0.715849009977108,3.099403131476826,4.674297947898856,3.743096176279823,4.736994590167587,4.714540555218750,5.638766503292993,1.554497158011637,3.207249104788048,5.498039151352249,4.273578165047838,3.313367312173688,5.241443412974617,5.288764977665732,-0.032368561085019,2.892760082089521,4.364678631838455,0.875251324556722,5.283334665291053,5.338921103950987,2.245173145927339,2.339908048885038,3.225059521243152,3.781014610845934,7.185684846128635,2.949155807044902,2.697879550301982,6.843519545544075,2.425883303582059,3.165630080015857,0.671874204512244,2.466980318562801,4.323927695173674,3.805381989433053,
0.254833032434716,-0.008839807583588,0.130681773446187,-0.742326425036003,3.900482219850230,4.153765925397661,4.812146586795920,2.467283203300211,0.716317000824300,3.099486063059044,4.672763060670266,3.743211591576538,4.736261872062151,4.712835929032682,5.637110244624765,1.555845002136461,3.208963215539934,5.498512002903587,4.274008608359257,3.313605256319150,5.243247783535669,5.293557465202323,-0.036682842374190,2.891904828665539,4.359427389877997,0.875509465890231,5.286770888434384,5.343818277171222,2.244501693047234,2.341534603381525,3.227066008661633,3.781959086087094,7.189496478302328,2.950416569885181,2.699515357392735,6.842794184288900,2.424483616954653,3.161475504563534,0.671814924470266,2.466300448009236,4.324720988607192,3.805381989432777,
0.255197832607109,-0.003181995676811,0.136487314259214,-0.744258692207179,3.900585425693273,4.152034410636081,4.813926804453227,2.467397540590806,0.718342070784074,3.098931395537417,4.670468135455916,3.743352454293736,4.735502649796709,4.710968996626028,5.634475305335353,1.557993069441513,3.210832064008944,5.498254488319001,4.275228341391818,3.313413499853629,5.244395100602500,5.298966191166027,-0.040606783163105,2.892374866168130,4.354197321176360,0.875102724544866,5.289985689571006,5.349799443546741,2.243383656195177,2.344365211600630,3.231443994866962,3.783779335385796,7.193489761011715,2.951706068505219,2.700469629054049,6.841139760421849,2.421923759878986,3.158185748495336,0.671277255001534,2.464817064949265,4.326533587062499,3.805381989432590,
0.255512438566068,0.001987062943607,0.141603141191360,-0.745943935541694,3.900700017508836,4.150229146095966,4.815263721519165,2.467215802022549,0.719337402914019,3.099987153299450,4.668112769684899,3.743487993725965,4.734643792047816,4.709459705192442,5.632496228634963,1.560224698220894,3.212349958359848,5.498433088397652,4.276137314793408,3.313422505370538,5.244849647480976,5.303404846679983,-0.043045209021905,2.892593221381837,4.349700166685348,0.874916095441125,5.293503434666627,5.354445065041726,2.242461338924982,2.347107272749784,3.235100108405622,3.786440466127988,7.197020404314485,2.951729261153181,2.700839750622508,6.839760921495157,2.419448764528354,3.154797060418597,0.672855472702620,2.465573876475344,4.327921432654465,3.805381989432341,
0.256599780836484,0.006731338015853,0.145726384199300,-0.747008886676705,3.900807826889284,4.148496795239133,4.816358076969267,2.466934916459774,0.720910770416417,3.100701532835324,4.666151181243867,3.743606847243437,4.733772686071210,4.708167619471848,5.630954963446817,1.562066708371576,3.213652217895422,5.498902565987166,4.276777848775437,3.312875507437694,5.245256195014403,5.308361016774994,-0.045107766985069,2.893102258185951,4.344836918204457,0.874698884209816,5.298010700566217,5.359949346554068,2.240945599625589,2.349530550300456,3.238216282807317,3.789175481479717,7.201356124692101,2.951740740646109,2.700108106575539,6.837588610113912,2.417281804981643,3.151307874007784,0.674808545029812,2.466791244042226,4.330098357870271,3.805381989432168,
0.258137389615775,0.011456602111237,0.149045475429890,-0.747342253228334,3.900890466427965,4.146943627789609,4.817174110150427,2.466559948384538,0.722950376498365,3.101815808437121,4.664245423414515,3.743715868825342,4.732897378379033,4.707195289422641,5.629599407594862,1.563874981313756,3.214641107548116,5.499459990942777,4.277393553372961,3.312782387030457,5.245075064339247,5.312559403804911,-0.046250564148206,2.894063729529451,4.338866639561861,0.874021514002533,5.303986471372809,5.365472497407124,2.239204828946429,2.351917022569708,3.241257669071441,3.792415543072391,7.205270449873764,2.951488041548754,2.697545661466803,6.835013132708248,2.415132952203109,3.148061902890333,0.677367188142841,2.468561412359897,4.332660172280857,3.805381989432050,
0.259802155164156,0.015384835218606,0.152187444198704,-0.747594053231626,3.900952669983247,4.145794437270650,4.816659082620283,2.466197657968129,0.725337785005480,3.102288063824045,4.661982212002966,3.743828167476993,4.732414660957457,4.707731999905689,5.628567044695658,1.565955571787888,3.214128529720288,5.499749465325197,4.277803128151874,3.312471228479636,5.243698991182213,5.317775144790011,-0.045967653130912,2.896612363783797,4.332022651764236,0.872491158238863,5.309554462386921,5.371099810377473,2.237340850771731,2.353828766596720,3.244050381106562,3.795740622058914,7.208480316633289,2.950841805764418,2.694243585149541,6.832459529280507,2.413438005019137,3.143699366489594,0.679419010552637,2.469867508126751,4.335209903924652,3.805381989431861,
0.261700401218160,0.019381344262740,0.155172574945141,-0.747722030726590,3.901020289455154,4.144619735050245,4.816209905174427,2.465969497565197,0.727165780983084,3.103381472923502,4.660024495699585,3.743928019802773,4.731931704638214,4.708220029554552,5.627338838512324,1.567765473586000,3.213669180504244,5.500009893451676,4.278416006770764,3.312569848729574,5.241741712574888,5.322677377548987,-0.046120407076742,2.899743443905990,4.324964719065238,0.870939270740870,5.315580941695618,5.376441980673290,2.235565368448547,2.355572041551122,3.246574545810342,3.799252831959671,7.211617530616098,2.950063203275524,2.690688751249100,6.830203621369083,2.411903145354122,3.139176889652364,0.681688371596137,2.471485820490469,4.337438314513740,3.805381989431599,
0.263431877438054,0.023173334275643,0.157877356412189,-0.747816435937454,3.901107124388701,4.143240841169074,4.815621186241559,2.465648595398991,0.727518286234188,3.106557982354227,4.658537364237954,3.744014942777492,4.731323515465136,4.708864207832957,5.625629539601380,1.569166052082581,3.213063224478627,5.499927615760162,4.279594062766597,3.313137157060662,5.239758337450571,5.326907083337951,-0.047283892308415,2.901939175620394,4.319119300467591,0.868891148102026,5.321067847458608,5.380887819358792,2.233980383972873,2.357464731335360,3.249436129205843,3.803267697318993,7.214659003048189,2.947161540047653,2.686989435974180,6.828201814700645,2.410229241560290,3.135208141835760,0.686602192258726,2.475709079090666,4.339292683005501,3.805381989431377,
0.265073018829612,0.026675633454802,0.160335972490842,-0.747766147833209,3.901190013009716,4.141899743123550,4.815005175124080,2.465403540166077,0.728099834629787,3.109643891309903,4.657098698598993,3.744093933668603,4.730673258398197,4.709547623876870,5.623760782614056,1.570498570629925,3.212421044096835,5.499749104576654,4.280962128933709,3.313769669596356,5.237900767511983,5.331127366854775,-0.046924620472859,2.905395160663750,4.313254726158653,0.867227312136945,5.326766510524295,5.385164448906020,2.232573591828308,2.358991433715783,3.251330274682880,3.806576539269950,7.216980127480661,2.945160926327573,2.683289969260805,6.826241665397747,2.408833406906628,3.131988418613969,0.690508171551268,2.479024211424319,4.341130977031398,3.805381989431162,
0.267113627798470,0.030019191652925,0.162834829819265,-0.747453060706300,3.901253979729354,4.140890959105580,4.814911895878098,2.465228370233245,0.729004919647909,3.112557038013293,4.655900762205386,3.744164956293826,4.730266840658998,4.709651997676501,5.621537254283028,1.571648774836041,3.212342536330769,5.499320835288897,4.282523746812376,3.314153133791995,5.236101795587670,5.335091304801781,-0.046957977696078,2.909366832398955,4.307581302565028,0.866491077974577,5.331716342065958,5.390284764430449,2.230806085416325,2.360448192268600,3.253753393625623,3.809668517105874,7.219385787340513,2.943301820272703,2.680753373286919,6.824168390292272,2.407510661792251,3.129419347676747,0.694500155846625,2.482354357012777,4.343088710402066,3.805381989431073,
0.269117293123190,0.032984367585953,0.164997855926937,-0.747174602438061,3.901318960144752,4.139876046955633,4.814730276438363,2.464980856831318,0.729656850338006,3.115288898834212,4.654600356680027,3.744228510494290,4.729761985569372,4.709842565904488,5.619911973209720,1.572915715412695,3.212183074985752,5.499384341020614,4.283671957511428,3.314579841172919,5.233648737183782,5.336665899397165,-0.046370410512799,2.912873819537365,4.302664233386889,0.865106630091461,5.335394373058764,5.394411071477108,2.229492226867949,2.361968790353976,3.255506829866373,3.813085939094411,7.219670942856230,2.941620305784121,2.677650889282752,6.822641508365057,2.406118644491838,3.127891148839873,0.698280443296350,2.485571244094862,4.344522232285178,3.805381989430944,
0.272018168127456,0.035772600185904,0.166321583825367,-0.746614054018810,3.901380771797512,4.138993031379208,4.814624726520004,2.464847883474133,0.729974065867347,3.118448213145359,4.653711603510370,3.744286661194570,4.729447477816372,4.710031104141094,5.617868205875977,1.573748474845975,3.212027479107240,5.499180750150130,4.285124170178420,3.315550668913437,5.232158399204335,5.337559844156622,-0.045013991714251,2.914809547262563,4.298659832237446,0.864139536065440,5.338797315283808,5.399057279157864,2.227879332170768,2.363343493701993,3.257012270214728,3.816416484182820,7.219709259333542,2.939442538235855,2.675303268022480,6.820956290859443,2.404866972699248,3.127026758412161,0.703005820945448,2.489760486002415,4.346094450550790,3.805381989430865,
0.274696352981206,0.038510790260714,0.167612081715412,-0.746140354280477,3.901445915517305,4.138132723308912,4.814412164568409,2.464732030733634,0.730173894349431,3.121585741307602,4.653241497444385,3.744342806395712,4.729171798780449,4.710346120941786,5.616202032999909,1.574236060331909,3.211744608600214,5.499373826802088,4.286267699748336,3.316198280354695,5.230415442795601,5.338955101922060,-0.044273817425700,2.916724330678579,4.294501549858585,0.862896434374421,5.342529038945337,5.403409323106186,2.226312624166372,2.365000468489069,3.259263348221310,3.819765727948167,7.220528673490993,2.937234514683685,2.672564919992900,6.819222764228834,2.403356596635868,3.125954606543257,0.707858034140358,2.494145568942814,4.347671612735841,3.805381989430747,
0.277786106773565,0.040637781895151,0.169132362134935,-0.745540516591860,3.901495576546585,4.137681791648528,4.814312573313085,2.464643707292876,0.731380622019449,3.123454367822120,4.653075530997424,3.744396931318898,4.729291006899665,4.710529891541050,5.614714277297540,1.574482775400243,3.211599518376141,5.499819323134306,4.287076596872288,3.316578271037942,5.228822147464314,5.337871016626156,-0.044173317458412,2.918818330813711,4.289317246106915,0.860272735757159,5.346147513134410,5.408594189409929,2.224362827370691,2.366642629659325,3.261815511256320,3.822586054809324,7.219093423736857,2.936085633716339,2.668304779220847,6.817089665647233,2.401832342296432,3.127070959093069,0.711392656812543,2.497152240447980,4.349745938506437,3.805381989430513,
0.280578195317089,0.042734667147046,0.170522556783335,-0.744970118877107,3.901547966376398,4.137229203980718,4.814436215578693,2.464695661634443,0.732863737053889,3.125245355665975,4.653253103985895,3.744450434146261,4.729469387579787,4.710476175782959,5.613464430542141,1.574454544393127,3.211687699845585,5.500476193790004,4.287627014187033,3.316814132404766,5.227448558350306,5.338632959278073,-0.043592954053330,2.919472111200132,4.284354967261387,0.858252469091493,5.349416214823141,5.413345369001857,2.222566858846194,2.368305995731313,3.264754873294535,3.824756797949018,7.219465035087908,2.935604731940750,2.664755059764508,6.814956951987559,2.400287045822919,3.127447802991660,0.714197917441935,2.499635941135196,4.351789745547364,3.805381989430225,
0.283025706548661,0.044923575482167,0.171730940731109,-0.744467015466175,3.901605365447767,4.136694951624830,4.814929535559386,2.465002950199220,0.734445240227941,3.127289157188059,4.653621316716185,3.744500989009425,4.729586941995571,4.710053392069912,5.612300416609185,1.574234761976241,3.212122732615361,5.501137228663093,4.288045214185355,3.316833571647995,5.225437175811522,5.338376187893611,-0.043129476903666,2.919819048776211,4.280189772074926,0.856359257082897,5.352455769639977,5.417604099015102,2.220919121929237,2.370313189619290,3.268207405734561,3.827187466179032,7.218647690420189,2.934668993415248,2.661484296402904,6.812922657137960,2.398424465120436,3.127780936428944,0.716982426590134,2.502100270199328,4.353720679806341,3.805381989430021,
0.285285191724670,0.046691724764278,0.172752171411701,-0.743964658306634,3.901677107331270,4.135959844480952,4.815227677913930,2.465315574234740,0.735412474240821,3.130230762444163,4.654017916676072,3.744546975091584,4.729582196188078,4.709858015940834,5.610776211905547,1.573962545287228,3.212341046507334,5.501652825942712,4.288827224873873,3.316890498804170,5.223608350885403,5.338207975911221,-0.043437888684362,2.918423875125576,4.277580651908504,0.854399884207903,5.354260429209441,5.421694499100391,2.219198005790649,2.371867512556843,3.271413035592322,3.829640767269542,7.218250193568208,2.932497664869656,2.658894776007794,6.810915088478223,2.396988694634458,3.128351931373275,0.721223879142396,2.506063160868397,4.355612358670348,3.805381989429778,
0.287357392406046,0.047492608901497,0.173665730356351,-0.743727592802472,3.901739567973328,4.135485312232166,4.815888415054728,2.466077810749200,0.737067318596198,3.131711539237860,4.654672165924345,3.744590880888328,4.729892853723082,4.709505983726338,5.608895278649491,1.573418041038127,3.212705319355171,5.501723800803105,4.289783270434710,3.316368983828194,5.222472490659670,5.338836392202872,-0.043421520634912,2.919157517212157,4.273980347640994,0.853287367235125,5.357157604854000,5.426275025131465,2.217519196257304,2.372515003598415,3.274478640578672,3.831045124910879,7.219030441121204,2.931323101951042,2.655947278362872,6.809186006565916,2.396381065689348,3.127895470913910,0.723804640365281,2.508270592926341,4.357322552565751,3.805381989429601,
0.289547278841012,0.048236372638334,0.174227368525927,-0.743453567730128,3.901799421789439,4.135063082486888,4.816402040101853,2.466689241118193,0.738084093173220,3.133859340841228,4.655298788519820,3.744630330998272,4.730243974292121,4.709303070792516,5.606959371125241,1.572890506106714,3.212927567066091,5.501974547583846,4.290821835791738,3.316106623362148,5.220876056438227,5.339545928825205,-0.042821300591136,2.919065711418120,4.271000390267725,0.852508379438204,5.360404422145018,5.430693428328309,2.215758595976807,2.373290255384394,3.277095762917919,3.832968985967420,7.220210800193717,2.929454830905863,2.652734767082863,6.807511518476540,2.395670172228758,3.127263430327444,0.727585769712776,2.511712041445266,4.358958464034277,3.805381989429514,
0.291712282568148,0.048811537719090,0.174615671337010,-0.743147115276286,3.901869313702492,4.134538096383235,4.816765533217225,2.467175442914768,0.739388377936779,3.135280495030233,4.655964039972749,3.744666204465136,4.730563662409780,4.709281534611182,5.605548214628655,1.572305275511166,3.212973733390031,5.502643044469747,4.291478428532963,3.315575278310869,5.219857002721387,5.338906622508689,-0.041559776139209,2.919198777584242,4.268009800728622,0.851589469922356,5.363916241884536,5.435595514055728,2.213699453036863,2.373916495268171,3.279540432814119,3.834207942132489,7.220110745818580,2.928195887068704,2.648891629126934,6.805323194654145,2.395110126995549,3.128257861975193,0.731086360385405,2.514899560583062,4.361144688890100,3.805381989429497,
0.293834973250624,0.049386956720539,0.174900990254989,-0.742846103847145,3.901931919618478,4.134139522439290,4.817195127329094,2.467753300246712,0.740603466423037,3.137200456579088,4.656595084580391,3.744698713388845,4.730958683223538,4.709255039188766,5.604058726368866,1.571745792196086,3.213025770590302,5.503227974790715,4.292252130561679,3.315086438506901,5.218430771045979,5.338201852611243,-0.039801051288194,2.918667624899884,4.265521035196810,0.850771676948579,5.366805768922582,5.440008863054890,2.211787515156610,2.374539527507562,3.281775943028332,3.836011716151082,7.220123371442046,2.926600597850235,2.645427285661263,6.803300899183945,2.394545433795569,3.128913981857872,0.734894139253814,2.518376465811607,4.363166590096195,3.805381989429474,
0.295821880797862,0.049629421979320,0.175118663255907,-0.742562068772430,3.902012469929828,4.133494768230864,4.817532765803662,2.468348238285502,0.742019187980179,3.139126965622473,4.657416671942606,3.744728875971197,4.731223589582013,4.709303718500004,5.602385460645041,1.571027424181643,3.213001188138307,5.503715153175246,4.293262826935291,3.314527320071669,5.217751992395717,5.338240396847960,-0.038214128057519,2.917272986508316,4.264542170609283,0.850106903409854,5.367900813384475,5.444018873005077,2.210060717076032,2.375186741303064,3.283754204183803,3.837124198860867,7.220875831318811,2.924880433627379,2.643201394256416,6.801423678895716,2.393942177104221,3.128694266072976,0.738693764848040,2.521939385743833,4.365062259498126,3.805381989429412,
0.298232992056045,0.049756933359703,0.175231136152786,-0.742013042315519,3.902078018495707,4.133105327671354,4.817492550829212,2.468715001314168,0.743812935529554,3.141277061469165,4.658598175125172,3.744756425058096,4.731709147311880,4.709689286716642,5.599445772650530,1.570019448763839,3.212641044065368,5.503199293253450,4.295306278067398,3.314968683204522,5.217717051674542,5.338273525512347,-0.036481034205361,2.916178361695567,4.262830403983182,0.848408213032887,5.368314165588734,5.447687722482195,2.208835696121791,2.376822649731420,3.284633899471602,3.837698087811249,7.221382581999923,2.924555975750940,2.640197872512339,6.800300296439228,2.392283074916832,3.129687159888614,0.740685660406914,2.523722884003986,4.366386372544436,3.805381989429449,
0.300342811753426,0.050144505493301,0.175055199635838,-0.741538448566135,3.902147644320435,4.132658329493517,4.817472734566616,2.469106518528021,0.745759145760559,3.143427630382136,4.659880983236614,3.744780638930988,4.732167554857929,4.710030804722798,5.596537324981917,1.568927868774942,3.212328823776804,5.502853560654267,4.297297068620665,3.315224754014708,5.218011706100289,5.338051807707786,-0.035245608494186,2.914570145296158,4.262104491413921,0.846254721350536,5.367375499929731,5.451008063690699,2.207758232134872,2.378450671463545,3.285326891972645,3.837694571596812,7.221644596804813,2.924433180149788,2.637470409634894,6.799305183621234,2.390604297004406,3.131415062590510,0.742485537471518,2.525442416591873,4.367590165704327,3.805381989429527,
0.302398310376933,0.050192892928755,0.174761560739581,-0.741060730864682,3.902222734759655,4.132184492511375,4.817225984467884,2.469411694614157,0.747673803444492,3.145936614131806,4.661089395995076,3.744802074537286,4.732553130282940,4.710591358668137,5.593635241625518,1.567903910777185,3.211815615692887,5.502701634445016,4.299350957577832,3.315627572641410,5.218980360126605,5.337969739919428,-0.033793730701892,2.912139804058620,4.262134175383642,0.843987837252679,5.365588762820213,5.454419760265343,2.206545912583804,2.379759691955992,3.286392919847056,3.836783726338294,7.221851313882457,2.924265220906120,2.635161207110865,6.798057390985435,2.389248189162461,3.133150745634501,0.744367773503100,2.527299347299248,4.369062898562098,3.805381989429657,
0.304758306219704,0.049701455498815,0.174525822798698,-0.740804779110820,3.902284221667224,4.131945901977093,4.817122400667915,2.469756819301660,0.749929918653948,3.147570635811799,4.662309260133537,3.744820434444629,4.733150499903333,4.710966632357522,5.590691144550008,1.566842071182714,3.211476817963900,5.502433894370956,4.301347584937945,3.315597005328090,5.220023647896363,5.340639911882202,-0.032762246080788,2.911270979115999,4.261039394214010,0.842396677175816,5.364989758790395,5.457704678039853,2.205570310612694,2.380081320692529,3.286565807667339,3.835524158047277,7.224954482707634,2.924716805838346,2.633068668052212,6.797370037749221,2.388851768792037,3.133181282552064,0.745044961496221,2.527808389328877,4.370045380062604,3.805381989429739,
0.306849688846115,0.048389355827079,0.173808691505062,-0.740969994784643,3.902348321931398,4.131776277470951,4.816741390026545,2.470036729892762,0.752394190329318,3.148175562988415,4.663266636880468,3.744839468413093,4.733805162571452,4.711619763541843,5.588408867713057,1.565976178719860,3.210867919119066,5.502752198373759,4.302792841891007,3.315074191968779,5.221739395221092,5.343698822980965,-0.031823986047656,2.911091576358690,4.259954481984646,0.841009224843514,5.364504881362335,5.461298313881381,2.204414477348482,2.379939897945422,3.286636478848232,3.833635201164211,7.228456448431309,2.925706669048483,2.631194111093778,6.796267031612401,2.388907187342161,3.132524592864053,0.745258399365386,2.527812717616194,4.371542328015808,3.805381989429732,
0.308892241074744,0.046904459352655,0.173088296162672,-0.741097932402050,3.902423714242702,4.131502202525787,4.816306832322398,2.470198400208814,0.754692530762730,3.148707531697533,4.664278456125554,3.744854728923424,4.734353567876587,4.712255067806658,5.586181773407632,1.565038449643722,3.210278879905729,5.503362573802888,4.304174897889995,3.314715590794340,5.223416500650840,5.346186550979619,-0.030551442759241,2.911267683847320,4.258873094951734,0.840017434071252,5.364905819247942,5.464971554660131,2.203164314377571,2.379569872968486,3.286715089828527,3.831629289085473,7.231387690650556,2.926398805952994,2.629016874901562,6.794934408553353,2.389196376195956,3.131823120200426,0.745850604884310,2.527997900701106,4.373314073418260,3.805381989429617,
0.310947152542152,0.045497448587880,0.172573409369027,-0.741473799746198,3.902479647809933,4.131596202341133,4.814851889365027,2.469465191783963,0.757925700608622,3.147096243437425,4.665122990961390,3.744869276460878,4.735237454095963,4.713762156112992,5.584391321612379,1.564265301336292,3.208834956999465,5.503991351411522,4.305147943071737,3.312798043770642,5.225048088610126,5.347457084998299,-0.028975638123533,2.912904774583330,4.256027044129056,0.838445628161356,5.366937045694161,5.470145215872113,2.201108060314847,2.379441706998073,3.287661654913662,3.828523850102648,7.233239299199465,2.927165005346098,2.625098233967155,6.792688738426431,2.389274997076972,3.132488533633003,0.745799503803906,2.527344864031221,4.376115328805792,3.805381989429468,
0.313651108797653,0.044163513903171,0.170796714099330,-0.741338245354127,3.902545119045024,4.131683478807568,4.813480951238596,2.468819086296838,0.761532547593797,3.144878182416435,4.666210827108343,3.744878611715206,4.736091908256473,4.715314413665957,5.583272482325186,1.563213832971553,3.207353530159201,5.505393997497455,4.305544895058360,3.312950479009213,5.226991386254713,5.349735626936980,-0.027994126184244,2.913700795352220,4.252145005083412,0.836600868482344,5.369857524686133,5.475394090028915,2.199050384164259,2.379565283080457,3.288633366925587,3.824737511459884,7.236097308316144,2.928851662494121,2.620330836794765,6.790207653960102,2.389125788478150,3.132379512539845,0.745205554445123,2.526037956555733,4.379128952228937,3.805381989429125,
0.316143773104812,0.042786998077533,0.169124085809958,-0.741199655338249,3.902625518277247,4.131595817066358,4.811975052908641,2.467997519742578,0.764038295344386,3.143894799268205,4.667116499884130,3.744890623263920,4.736799860250330,4.716957570012957,5.581868085722228,1.562322336390466,3.205782488525693,5.506824348231212,4.306327099270777,3.313798921155490,5.228712438313520,5.350426231969063,-0.025938911522176,2.914217411774022,4.249245286276056,0.834994675544061,5.372468991365660,5.480274481713475,2.197124830436350,2.379556371129730,3.289426725624401,3.821462953409862,7.237711952709272,2.929436481708742,2.615681306439798,6.787963526220873,2.389111220613472,3.133018498192154,0.746154470756989,2.526251030094898,4.381846535386510,3.805381989428836,
0.319209774147072,0.042432604117389,0.168284394181673,-0.740455258841286,3.902706603284334,4.131415695349621,4.810722735922685,2.467238344299811,0.766195832525131,3.143870382664836,4.667811763836776,3.744902282147717,4.737404287104797,4.718314469601912,5.579821402329632,1.561700440252198,3.204489803715699,5.507398113313072,4.307855304264192,3.316409985909951,5.230124232344344,5.352089321164190,-0.024078364441441,2.915423773474571,4.246365310990212,0.834403279002795,5.375294976681104,5.484044086510808,2.195848298852403,2.378818975880598,3.288520712683483,3.818257182276613,7.240884504493192,2.931274339710356,2.612008048800183,6.786343246821141,2.389772148018696,3.132073007802342,0.745779791334818,2.525209401878288,4.383950467210921,3.805381989428480,
0.321315406552737,0.040415021122444,0.166966027120159,-0.740270772534116,3.902799843996629,4.131085676231231,4.809674631301433,2.466621478289119,0.767683743429691,3.143949760273858,4.668648688734532,3.744908496768347,4.737956073239705,4.719477753195913,5.578154212352553,1.560890379489009,3.203385419295975,5.508272858416966,4.309015963992556,3.318633856187916,5.231852461183910,5.356404854671207,-0.022193135053951,2.917708984262336,4.244396116651815,0.833894534892887,5.376556396663258,5.486341317105053,2.195314618161804,2.376970088458145,3.285061616494100,3.815078907344619,7.246740385718711,2.933141050172702,2.609466815958824,6.785812825211613,2.391440524509396,3.130099999916018,0.745122713813155,2.524263596955142,4.384970346740253,3.805381989428270,
0.323600228061624,0.038061453518849,0.165325319390962,-0.739713589221153,3.902913117335121,4.130578539458513,4.808745573346297,2.466086466449949,0.769610835777139,3.144164905372321,4.669362065705213,3.744912576880013,4.738385987296416,4.720534766908066,5.576419628130282,1.560222763137368,3.202385215491218,5.509042494078004,4.310318273914798,3.321062201917548,5.233348320751225,5.360333629868653,-0.021214117480968,2.920441053958636,4.241861217863426,0.833498352484134,5.378422181140512,5.488270294800588,2.194982868435193,2.375859385183855,3.281844472191205,3.812498071166187,7.251562812212679,2.935357879530168,2.606653540752079,6.785415478866782,2.392397886814935,3.127978872214647,0.743795365825546,2.522839247699776,4.385906761309622,3.805381989428033,
0.324497790827516,0.036097386791056,0.162262617316431,-0.739748301051221,3.903029474559197,4.130026484893912,4.807631594062395,2.465544311130151,0.770708571899196,3.144550090245176,4.669692497727586,3.744928707659468,4.738777543218680,4.721789529856595,5.575531085084287,1.559867626850854,3.201191578186715,5.510372622897337,4.311023716218998,3.323178018458064,5.234630051747015,5.363913619824680,-0.019721453317937,2.923537904691833,4.240507941494926,0.833209902513602,5.379234199448561,5.489011684639672,2.195217101623452,2.374753983431815,3.277218808246082,3.810338973738604,7.255316194879499,2.937681454187427,2.604559222269516,6.785667483284946,2.393228957707132,3.125962597625388,0.742500947463744,2.521773749605265,4.386149699719798,3.805381989427894,
0.325246581105225,0.034386265918025,0.159411381413299,-0.739827793701521,3.903152064630029,4.129452626714738,4.806524076484714,2.465033084488871,0.771453123191148,3.145627247020244,4.670348461897004,3.744929830296675,4.739085305466763,4.723051306484028,5.574630580517375,1.559237426768475,3.199990570960455,5.511841852100372,4.311701041157879,3.325204201839314,5.235471367438853,5.367059950162602,-0.018425850101211,2.926231924188864,4.240031410838032,0.832583990579113,5.378881744646480,5.489568253527974,2.195408237930495,2.373770629801120,3.273142229696926,3.808777373972709,7.258574055644209,2.939323739769122,2.602813573058524,6.785853710052603,2.393952596984966,3.124833793754474,0.741991115344422,2.521430309298650,4.386414861433892,3.805381989427849,
0.325623361307534,0.033119973850936,0.156590126822545,-0.740177946672390,3.903289763632022,4.128584424711968,4.805094207887515,2.464410246624200,0.772628295148591,3.144768250706476,4.670509175355146,3.744948635855057,4.739279050661700,4.724602748317607,5.575417815110987,1.559039370680751,3.198505304972819,5.514629944401265,4.310935629085441,3.326143804606835,5.236394188805977,5.368508375539655,-0.017504533705065,2.929112117509193,4.239085159610911,0.830897308724154,5.378201458431326,5.490295358954745,2.195420954836262,2.373263314971219,3.270048716323719,3.806816723759734,7.260157969609013,2.941693588365008,2.600219846880171,6.785732697269478,2.394231839219240,3.125087762282112,0.740879440910381,2.520593096308127,4.387001923649538,3.805381989427769,
0.326071229614562,0.032212051750177,0.154034652971024,-0.740620843298742,3.903431336364287,4.127667775540697,4.803915633565667,2.463950820823157,0.773708769559963,3.143789786632002,4.670444843861660,3.744970022499620,4.739397314995677,4.726016568641040,5.576853468328102,1.559087452172754,3.197154539017856,5.517709023963322,4.309648937258301,3.326873506146836,5.236688525199410,5.369975342144442,-0.016835567205614,2.931462499691612,4.238224827020444,0.829522230081691,5.377688979297619,5.490812003871334,2.195469684614676,2.372887779493639,3.267334398994225,3.805321953055593,7.261747968792090,2.943892924870208,2.597973049087566,6.785708127750100,2.394401380444128,3.125500738381269,0.739949112612698,2.519959857432744,4.387514749424231,3.805381989427674,
0.325298547791440,0.032401523677506,0.150572105484691,-0.741848354939795,3.903570039821926,4.126854507886309,4.802639486732287,2.463493174568366,0.773195946590943,3.143710205805461,4.670378748251545,3.744988329680826,4.739608944654847,4.727526821335715,5.578211386202891,1.559158360607153,3.195707215262519,5.520932344066466,4.308381041048284,3.327677714479183,5.237533364526064,5.370160555019885,-0.016649182464968,2.933256053428078,4.239809955231104,0.827597506960809,5.373978918550797,5.490114521384510,2.196184271725461,2.372962922193472,3.263298885864853,3.803645335906671,7.262152924610362,2.945265517570577,2.596851004239108,6.786668437353177,2.394054541662701,3.126472434481196,0.740012853398487,2.520473875740148,4.386959541787213,3.805381989427506,
0.324475314470361,0.032370192926116,0.147256160657288,-0.743232032558092,3.903723989239357,4.125929287536607,4.801279231979898,2.463001513297967,0.772005314415650,3.144407950313577,4.670277314639967,3.745007404092580,4.739690991887874,4.729110685904032,5.579428976651284,1.559237640680084,3.194188138164012,5.524038392252018,4.307306344785083,3.328729175237694,5.238110426023552,5.369822313738912,-0.016886105570871,2.933832417190585,4.242544962131723,0.826932589236181,5.369341183052756,5.489045930247658,2.197070216976464,2.373008945139508,3.258875975805987,3.801902693213953,7.262156234746395,2.945709781316038,2.597587421932712,6.787965294691451,2.393714947942418,3.127555289878441,0.740888362498786,2.521713370117932,4.386041938211398,3.805381989427428,
0.323610933865534,0.032358679087173,0.144376623081578,-0.744623853432776,3.903860105651259,4.125138209789892,4.799776100354878,2.462425790124931,0.770407562102901,3.145633938142361,4.670073077737566,3.745026451832502,4.739761524420437,4.730744518707338,5.580478009328646,1.559429977944354,3.192614390811245,5.526857730601250,4.306458644266291,3.329680478854705,5.238236322264768,5.367994209422680,-0.016427478515093,2.934264243139109,4.245576943333350,0.826229242516692,5.364542610690868,5.487961910981122,2.197860812115667,2.372935077415023,3.254936863992845,3.801115039930390,7.260757707024641,2.945668768594643,2.598355207905299,6.789278379634814,2.393520672907006,3.129067077482798,0.742505363589850,2.523764513159443,4.385084859537491,3.805381989427346,
0.322854428263457,0.032300872605691,0.141720698016746,-0.746037422363885,3.903986815211287,4.124451045366143,4.798492383093834,2.461899382139285,0.769235965817365,3.145927374113123,4.669539894053355,3.745059203576332,4.739851347458614,4.732157929499295,5.581624000329283,1.559871967663300,3.191251360434055,5.529631437680549,4.305560720884267,3.330264521178752,5.238855436933080,5.364672778938716,-0.017647508247396,2.934316440987782,4.247894403808076,0.825834088506813,5.360378028656474,5.488122002467602,2.197979354969784,2.372582199028787,3.251345389526275,3.799928506215087,7.259436623108958,2.945848754685283,2.599136482472906,6.789850020212327,2.393585620543131,3.130877222448717,0.743900065263489,2.525439716081806,4.384913250937916,3.805381989427262,
0.327094657677955,0.035837946039924,0.137954257647377,-0.745541702063461,3.903972075877296,4.130049788927701,4.807217060218424,2.465502838016319,0.775258388794295,3.141963906053496,4.671525808629132,3.745034576463041,4.746207461567719,4.725455150026769,5.580466688685971,1.557612631017573,3.197654087323421,5.529587739371232,4.304406494530394,3.331695471613780,5.240916268689305,5.365925732925757,-0.019602870109928,2.933563977270932,4.242864683606022,0.829434404887290,5.358316557082254,5.491188914939142,2.197173333789496,2.372178742058582,3.247915046031485,3.798473551717689,7.262740887695892,2.949559368778881,2.603829902023440,6.789869864524746,2.393723672404807,3.126390045525543,0.740881749648662,2.522320989518988,4.385309682633343,3.805381989427410,
0.330968546666919,0.039411713659821,0.134309590620761,-0.745129240780655,3.903966887444984,4.135081214318029,4.815262930587768,2.468845041721488,0.780709552436858,3.138802206558509,4.673199370653123,3.745014990052640,4.752009499479543,4.719235495089901,5.578733445532565,1.555727886244076,3.203595313106149,5.529176669492937,4.303877570429021,3.333256667264617,5.242786100343819,5.367255282505219,-0.021568834501235,2.932757739537254,4.239108693322903,0.832597924519975,5.355147671056148,5.494150172406862,2.196409363879943,2.371739839985435,3.244473406951298,3.797180042684776,7.265984089607153,2.952728978207466,2.608656378038604,6.789953697697800,2.393896148276645,3.121334668430829,0.738255882995704,2.519526107728061,4.385668363232504,3.805381989427539,
0.336355807970747,0.043065591219903,0.129518644601013,-0.744385320695096,3.903879453353672,4.141717913386151,4.824666326448412,2.473883245932362,0.787519632098530,3.134633718413686,4.675293365562800,3.744987818352899,4.759620773637810,4.712349007953623,5.575951351217285,1.553369881553305,3.210160755448977,5.527661964619115,4.303708160511674,3.335760030245327,5.244821609382091,5.372557293187899,-0.026104622804819,2.935543842476247,4.232497035799140,0.838015337281328,5.353821539589503,5.495630951601249,2.196925683944238,2.370874459208599,3.243447049902723,3.795001881676316,7.272947819118062,2.958234670021539,2.611438273555430,6.791453696565625,2.394432382721230,3.114117800657342,0.732353272017639,2.512917141980020,4.384485062220222,3.805381989427839,
0.340211222929050,0.043854718339988,0.125263680900503,-0.744147184572667,3.903879421637268,4.147508908415626,4.834038094307230,2.479156498232257,0.795663784907621,3.128549556811313,4.678426870061360,3.744892141777972,4.766736275787293,4.705292365558544,5.574749796959542,1.550066548906288,3.216919579827423,5.526818486691591,4.302240289092173,3.336550338891170,5.246116131292582,5.379860259751858,-0.031195476233205,2.937059202073888,4.227082634505917,0.845009368571549,5.353892500181434,5.496257658154379,2.197705788884168,2.369134334183362,3.242230923079129,3.793817788129791,7.281513234144104,2.963807407588801,2.615926016115695,6.792900441455213,2.395848658526555,3.107708481847700,0.725532739936057,2.505619365027737,4.383375378173604,3.805381989428144,
0.343839462011343,0.045000521653973,0.121549489676942,-0.743998654470324,3.903891256261380,4.152714659852552,4.842722780548188,2.484151147193332,0.802240129770658,3.123972227419210,4.681152252332191,3.744808737482181,4.773098233277656,4.698779304635985,5.574310072575881,1.547195998586647,3.223156633258964,5.526821602245140,4.300250697966890,3.337711361175349,5.246838693545397,5.383908570224431,-0.034136496009832,2.936781062585289,4.223786021671380,0.851502361455269,5.352197541468073,5.496285551473483,2.198611689615442,2.367979582232125,3.240987156696010,3.794008821055893,7.287596467507969,2.967796524048782,2.620986860067026,6.794608034838106,2.396721519691868,3.101765160473007,0.721004374529981,2.500898162058599,4.381969228848592,3.805381989428353,
0.346817386928829,0.045975480030334,0.117877037788231,-0.744056675701422,3.903943474156075,4.157285445720296,4.850284198064372,2.488670641531221,0.807385436731743,3.120941090594201,4.683366116000114,3.744758741323369,4.778735455586502,4.693225882118310,5.574034611498452,1.544757896828268,3.228481181889230,5.527013065033125,4.298532902482069,3.339315431776302,5.247574099419209,5.387208889359623,-0.037093215258392,2.936316769722564,4.221698212668604,0.856898881136619,5.349202976939837,5.495327026144077,2.199876065597178,2.366796246339173,3.238959733765643,3.794685438515149,7.292492884261663,2.970697412599070,2.625871715497384,6.796647907933988,2.397589554924766,3.096457560811095,0.717939140991869,2.497694318111686,4.380146098747354,3.805381989428483,
0.349870444486948,0.047259401769290,0.114775451697376,-0.743922823027069,3.903980800307286,4.161533844867344,4.857340993612082,2.492902684120644,0.812075145512700,3.118847843740005,4.685399455901010,3.744716745794197,4.783856334387764,4.687944023011955,5.573664362151290,1.542468510354069,3.233566821534887,5.527251651111862,4.296947802268744,3.340723760312888,5.247475494108333,5.388642410721746,-0.040574454116683,2.934402688181828,4.220685544397609,0.861616698819215,5.345425385890469,5.495241996597712,2.200415936491161,2.365821450727901,3.237586392060865,3.795809834709771,7.294986981554744,2.972046572541677,2.630717304946288,6.798040693576758,2.398292480941883,3.091961070716285,0.716605553317963,2.496333670299528,4.378972906120595,3.805381989428562,
0.352482489000521,0.048447541563827,0.111723407970183,-0.743841874908600,3.904042392989177,4.165271739972899,4.863556180434514,2.496510173531554,0.815530903316092,3.118103559573379,4.687198574118732,3.744682744985842,4.788427499229526,4.683341772318958,5.572936157404341,1.540430259241073,3.237998566842396,5.527306759383961,4.295876424162728,3.342456873359169,5.247556239414845,5.388557739056733,-0.044510297425243,2.930900955668723,4.221079144659591,0.865160610810767,5.339833742176673,5.495259848776226,2.200754581669127,2.365003374754986,3.236118507420121,3.797327677086843,7.296282035345422,2.971769527287993,2.635605337372490,6.799334996937739,2.398825455082003,3.088632671226179,0.717271560579360,2.497019649935762,4.377829466625300,3.805381989428541,
0.355089701009575,0.049592264550290,0.108707283849319,-0.743669200662178,3.904169629065962,4.168419833395358,4.868949423926185,2.499305433899985,0.818065192633700,3.117932980215272,4.688812227578699,3.744645305073101,4.792464552339887,4.679315284242381,5.572950758323298,1.538624064619266,3.241875287861656,5.527948779320925,4.294443195934649,3.344269509222719,5.247085531601734,5.387317238610338,-0.047516377387533,2.927537960030446,4.222339528215367,0.868447451822946,5.333198755598191,5.495153354318296,2.201024862942603,2.364611604439498,3.234641233964796,3.799453973304679,7.296235138477837,2.970770686053957,2.640825874757893,6.800536557741311,2.398976942685183,3.086398872237586,0.718950943633190,2.498850457126516,4.376692979494203,3.805381989428546,
0.358076855948337,0.050998470105579,0.106888927234100,-0.743313441658874,3.904218576434940,4.171467290138388,4.873775930942127,2.501628365501372,0.820081872673235,3.118658016748253,4.690377833133216,3.744591117319851,4.796186880764654,4.675726194593004,5.572892348969047,1.536960440575799,3.245332951730168,5.528569363232852,4.293167297638326,3.347185307670075,5.246806574146023,5.387336467258947,-0.049663849775523,2.924875260571605,4.223566045369545,0.871716831554960,5.326752703824146,5.494524748093145,2.201689929003992,2.365021365752035,3.231827362064969,3.801017246667748,7.296356632819061,2.970628108648809,2.646089875947606,6.802264225935293,2.398213343948334,3.085104349862811,0.719521759626838,2.499690526718614,4.375080942647790,3.805381989428324,
0.360784027712469,0.052071421296465,0.105369345975031,-0.742981566601620,3.904354680476145,4.173973602172203,4.878051941272807,2.503730606804965,0.821350919088437,3.120168643223316,4.691942525859916,3.744535234561032,4.799345695603208,4.672700629243536,5.573216710814130,1.535298973962683,3.248253513596658,5.529589654584776,4.291794019372126,3.349924988964057,5.246143176558002,5.386353854391438,-0.051213787190637,2.922294365463588,4.225261637483486,0.875407785990292,5.321098524803029,5.494162452446485,2.202040981189335,2.365245061482153,3.229065262643622,3.803265804178237,7.295455656149981,2.969306268466831,2.651370908694175,6.803473548093394,2.397664578614771,3.084552841499432,0.721778292750537,2.502171350169314,4.373954094260992,3.805381989428267,
0.365398065357544,0.051254171995654,0.102405307441374,-0.741552579191519,3.904482474987558,4.176217784381279,4.881728518082917,2.505382088439024,0.821201910404011,3.124795535865478,4.693565700431499,3.744456617998321,4.802037689009852,4.670213457660751,5.572666333553951,1.533608466000754,3.250660559890807,5.529769112779980,4.291482581745199,3.355368868384208,5.244848233740568,5.385250729592281,-0.052879872140660,2.918919807220859,4.227612198455860,0.878139238866871,5.314134602229699,5.493882904771208,2.202316104943836,2.365723150162974,3.225912171376960,3.805555760540774,7.294349833406935,2.967489547154379,2.656077234825603,6.804639035278782,2.396933250158766,3.084547778040912,0.724735771742120,2.505379195662080,4.372786544947081,3.805381989428591,
0.369839136234324,0.050207549839651,0.099459548585158,-0.740134236487818,3.904662278510901,4.178076909944015,4.884998228057959,2.506921893924052,0.820412615251127,3.130115353548031,4.695215794255963,3.744368601049811,4.804285405175737,4.668153440727260,5.572182250671156,1.531894122583035,3.252658704291312,5.530120793485449,4.291205148430222,3.360499932744709,5.243382499339888,5.383249034760627,-0.053450933757862,2.915717423907690,4.230693984576152,0.881289378288395,5.307129101390810,5.493660309991069,2.202372328842309,2.365729964207572,3.222758197843546,3.808277461127888,7.292725773179332,2.964628061041036,2.661124209684266,6.805641327753186,2.396690850820773,3.084842800163017,0.729409515403261,2.510396006384846,4.371746938116421,3.805381989428889,
0.374454562315611,0.049561590221672,0.096607471828761,-0.738570214927841,3.904878200283464,4.179725755895804,4.887855784496583,2.508275354902499,0.819099822501341,3.136427382653102,4.696709658770639,3.744288079375282,4.806176423838860,4.666479673366569,5.571776315629444,1.530346602171488,3.254286513403152,5.530586073929328,4.291028613186358,3.365558952123157,5.241506092267723,5.380811053114758,-0.053500264930085,2.913525657878004,4.234027423877440,0.884414588025219,5.300913504019807,5.493664428825587,2.202218467736833,2.365777233488786,3.219608804787113,3.811413880959972,7.290661002654995,2.961334221251807,2.665763126389439,6.806203645769907,2.396443873299326,3.085393656908294,0.734765251727822,2.516120422243715,4.371125637506596,3.805381989429058,
0.377375954401231,0.049968837979217,0.092605217887843,-0.737862587090607,3.905102982552810,4.181247764605292,4.890135543232524,2.509290709660272,0.817538637996882,3.141296085718201,4.697976695980677,3.744242799137191,4.807909203845473,4.665308277505122,5.572961823318971,1.528922208476474,3.255423883200860,5.532429931795154,4.289502220797482,3.370194394879451,5.240415680886448,5.378008712620967,-0.053546270817123,2.912074642712874,4.236713893942186,0.886807815451744,5.295243609676396,5.492914990947233,2.202438165194593,2.366351116695194,3.215393596525167,3.814162198940658,7.287826769086593,2.959060253359012,2.669356912185664,6.806962973635023,2.395525974586734,3.086836835541712,0.738877068177423,2.520747897727580,4.370387587735622,3.805381989429434,
0.379322447260861,0.050701097154885,0.088222187012352,-0.737415341736092,3.905386450977099,4.182415380021555,4.891921112320317,2.510137590379442,0.815415213488291,3.147024733560345,4.699513992701526,3.744128135884341,4.809331559007952,4.664575155605983,5.572984736788882,1.527388360901488,3.256121879862512,5.533606350165626,4.289029287207817,3.375023975719254,5.240158355132093,5.374272155750309,-0.054117007359627,2.910157420216554,4.240134180224427,0.888870345356797,5.289164514805095,5.491946915569365,2.202831009068635,2.367093240301577,3.211092127058218,3.816500422322300,7.284131062249100,2.956351991650541,2.673173429039273,6.807801681321338,2.394403474057162,3.089127502172708,0.743668721593874,2.525885209654628,4.369575666506553,3.805381989429799,
0.380966275155228,0.052199048088255,0.083974329929485,-0.737368481161401,3.905675444492783,4.183451555973184,4.893372901883806,2.510808454374547,0.812708500218797,3.152884491294103,4.700607204431351,3.744069651081863,4.810512051021657,4.664104807784336,5.573652743666766,1.526258390795062,3.256577255240022,5.535419772793253,4.288112499843531,3.379594534466315,5.239733124340044,5.368723336819250,-0.054709928955224,2.908250267443421,4.244117190776548,0.889763765639865,5.281362039121203,5.490048593659922,2.203765355899626,2.368290089993288,3.206613047293539,3.819099675826916,7.278605807210377,2.953775042474803,2.676612376040154,6.809287236438593,2.392847574143363,3.092724667541295,0.748153515296531,2.530881597529589,4.368087548896680,3.805381989430372,
0.383375600683521,0.054052946966665,0.081914044425556,-0.737507945206704,3.905864648119893,4.184587904610332,4.894896092352078,2.511567730860561,0.808102122360471,3.161175743719486,4.702113595941613,3.743910070535826,4.811708643955672,4.663436280635588,5.573692816989383,1.524925061370257,3.257227218573538,5.536797978122811,4.287637327192059,3.386038216478873,5.240256861659146,5.361800708041917,-0.054618661015527,2.907294655017233,4.249194086475736,0.887151069344625,5.270486563801073,5.485016279950349,2.206690108966118,2.372710466076153,3.200307761284611,3.820670777566428,7.269618880009126,2.952850360949850,2.677872710761444,6.813515075922401,2.388052965234495,3.098695206916317,0.750827098547406,2.534663716395154,4.363867340828303,3.805381989430590,
0.387752827559722,0.056091138875026,0.081197309458464,-0.736412199616651,3.905917069096654,4.186047335412331,4.895351198677192,2.510839111153851,0.804375466472435,3.169993938347385,4.703754335328757,3.743701832416849,4.813330298453632,4.663771104986669,5.571646224873531,1.523555394407031,3.256821874614315,5.536228706506925,4.289016709158815,3.394520035145879,5.241326572152022,5.356043578083908,-0.054001316840790,2.909561158364613,4.253222130362574,0.885035898636835,5.260434847935765,5.480429628001731,2.209539339305552,2.377041464354420,3.194295202964518,3.820660305408675,7.261992031510768,2.952879899238061,2.679425780109255,6.817760288416643,2.383372792792422,3.104988275743362,0.751462702397719,2.536353615845483,4.359783594281048,3.805381989430614,
0.391151836152684,0.058558649255023,0.080332044208934,-0.735679770851375,3.906092805743191,4.187017715381847,4.895351012394044,2.509948758244805,0.800665292310799,3.178226718208379,4.705197976390617,3.743517478038369,4.814549334354338,4.664538523021693,5.569726409482392,1.522360886516389,3.256003761857354,5.535866394278483,4.290465679929492,3.402295261154023,5.242442835836285,5.348672475700943,-0.053722482751186,2.911031036464218,4.257374074303558,0.881695444234448,5.249587489521071,5.475756832793344,2.212461091744659,2.381698765106969,3.188555299139665,3.820640157935730,7.253021189468438,2.952686165187962,2.680020520705019,6.821999809634129,2.378401302161571,3.112330786703828,0.752352898689979,2.538149940967753,4.355737801998922,3.805381989430624,
0.394378956724298,0.060119522656750,0.079513475628216,-0.734838238330467,3.906353504749615,4.187611831771341,4.895067825509039,2.509227173246326,0.796923873131330,3.186390282112912,4.706728231368908,3.743301168917195,4.815397858971089,4.665586823483759,5.567708738850386,1.521133904750830,3.254913022030197,5.535490065602373,4.292197857204704,3.409895331166579,5.243254947319499,5.341701927755641,-0.053748694218946,2.913026231009095,4.261025129249501,0.878781242269313,5.240125771124111,5.471907667929032,2.214953548366870,2.385714079112614,3.183271416428591,3.820454854699155,7.244698643717818,2.952279499885599,2.680625900871467,6.825673535609198,2.374087953378963,3.119059183176871,0.753306197950177,2.539857363862849,4.352278989823283,3.805381989430563,
0.397793403300414,0.061635991154646,0.078642799741504,-0.733719363287124,3.906645752187400,4.188014576985237,4.894549519635989,2.508116581867776,0.793767286928042,3.193948295905900,4.707594832222876,3.743167344303919,4.816138276281352,4.666830679574287,5.565810975771072,1.520558133293858,3.253644359987717,5.535151825153107,4.294016609338754,3.417772840966856,5.243415217210281,5.336359210027386,-0.054581320471204,2.915155835753191,4.263309099500195,0.876033161433265,5.232761078948707,5.468297651693701,2.217425053532694,2.388364042908787,3.178257197478531,3.820314884924333,7.237903690966595,2.953027979347661,2.680132135278660,6.828974357698222,2.371146982743904,3.124463853840174,0.752909095270714,2.540005115308123,4.349196736105732,3.805381989430415,
0.400350265568818,0.063159518831680,0.077297160575729,-0.732868746608228,3.907004845567969,4.188146410903579,4.893665941996905,2.506693625797464,0.790468068440812,3.201776760313084,4.707994523518010,3.743110091893761,4.816578293012525,4.668430144224859,5.564025857109555,1.520390679464815,3.252041885077212,5.535063181534523,4.295956040364916,3.424882797578114,5.243101923020745,5.331175807611369,-0.055454577885389,2.916940684729266,4.265284875584850,0.872959259754036,5.225755531246519,5.464578521850975,2.219800983321608,2.390897489055607,3.173277432456238,3.820413225193104,7.231414951854929,2.953333200718048,2.679209480239231,6.832209648989501,2.368307207201248,3.129400446383245,0.753082969994408,2.540762428866145,4.346156056882651,3.805381989430388,
0.403149202444928,0.064411767187305,0.076395088012874,-0.731776861719336,3.907512912051214,4.187890582591826,4.892856561252399,2.505436739260816,0.788498014014132,3.208632794506303,4.708299754578550,3.743080086298202,4.816880173771287,4.669898540297018,5.562768104910515,1.520174115942614,3.250564565294034,5.535602399791955,4.297398489893522,3.431219461048685,5.243508458735108,5.327133361595874,-0.055297211479928,2.918400753422614,4.267175793567369,0.870224455971045,5.218936651449209,5.461213124726389,2.221863647823868,2.393348206628660,3.169494034492952,3.820101896600388,7.225497573902724,2.953951382882676,2.678823094509567,6.834823248126092,2.365640200953530,3.133459346809217,0.753180714441300,2.541439111870901,4.343720973561151,3.805381989430115,
0.405508841086111,0.063795612723690,0.075805268945827,-0.730714655556096,3.908204762158933,4.187194915524146,4.892322098507988,2.504752212151331,0.787862219030922,3.214104605202471,4.708640067000434,3.743050192356266,4.817045394365200,4.671130514160860,5.561565975489959,1.519906431377282,3.249319079248820,5.536119839142215,4.298663242214764,3.436782346890913,5.243935805907733,5.324497431123597,-0.057064144295499,2.921339413631428,4.268344595465655,0.869183886666129,5.215280507082457,5.457356924722699,2.224324391870815,2.393828537508371,3.166905689622281,3.819069682661116,7.219929145423071,2.955483914833572,2.679298188983525,6.837714772752400,2.364918125362596,3.137084847302785,0.751850935358575,2.540684033800088,4.341088210991009,3.805381989430052,
0.408501538569396,0.062660227118278,0.075830224810662,-0.729481138396492,3.908640760915216,4.187302465962579,4.891494049150723,2.503598821353950,0.787789426758725,3.219127610301972,4.708921578163553,3.743022990591187,4.818111088455994,4.672576138359997,5.559033896420439,1.519696682424746,3.247825886522080,5.535449909307992,4.301009446396388,3.442129314888145,5.244289971746112,5.321130383143914,-0.058637347980497,2.923796957245732,4.268822907769526,0.867703870975898,5.211523886435416,5.454839651371586,2.226403609062565,2.394393701637669,3.164730073247420,3.818372037340267,7.214026890034034,2.957320464218516,2.679294276559295,6.840395888901542,2.364161133358032,3.142158844402202,0.749977692581100,2.539155578136236,4.338735423445668,3.805381989430009,
0.411606371840027,0.061618190083457,0.076013717377525,-0.727940605006390,3.909147962332630,4.187365010180296,4.890546954710954,2.502477994701602,0.788085559001533,3.223842362750167,4.708850984698652,3.743043977340252,4.819285065087124,4.674109658314223,5.556182624849783,1.519848170139958,3.246249866459107,5.534576914361002,4.303751843783136,3.447904269942431,5.245141630021370,5.317431044819225,-0.059627477484967,2.927677977037086,4.267679478913662,0.866285682102058,5.210196110310116,5.452922302541844,2.228464418583459,2.394772567475292,3.162707359675839,3.816571576999064,7.207978193285485,2.960269728630038,2.677798659492692,6.842741962034450,2.363623223655476,3.146354955088927,0.746848705684329,2.536279608337199,4.336759024022011,3.805381989429890,
0.415086946464914,0.061359890467310,0.076584812544666,-0.725819863587339,3.909678506537354,4.187344759019906,4.889236272558720,2.501031081787048,0.787750909732698,3.229638116116283,4.708322982520476,3.743122740092083,4.820373842084457,4.676003352843340,5.552456815068612,1.520467783473413,3.244330699625753,5.532864928096108,4.307635358812368,3.454759568792271,5.247358477940630,5.313371927407701,-0.060701446108155,2.932168720013177,4.267337560685301,0.865545824850103,5.208400512530472,5.451521330518950,2.230417453906781,2.395136738980728,3.160851429711008,3.813041825842151,7.201805886607023,2.963460222646972,2.677582284213753,6.844710928671355,2.363125113413440,3.149878470876644,0.743616192453207,2.533330362833202,4.335178799738672,3.805381989429837,
0.418557601526308,0.060007044303871,0.077318560588365,-0.723692453890224,3.910207522549948,4.187355506640418,4.887950189782600,2.499572368250080,0.787612974839790,3.235231711461792,4.707899189553576,3.743171569179248,4.821635353152288,4.677807743797372,5.548318191909778,1.521034245009449,3.242492872439827,5.530775085429968,4.311790559193310,3.461359019275200,5.250043347471614,5.309691492131108,-0.061448912318904,2.936869759410939,4.267892218410474,0.864901438512966,5.205355966454439,5.449939725344322,2.232641780766262,2.394881330399567,3.159033055006397,3.808985352104848,7.196188694640625,2.967201836429089,2.678301591015732,6.846910773904200,2.363250406442292,3.153456689191782,0.739634965237618,2.529634042623292,4.333404963497771,3.805381989429952,
0.421545101523714,0.058458095164350,0.077972421063406,-0.721793039625868,3.910828216463322,4.186990013866208,4.886446576257054,2.498330660730375,0.787161743669425,3.239921318189413,4.707437257986341,3.743229049991506,4.822473633649250,4.679857157172475,5.544840419770956,1.521620601619466,3.240419888206965,5.529422969175113,4.315369411843279,3.467133103653676,5.252737280041965,5.307141847262833,-0.062805871476515,2.941287001070865,4.268961830348936,0.864311426858164,5.202211998546980,5.448716470045962,2.234671691421821,2.394162211432644,3.157134315888977,3.805449765441135,7.192103813795510,2.970001994248274,2.679386863332356,6.848966956709241,2.363847268394584,3.156018132051284,0.736982038099399,2.527136106558767,4.331782285086892,3.805381989430025,
0.424140723127960,0.056190857781931,0.078619242434738,-0.720104998783744,3.911453381274904,4.186592161228580,4.884655162452783,2.496947297466640,0.786441424323161,3.244712150532441,4.706686005440327,3.743340776861859,4.823169118124361,4.682194219991314,5.541971639238175,1.522425165484072,3.238071185646105,5.528586656869298,4.318658647494699,3.472074096486172,5.255205980554863,5.305167498029091,-0.063935925740297,2.945636392761403,4.270203605211993,0.863651255239716,5.198690154696013,5.447659077932435,2.236435019266726,2.392682979102432,3.155780587007291,3.802480929421762,7.188731128176009,2.972155966205491,2.680731871612521,6.850734494077347,2.365265313829764,3.157881819952689,0.735261752546819,2.525660669048013,4.330396153989955,3.805381989430084,
0.428156280706490,0.053975894604270,0.078160156804357,-0.717173694567530,3.911900408052046,4.186831584169652,4.883041790225041,2.495909909414041,0.785691342445765,3.250734133187883,4.705733857744578,3.743442360646768,4.824529922754644,4.684391721659385,5.536777371205096,1.523506865457470,3.235867418234770,5.525609843191757,4.324068563178553,3.479226448337772,5.259166382128069,5.303089953616575,-0.063958695653094,2.948822761094801,4.271289180020197,0.863005553758659,5.195250109507560,5.448754912853468,2.237549866929701,2.391313643723266,3.154081004622541,3.798137877689942,7.185966713428285,2.974650280162758,2.681963900239226,6.851615350499989,2.366583195201688,3.159717523656651,0.733303093277008,2.523655025594946,4.329957350668693,3.805381989430231,
0.432059990254836,0.051914456680919,0.077854669020208,-0.714486661807263,3.912333305926402,4.187051517076929,4.881554391024367,2.494774908667742,0.785174445399853,3.255760678412426,4.704573841017638,3.743595926776284,4.825803061659603,4.686384659917757,5.531942222919338,1.524684773656161,3.233892561042293,5.522961131930257,4.329024795887337,3.485532848637603,5.262515662193158,5.301865282505445,-0.064454790977050,2.951144785107424,4.271976001751533,0.862261027207750,5.192570897344742,5.450368460225368,2.238361435231293,2.390245233773624,3.152106407267417,3.794428669439965,7.184396695845185,2.976681833211621,2.682592840999802,6.852365633088074,2.367583034880936,3.160664902607862,0.731960547505176,2.522100758273948,4.329669950648217,3.805381989430289,
0.436247825221173,0.050058741298733,0.077158063385688,-0.711741411193564,3.912695858356416,4.187562695212256,4.880203416704503,2.493883488750034,0.784646765302708,3.261265880208469,4.703314735954639,3.743750663619732,4.827243834537727,4.688357328100054,5.527445159650322,1.525972900171761,3.231937271493701,5.520541980278890,4.333694857209220,3.491309439799568,5.264669562605629,5.300942557057756,-0.064479381238071,2.953723976287221,4.271892331541384,0.861945889079564,5.191312371798040,5.452260248160804,2.238988562341471,2.389052304887248,3.150262586055399,3.791590378124072,7.183844176525207,2.978852842024736,2.683126867654853,6.853056800048348,2.368699404119538,3.161271217231263,0.730771443508914,2.520842622861330,4.329389028180572,3.805381989430296,
0.440118244441518,0.048524502977930,0.076545197259646,-0.709025411174614,3.913118740125205,4.187875364278493,4.879067889780667,2.493298421759330,0.784036824473628,3.266794397571890,4.702194693639281,3.743873466495640,4.828533327449867,4.690154583344147,5.523205456126700,1.527145796118857,3.230169919703665,5.518369808922584,4.338188259227136,3.496338511332159,5.267136758708013,5.300607946277193,-0.064158895011988,2.955344128378926,4.272201660368827,0.862501590285610,5.191105532772012,5.454496377296074,2.239443791094017,2.388308469457486,3.147986230342267,3.788527798323276,7.183848498586564,2.980839739155121,2.684318957782792,6.853183912952871,2.369397203290196,3.160805640196760,0.730199789284805,2.520182631341530,4.329661304164580,3.805381989430342,
0.443480646984346,0.046214088443794,0.076055478871705,-0.706548713579824,3.913722931087473,4.187766400111532,4.877987299020421,2.492595084847784,0.784316802922159,3.271075970351615,4.700924589081109,3.744004245394368,4.829710388145167,4.691776603936119,5.519539895972041,1.528475828098615,3.228579569941443,5.516623713299177,4.342168398672415,3.499495563184988,5.269769564002110,5.301108754470954,-0.063400976567973,2.955348184529182,4.272912835588516,0.863098105507866,5.190464925713144,5.457412265634818,2.239457734191645,2.386669562108336,3.145826312861498,3.785595997894105,7.184900871588483,2.982593629521170,2.685550341608070,6.852716124773994,2.370976317489875,3.159696333922138,0.730099199468544,2.519960967490581,4.330587674980923,3.805381989430352,
0.446613723651773,0.044199534870707,0.075451976662558,-0.704192530839610,3.914285581052846,4.187712504609910,4.876667171809597,2.491555737088870,0.784058171767123,3.275373401720353,4.699389943774142,3.744156606175879,4.830817338863580,4.693642541651494,5.516208630214577,1.530086143247400,3.226756762041584,5.515311874672185,4.345941875555491,3.502666072554887,5.272078778944673,5.301996608646405,-0.062194989597714,2.955399763670988,4.273496434106183,0.863804289870993,5.190628807216203,5.459897068358149,2.239631559176751,2.384757907030780,3.143883959693924,3.783268981905811,7.186408087036346,2.983724140046793,2.686271467163214,6.852427552034154,2.372827229573434,3.158072289085366,0.730916300504963,2.520520739960222,4.331280744510222,3.805381989430535,
0.449398346451581,0.042259495516533,0.075008603956419,-0.702178678738539,3.914985987762230,4.187278675459769,4.875219423696753,2.490286070605844,0.783516185695014,3.279172428807330,4.697643505942353,3.744318056132570,4.831717881515985,4.695605856493372,5.513871836295663,1.531937193382321,3.224835400700207,5.514945796077400,4.348933703250529,3.505416587753588,5.273600687252151,5.302141022198513,-0.060587003081460,2.955100170062723,4.274368809088895,0.864365844724969,5.190515151545160,5.461557330685565,2.240057113155849,2.382849395763202,3.142269616951448,3.781645495428376,7.187098597649470,2.984267863719926,2.686898067516682,6.852485512989131,2.374680616855561,3.156341614610407,0.732341123860355,2.521671717118179,4.331641094606193,3.805381989430686,
0.451820282903056,0.040416429089692,0.074520259591614,-0.700389203847577,3.915629260532637,4.186912341466535,4.873744755838385,2.489057976291480,0.781786937445950,3.283354591294247,4.695842288409797,3.744482147374236,4.832466175616022,4.697663355476617,5.512132321564120,1.533844207281867,3.222838421905363,5.515296363291811,4.351538048946209,3.508227549887422,5.274932680223786,5.302776671943917,-0.058306587969567,2.955229782475814,4.275401261206336,0.865481201878104,5.191325922557939,5.462610749178167,2.240707737345303,2.381248894975885,3.140992548509657,3.780569912603189,7.188566929130888,2.983919727847745,2.687163925931232,6.852963058420745,2.376234785291445,3.154034254497281,0.735351429419782,2.524471183779197,4.331471304967870,3.805381989430882,
0.454680471248016,0.045829865653414,0.074653979017291,-0.697594308687122,3.916494584525378,4.188177812331677,4.887974160843824,2.495114240478543,0.788276045011977,3.288110522907426,4.697140969547432,3.744127012251080,4.836505277961247,4.682423309281543,5.501439628567362,1.533629034112627,3.237882060238925,5.502894401141621,4.354327590503995,3.509279660948879,5.275970139229317,5.303284782930611,-0.057931195270759,2.952824827048351,4.272285650136440,0.878725298482618,5.190897625911984,5.469078602194865,2.239505196780023,2.381727565014194,3.144114111157057,3.779290417195159,7.186122371116510,2.982151631579927,2.693055603966803,6.851341521005655,2.375817300762111,3.148746826599005,0.734461262200587,2.522466447779113,4.333854061409658,3.805381989430502,
0.458407792430138,0.047883485219314,0.075663334335876,-0.694696701130271,3.917570378020977,4.188755689951625,4.900521804948810,2.500172035686472,0.795607441368020,3.290761973927027,4.698776858987447,3.743733568489892,4.840227554408291,4.668935464215443,5.490949276348410,1.533089127800372,3.251178535454466,5.491163715656404,4.357518010921097,3.510096685569064,5.274878986565688,5.304303648706227,-0.057070054778014,2.950923236886497,4.269447082820949,0.889732124130489,5.189391568520756,5.476240867020904,2.238055957427842,2.381451932700243,3.146528557111790,3.777993031902589,7.184073463623389,2.980285906136950,2.697816092606333,6.849423836132376,2.376107625769910,3.144471422755405,0.732577803909712,2.519314195725777,4.336575002175367,3.805381989430065,
0.461903534982395,0.049493693516290,0.076410013317138,-0.691988777587418,3.918837428439703,4.188773148873496,4.911578382190948,2.503934844272778,0.802991285481254,3.292855192249899,4.699806786901362,3.743415396650135,4.843466893322026,4.656951679472589,5.481971574977451,1.533064553731222,3.262984506516342,5.480956612594488,4.360148662077747,3.509395043559730,5.273534126491844,5.304614418501014,-0.055934232228314,2.949302649230383,4.267391454290189,0.899644910114159,5.187384271433313,5.483178029389642,2.236426087785765,2.380559850206816,3.148276015132264,3.777125454183260,7.181637973920432,2.978832466971971,2.702394712129323,6.847185593317587,2.377041916346607,3.141003240753183,0.731001836841652,2.516824042783110,4.339502531362083,3.805381989429801,
0.465325193335449,0.051087271589808,0.076878075295414,-0.689403392183389,3.920030849769657,4.188903169866468,4.921504364286157,2.507286825272695,0.809632414216339,3.294984595704792,4.700480198318726,3.743158429985958,4.846553966036489,4.646231391185704,5.474123954585511,1.533290312034710,3.273559444859126,5.471904597523415,4.362417792947459,3.509074646869893,5.271680442380513,5.305559682131600,-0.055181629390796,2.946979920780657,4.265714685276194,0.909025937658876,5.185533473830906,5.489052024139079,2.235137056434046,2.379956546736600,3.149836115449653,3.776875852227139,7.180133583933481,2.977492115073527,2.707295418905055,6.845585598258137,2.377684837321536,3.137645065478443,0.729650972230474,2.514779563834747,4.341775051623351,3.805381989429601,
0.466861797371396,0.051741605203239,0.076241031223167,-0.687755697699050,3.921230704324718,4.188580596594821,4.931029677806428,2.511739016302817,0.815943999451266,3.296537055524085,4.701381237411304,3.742894295910379,4.849247158619482,4.635999293752736,5.467123462523846,1.533199629386244,3.283649052513320,5.463274717692726,4.364094949487446,3.508123743294643,5.268733840936246,5.307675718964677,-0.054011514436252,2.944148148381988,4.264357071457805,0.919472216141433,5.184695559434678,5.493733766133114,2.234213346296754,2.379259483421507,3.150670838241989,3.777675025635266,7.179842308613791,2.976476020681311,2.714400510623844,6.844544088275880,2.378385465015875,3.133591642622362,0.727243773840863,2.511816458978162,4.343464864469570,3.805381989429581,
0.466589962264923,0.051729367901678,0.074604236883328,-0.686785386129220,3.922397130401353,4.188091154074868,4.939216306755788,2.515319224398487,0.820821084325656,3.297936430430460,4.702279105171614,3.742648795334235,4.851524610896642,4.627211672511303,5.461669096013682,1.533007774677789,3.292318508403813,5.456228595119605,4.365093693262123,3.507403566474499,5.266234942736387,5.309874425039141,-0.053072021090923,2.941035716189972,4.263580459656937,0.928915705311050,5.183245233219790,5.496715631213752,2.233861526258512,2.377856837121912,3.150657201024502,3.778440328660639,7.179814640583684,2.975465456972328,2.721367613485081,6.844094163768290,2.379736313129980,3.130203586501888,0.725232751345299,2.509432748377931,4.344455534000622,3.805381989429660,
0.465645955650919,0.051132394263974,0.072847089859728,-0.685984739640880,3.923550020437566,4.187603294026555,4.946490531265178,2.518394467343502,0.824672369842315,3.299583577239950,4.703445312090929,3.742378845198220,4.853757045681413,4.619422116453812,5.457239753320145,1.532513311036925,3.300013248239127,5.450291451084077,4.365573948290220,3.507336751216461,5.263458649118032,5.312662260357626,-0.051596232146701,2.938462358597962,4.263265211707643,0.937308658793210,5.181138332486120,5.498492125128471,2.233916401360858,2.376767269897629,3.150257298752588,3.779489220620045,7.180432762412861,2.974636656881456,2.727772732802313,6.844176877179624,2.380768852827571,3.127193817214490,0.723268765472523,2.507291934817554,4.344869579854691,3.805381989429756,
0.464685202141399,0.050139542576308,0.071219994187933,-0.685274618793584,3.924659224765239,4.187045048209439,4.952546327731477,2.519289954665874,0.827460033226528,3.300836569230063,4.704774474357299,3.742105762303070,4.855631166331415,4.612906832864694,5.454107867784677,1.531788308158369,3.306451446608182,5.445713133803843,4.365471096939446,3.507484069818261,5.260033956937704,5.315727970431507,-0.049636685353843,2.935797967262020,4.263204514568818,0.945340903046762,5.179096111424807,5.499692661212523,2.234009549371213,2.375596548435549,3.150136667911321,3.781609863950440,7.181864886211608,2.973357151167166,2.734082526872194,6.844720334375165,2.381872708646201,3.124667089732590,0.722671958812368,2.506689709329562,4.344775473957838,3.805381989429847,
0.464237335535515,0.048662258390792,0.069175135771702,-0.684428555546821,3.925636779369585,4.186708992929675,4.957443156856111,2.518247200844673,0.829240331831291,3.302089569180418,4.706083770270191,3.741842437353014,4.857346736615482,4.607643427106868,5.452212184783607,1.531033992708906,3.311658266210464,5.442523081674477,4.364906471769036,3.508137928368065,5.255973495458897,5.319075240626666,-0.047519207498269,2.933918359339018,4.262936741324242,0.952449389970057,5.177877295064127,5.500308456967663,2.234297861925546,2.374111409411761,3.149613008164641,3.784745247114673,7.183937146985093,2.971709008850269,2.738515633134867,6.845454005106889,2.383339346386566,3.121902642606937,0.723212156523587,2.507269943413522,4.344393158967073,3.805381989429983,
0.463675072307469,0.047722317982612,0.067241099598046,-0.683585010654129,3.926770390129650,4.186010669031142,4.961448452152337,2.516151104299224,0.830614654394184,3.303207700829652,4.707290932494592,3.741608090491344,4.858608628702741,4.603389839367700,5.451825847922064,1.530312724783466,3.315881908430963,5.440771192692999,4.363416336994514,3.508769138889603,5.250813365848635,5.322966930876025,-0.045362856011129,2.931806075134895,4.262908874560530,0.959151610553024,5.176752392274056,5.500152046750090,2.234629567315395,2.373005602912608,3.148854527174777,3.789325022859551,7.186891480345515,2.969544985584093,2.742591027940203,6.846262245352264,2.384434529763363,3.119373981883176,0.724811661624199,2.509011859583975,4.343865800143291,3.805381989430144,
0.462855333749269,0.046204598905225,0.065123136893523,-0.683136908546828,3.927766512893669,4.185420805657790,4.964037397742254,2.513118916426450,0.830462510015609,3.304234075800838,4.708319215520470,3.741409154208249,4.859606984376260,4.600705409833048,5.453008709873453,1.529695786308677,3.318556174183274,5.440724934174552,4.361321027757898,3.510193425907125,5.245867430933490,5.326835349568441,-0.043806078998693,2.929222878028166,4.263139894399505,0.965038204572215,5.175408921017406,5.498775072805866,2.235514183010451,2.371604738334700,3.147756985382399,3.794217131365137,7.190023348299607,2.966688797389232,2.746401699965389,6.847853952190094,2.385800250687292,3.117019184936433,0.727572657717318,2.511931633892723,4.342455462939039,3.805381989430277,
0.461481198273368,0.045484784128809,0.062651805686356,-0.683031690911729,3.928694770005471,4.184792081379771,4.965720760905534,2.510039917777120,0.829465974367121,3.305159682515247,4.709181646684629,3.741240766439873,4.860418909573075,4.599015971820584,5.455167918769603,1.529190215487365,3.320247715477064,5.441783509588233,4.358845350588156,3.511567979641614,5.240370982934980,5.330171110993574,-0.042712353916541,2.927413206574533,4.263522794190170,0.969949799046276,5.173702404149702,5.496632064580163,2.236644493723431,2.370477983278913,3.146630597070799,3.799790900756534,7.192721362781675,2.963683135765351,2.749631167742562,6.849758777444935,2.386881382820374,3.114466185264575,0.730887537589800,2.515511399383638,4.340641483475133,3.805381989430372,
0.459808125208613,0.044930891713101,0.060329309560693,-0.683221235090050,3.929622787148980,4.183891843100732,4.966318191773324,2.506304293056773,0.827480854524808,3.305998362360516,4.710083716409756,3.741073922876020,4.860849913862925,4.598521402332269,5.458756179624582,1.528612462819010,3.320764785420664,5.444284232566261,4.355552567872921,3.513631394674692,5.236054064444705,5.332787944584517,-0.042314321661131,2.925870967210757,4.265111913746262,0.975524309447858,5.170815825829933,5.494027025392902,2.237960354502452,2.369467933575553,3.145491012111612,3.803873697021670,7.194916522523265,2.960950431389374,2.755267292439586,6.851911674290454,2.387850826171710,3.112181309591908,0.734125815864331,2.519176253520312,4.338551330320152,3.805381989430429,
0.458232539346907,0.044228143327424,0.058153559513464,-0.683233094250104,3.930494710368286,4.183142009644043,4.966068869073279,2.500351244442774,0.824844738651839,3.306288450118362,4.710670377279231,3.740936110961025,4.861311754884773,4.598990893052977,5.462916882988478,1.528353238203686,3.320342630321544,5.447577640669437,4.352337980895187,3.516067708065574,5.232587852674603,5.333371259474132,-0.040655595821749,2.924580843881160,4.266648260092512,0.980752028677962,5.169529550297838,5.492105856784164,2.239092300782600,2.368339272060879,3.144459115923875,3.807598587319345,7.195461094888710,2.957799514154781,2.759238329862482,6.853608287053480,2.388938853667430,3.110707380506206,0.738440441002533,2.523619281310756,4.336927288861062,3.805381989430741,
0.456135759573751,0.043469300937000,0.056281976044288,-0.683389848668805,3.931334503396207,4.182322489042360,4.965280420198277,2.492923792625936,0.821319058237888,3.306310145985393,4.711201345390136,3.740808357284511,4.861605662888024,4.600120240852950,5.467657434197987,1.528127809815246,3.319276242522123,5.451530048896152,4.348899407587906,3.518963387741322,5.229895108278622,5.334756445114340,-0.038572109225226,2.922965491627159,4.268659072427918,0.985608812498822,5.167673325642655,5.489938283025796,2.240379679124273,2.367258770333224,3.143660779370494,3.810695985909934,7.197221017401752,2.954618079408908,2.762908508242119,6.855460272615741,2.389966349550281,3.109228405798321,0.743288134681394,2.528580150854387,4.335106316619420,3.805381989430953,
0.453647236648575,0.042194297539471,0.053596352721749,-0.683994177313078,3.931996306760333,4.181638257304940,4.964170325677294,2.485980056670766,0.817393524252734,3.306238073523085,4.711715366440574,3.740684067566595,4.861913685331167,4.601580871149262,5.472238311585345,1.527908429557782,3.317880168660788,5.455561587583064,4.345658417281580,3.521605597040052,5.227443103924517,5.335357778197814,-0.036987457821295,2.921594712201293,4.270658829664869,0.990360443706623,5.166238833323388,5.487410759000265,2.241921614892183,2.365822707763023,3.142190934682397,3.813017602742092,7.198167532309854,2.951777947237598,2.766608386126574,6.857583421055744,2.391278523073487,3.107908135061182,0.747544374346374,2.532929002487569,4.333021679320467,3.805381989431186,
0.450982977853884,0.040638459546885,0.050999846452779,-0.684243504217826,3.932650962404765,4.181219287744199,4.962666392288813,2.478510274322957,0.813191686846081,3.306024595319537,4.712322797228704,3.740541532387321,4.862415143208877,4.603653371371442,5.476825406361022,1.527598078942175,3.315884939587590,5.459853866270933,4.342687917625369,3.525328497230591,5.226160665078251,5.335602004714453,-0.035003176465439,2.920604303490758,4.272948631885737,0.994736708617427,5.164757951145964,5.484781920240369,2.243639729916180,2.364983918779367,3.141024021525837,3.814129212660454,7.198992819324570,2.949075337710899,2.769771854206353,6.859693531248475,2.391999576082379,3.106969075898887,0.751840519591356,2.537135176290628,4.330996812279984,3.805381989431552,
0.448089342456105,0.039143469332934,0.048104150508890,-0.684636492658088,3.933330155951044,4.180728268332973,4.960597977464805,2.470471855161732,0.809005169106877,3.305414689981036,4.713106304751059,3.740370581687965,4.862864116853774,4.606308683895681,5.481375082596863,1.527138418501236,3.313300251690404,5.464569984868752,4.340012389883158,3.529245611513758,5.225507030954160,5.334521372534957,-0.033113065984892,2.919554541905374,4.275184779312705,0.998440146384297,5.163063516854063,5.481943189331743,2.245498819926939,2.364249605802898,3.139322393619747,3.814744840360827,7.198192486548422,2.946555086825036,2.772280521199036,6.861900795809344,2.392600900464319,3.107172383953082,0.755906081338883,2.541012261348226,4.328891469991191,3.805381989432029,
0.445355807875448,0.038228888158676,0.045340198573674,-0.684966653921128,3.934163314182442,4.179902064106133,4.958217707594715,2.463345926393809,0.804928309442539,3.304343895610752,4.713892628524269,3.740197510338681,4.863101172482163,4.609307159885947,5.486096202061137,1.526698036374997,3.310380004553692,5.469522761932756,4.337361480564915,3.533102677116306,5.224904126246503,5.333529816926199,-0.031687906753829,2.918163524599291,4.277589065770652,1.001765982839345,5.160801530433529,5.479494851281634,2.247166037377627,2.364008230184350,3.137584701376882,3.815237547246350,7.197562699777100,2.944089308078949,2.775075543498870,6.863924281045883,2.392699618619765,3.107464803609822,0.760081618898135,2.544934680579647,4.326967858712435,3.805381989432547,
0.445137522870453,0.040256332593568,0.044305354496910,-0.679081552733525,3.937805075639714,4.182184699969673,4.968787267012132,2.471556584857130,0.819067378302199,3.307243365272346,4.714459108615413,3.740043634467338,4.871770625910522,4.598151624664313,5.474004489277338,1.526467325784072,3.321403073052577,5.459223867991294,4.346033304198598,3.535043287860853,5.232804691854147,5.331193955679104,-0.034807821803491,2.914957415936887,4.270633098714197,1.007065551320442,5.161695912402287,5.489852305362069,2.243376059976844,2.364561673853656,3.139777943253628,3.811772611741336,7.202548742750308,2.946318812888993,2.776899188075359,6.856334270280694,2.392094152961522,3.103229742980750,0.757554326071388,2.541209392108414,4.335269590162433,3.805381989432092,
0.443320369681792,0.041880765977619,0.042147460376940,-0.674384480359958,3.941194418617034,4.183848134303200,4.977683264110285,2.478724111334296,0.831202342948245,3.309288451582914,4.715264801967343,3.739855609123927,4.879097525590504,4.588797511762376,5.463886096942494,1.526009371542382,3.330633491358442,5.450815883745639,4.353457579754675,3.536736077857900,5.240125308239981,5.329297622936974,-0.037627398926052,2.912434180015840,4.264427470301252,1.011842554346406,5.162242487723771,5.498351882489556,2.240383755892314,2.364977492336906,3.140561324832938,3.808450632695023,7.207190098773331,2.948235740396568,2.778666325404641,6.850006841266247,2.391558829402877,3.099608319193746,0.755567056789301,2.538113182937275,4.342279644536328,3.805381989431678,
0.440680981700757,0.043450498421525,0.039715273827613,-0.670450555337435,3.944423183536648,4.185008739248815,4.985909853671310,2.486793998829783,0.842474499957375,3.310638193265569,4.715482908472401,3.739766006356146,4.885526778417530,4.580208139771572,5.454770608840021,1.526047544178406,3.339109718390704,5.443249077539089,4.359961858772774,3.537542937866285,5.247015742668048,5.328866097161472,-0.039651571647985,2.910410186879294,4.259155414542080,1.015931186178368,5.162375446270866,5.506006368622532,2.237776574222853,2.365252586456544,3.140565369349058,3.804825590255796,7.212409054885644,2.950335739583297,2.780084306624506,6.844311365774037,2.391111965455158,3.095257947633371,0.753284115321440,2.534750393355830,4.348709296875110,3.805381989431137,
0.438007334198762,0.043575629339698,0.037565741529335,-0.666992882170359,3.947394964903305,4.185832407520197,4.993037634547516,2.493879033393112,0.852621596513855,3.311343931445408,4.715967177786561,3.739625463712697,4.891268432125440,4.572781363339432,5.446807570248980,1.525893017316650,3.346415489415649,5.436733917882868,4.365552178441059,3.538773100281846,5.253138129248151,5.330446026438648,-0.039610324382399,2.909439317597495,4.254151891168220,1.018990285330233,5.162102119415661,5.513205186885804,2.235281136597861,2.365041541178248,3.140456794636547,3.802063931910579,7.218630422351429,2.952960916575143,2.780636390266963,6.839078462723392,2.391138927095836,3.091836093736275,0.749993630146211,2.530461670061567,4.354673684547253,3.805381989430619,
0.435118948511174,0.043601670694059,0.035874665287325,-0.664112577119538,3.950254705342942,4.186095987812921,4.998955069670143,2.497728528014306,0.861269406709978,3.311207486599698,4.716665328369760,3.739460606072872,4.896039191935011,4.566617144389900,5.440398229491350,1.525504387944519,3.352483161136983,5.431688627566165,4.370182303448058,3.540084413250341,5.258405293551569,5.331594224047793,-0.039023111192734,2.908081554568627,4.250165456123050,1.021888282975954,5.161127196328884,5.519523841971405,2.233093014581085,2.364853801093660,3.140863045247974,3.799962519834922,7.224128553336769,2.954933333603157,2.781384985956236,6.834646944430402,2.391134827611282,3.089815709728477,0.747908899881899,2.527481266793487,4.359798484835613,3.805381989430142,
0.430228975073766,0.043923031893812,0.033018492340922,-0.662114032965139,3.952996106861298,4.186155085453362,5.003790765012901,2.500922352473670,0.868488253361498,3.311201565484336,4.717416296477941,3.739290115531930,4.900168317766481,4.561594095283342,5.435380518996710,1.525060335450973,3.357407238225688,5.428062821256474,4.373878707851345,3.540626582691030,5.262428474916589,5.331960262140340,-0.038607992050563,2.906863944643962,4.247276395554220,1.024615236295842,5.159047661023167,5.524562174509586,2.231352499611476,2.364832713284362,3.140568501108155,3.799422677144151,7.228434788055169,2.956128534921799,2.783173214707285,6.830905254923097,2.390930924941867,3.087719390217281,0.746964041143439,2.525836833368205,4.364150786095309,3.805381989429636,
0.422695988333982,0.044342482476615,0.028435571703465,-0.661480099115998,3.955430863772754,4.186321408583328,5.007658994053477,2.503399083628313,0.873736412271316,3.311942629890063,4.718437459645602,3.739089050423849,4.903895349448147,4.557588294458649,5.431700042121715,1.524312520793397,3.361315265340901,5.425607991855371,4.376682668195295,3.541413591672908,5.265772873219409,5.330960562037618,-0.038212291836441,2.906668271191429,4.245139633795275,1.026964790211792,5.155035665171179,5.526679452485459,2.230928775211222,2.365008582449749,3.139013939379074,3.799294823308383,7.230870711435744,2.957491921876372,2.785793932610709,6.828976391381360,2.390483717676749,3.086589709558467,0.746003246106042,2.524509397872438,4.366590300254841,3.805381989429010,
0.415169039783925,0.044007713441249,0.023579118373781,-0.661165922650249,3.957754874997453,4.186113660392847,5.010450496504365,2.504935313469406,0.877801835356970,3.311955293792624,4.719385437686627,3.738902278114967,4.906863851868936,4.554735585499325,5.429338607166016,1.523613460745699,3.364081960925705,5.424424198187183,4.378756998597928,3.542460220019434,5.268737608282557,5.329288950796725,-0.038381308102517,2.906808943050374,4.243434393404220,1.028791830121859,5.150996851761986,5.528408490668069,2.230649412813349,2.364739942580364,3.136970558592768,3.799342664897022,7.232430682374996,2.958198190320076,2.788056861305643,6.827406947112490,2.390457103581997,3.085973411507522,0.746002905662562,2.524149573630302,4.368662095425336,3.805381989428380,
0.407882676229992,0.043592367900805,0.019532745811644,-0.660939724420695,3.959880370469888,4.185870049226849,5.012219093977729,2.503025648107044,0.880871843349770,3.311976266471991,4.720313898707703,3.738720230611115,4.909173964892549,4.552966616923688,5.428428413372419,1.522921457332580,3.365784835853872,5.424562592652205,4.379856169519398,3.543970490225376,5.271028585701551,5.326479477723595,-0.037879789652610,2.907050445419507,4.242149225137521,1.030428166916330,5.147082629191854,5.529847870474952,2.230451349033946,2.364370858037169,3.135125200329747,3.799923916751507,7.232705504275430,2.958435166699938,2.789921510599247,6.825976804099515,2.390553240477198,3.086121779707821,0.746857390526849,2.524639619255796,4.370553719520356,3.805381989427860,
0.400103731389750,0.043092756115343,0.014157776231444,-0.661099766450766,3.962021417641967,4.185152926133822,5.013485735924784,2.501324114294663,0.883381900928477,3.311733425653617,4.721634760333765,3.738485904667047,4.910883753361784,4.551725350302335,5.428158190552519,1.521817249588039,3.366953146780131,5.425343302120393,4.380558965588266,3.544222766914153,5.272640108706197,5.322714287490104,-0.037822455530748,2.907590837534286,4.241296577812566,1.031811348421278,5.142979412729242,5.531800537205007,2.229849406824084,2.364332345946501,3.133505094929821,3.800890903270689,7.231915866015656,2.958512699743616,2.792025287026255,6.824306623403042,2.390337848643360,3.087084478870622,0.748416079576326,2.526028609704009,4.372698469387032,3.805381989427471,
0.391613598487952,0.042242855565399,0.010290871643396,-0.661845140696517,3.964072816214239,4.184119566717448,5.014250633262409,2.498037556990215,0.884691702373409,3.311135430427079,4.723274949792517,3.738211304381102,4.911852296425419,4.551095236252440,5.428985411955357,1.520365841568596,3.367529603356470,5.427087610570622,4.380338701501629,3.544734886099909,5.273958996319219,5.319323916919459,-0.037308480523613,2.907706423624757,4.240869078604263,1.033472844223501,5.138797249469003,5.532839469956789,2.229652874709296,2.364330824056834,3.132960167355147,3.801896778716392,7.231378542816645,2.958153516807774,2.794585060817071,6.823335062454567,2.390061249088296,3.087942431022447,0.750785668413959,2.528294605446360,4.374087772028345,3.805381989427127,
0.382775241309307,0.041376649323013,0.007477251735625,-0.662905833958949,3.966042869533439,4.182940340706090,5.014726551173982,2.494082839727999,0.885431398956580,3.310539063490627,4.724756229180261,3.737979205593399,4.912376862293342,4.550792734161961,5.430366482281113,1.519023084631584,3.367785614736917,5.429334716935468,4.379660114970295,3.545186632928682,5.274407589999050,5.317176563114351,-0.037118351146052,2.908243808662242,4.240371478627168,1.035000038458896,5.135398551665117,5.533291798370150,2.229682920913001,2.364354602058441,3.132953502908702,3.803675638518054,7.231761104365773,2.957726158526073,2.796657989472226,6.822708688093027,2.389768780352554,3.088147310890306,0.753285149323359,2.530722131828667,4.375113224837248,3.805381989426770,
0.374648758410724,0.039918753435674,0.005278693160874,-0.664115659613389,3.967936343204687,4.181502355592637,5.014600145062769,2.488419029410445,0.885241094870690,3.309123380024657,4.726018397819498,3.737759412667975,4.912351494185877,4.551324802240158,5.432800814266969,1.517911549217134,3.367235563074817,5.432697822970502,4.378363230044267,3.546150362951945,5.275006565644787,5.315373742893839,-0.036263167514345,2.909067552002474,4.239935821491350,1.036490038234301,5.133740380245322,5.533486001521550,2.229974178462846,2.363692804885643,3.133869593362107,3.805002239881231,7.232535681711209,2.956737350472713,2.797133241047824,6.822505926147343,2.390145509061965,3.088108950817760,0.756938215046988,2.534201443475846,4.375704038995344,3.805381989426543,
0.365220890076577,0.038041351650767,0.004445440132879,-0.665882928257811,3.969875712066478,4.179844582657511,5.013959422677606,2.480333562228956,0.884314776125919,3.307637177932162,4.727307366351577,3.737554683924632,4.911781471231537,4.552338554866798,5.436045320733758,1.516738510366043,3.366211560409345,5.436805050675357,4.376529499450402,3.546878927795634,5.275083770499171,5.313718194995537,-0.035471190254685,2.910121504106558,4.239785737797499,1.037883932119500,5.131573539882495,5.532645453984185,2.230721151483407,2.363241851596788,3.135352813075467,3.806895742526558,7.233251123828580,2.955198066539392,2.797886977000116,6.822803715907145,2.390303013168276,3.087887184365748,0.761087834654729,2.538152875183761,4.375774821304142,3.805381989426328,
0.355670648234004,0.035131927448541,0.004315983601523,-0.667959825485804,3.971737952939493,4.177937430093882,5.013039418459702,2.471337190758226,0.882837157642423,3.306176534578154,4.729323191198042,3.737237339275516,4.910934085372454,4.553655591265184,5.439859574317507,1.514827684943707,3.364891389691453,5.441291676934227,4.374167679288890,3.547710521129958,5.275132342061960,5.312574778923286,-0.034450574999890,2.912296062986328,4.239587928075308,1.039291655864186,5.129369156308657,5.531039351126254,2.231861003118785,2.362311791741699,3.137629279615877,3.808562545979205,7.234310717427190,2.954127675046215,2.798932810932632,6.823678775791739,2.390915938080441,3.087715181091253,0.764659057483780,2.541660864137884,4.375288115806806,3.805381989426195,
0.345193241831585,0.032465376891370,0.002185167870712,-0.671224151722613,3.973261913120222,4.175995710302558,5.011955216008570,2.462978639256472,0.880658609674673,3.305247479324163,4.731555468853621,3.736910029592525,4.909938195446062,4.555110084640166,5.443897177537218,1.512563317389497,3.363412153185215,5.446055848852788,4.371366152542413,3.547871850717782,5.274953641401373,5.312471616391695,-0.032688838712475,2.915119527077154,4.239648429118805,1.039862664339902,5.126033549702161,5.528035515160984,2.233788283305383,2.361171573134235,3.139246890972905,3.810508252254678,7.235640435495037,2.954058401329296,2.799347786158009,6.825505588764853,2.391782686600925,3.086528341336950,0.766690313674257,2.543872386492084,4.373734124453144,3.805381989426397,
0.335206858233445,0.029262775909854,0.000561153879867,-0.674319302258232,3.974827856567991,4.174057678647712,5.010760808148544,2.454240738673271,0.878786286997157,3.304029418312802,4.733974949475705,3.736555670798846,4.908920293854223,4.556664980319196,5.447755899734953,1.510105026248326,3.361830741145846,5.450731472092476,4.368717716021147,3.547988738981172,5.274619661520565,5.310827355155157,-0.030325677969200,2.917848457983301,4.239928809503120,1.040176506393346,5.122413879302461,5.524741859209076,2.235880496367762,2.360189153171316,3.140957520352559,3.812066582586929,7.235736043642243,2.954421611996985,2.799463194657879,6.827498955613220,2.392516738085075,3.086253303652854,0.768086083490558,2.545441153219544,4.372115029350279,3.805381989426577,
0.325084250548675,0.026740129681961,-0.001598022585250,-0.677531283276500,3.976368477525117,4.171947114067589,5.009558741206728,2.446807086020601,0.876657447165028,3.302712097754583,4.736479683754408,3.736171929931342,4.907830613428698,4.558216263747006,5.451596010876184,1.507588412324344,3.360251639858562,5.455314924695307,4.365942240077930,3.548259447487230,5.274163054854557,5.309584761750979,-0.028286526295197,2.920233993189557,4.240552067556304,1.040723124559919,5.118479225044982,5.521510312295792,2.237918154652836,2.359533932752833,3.142320519140671,3.813180223718767,7.236092490541290,2.954746476635670,2.800614930153909,6.829489715545924,2.392928556179553,3.086126907364439,0.769482225480593,2.547029527051794,4.370523606814448,3.805381989426816,
0.315441249245501,0.023824473681606,-0.003692364650977,-0.680407291853162,3.978514337447532,4.169587874244320,5.008068617249083,2.437637132345059,0.875945054498220,3.300157701517816,4.739457675265907,3.735685737497032,4.907181539508008,4.559992802932797,5.454746196547440,1.504616796972065,3.358435238284176,5.459556780299873,4.363774292992261,3.548256400976607,5.274077836184007,5.307264389481404,-0.026290668520501,2.923554796121101,4.240205958745205,1.040324548114430,5.116690590629727,5.519237792532506,2.239353072473698,2.357882878526433,3.143777782557025,3.813992054282513,7.235121743935023,2.955629777087398,2.798396325456947,6.830838976185927,2.394335741389211,3.086638786453765,0.769574819834269,2.546966877111775,4.369614576666984,3.805381989426950,
0.306545357616693,0.020481048222617,-0.005383369401024,-0.683557154834381,3.980654733036840,4.166980706959745,5.006825250619351,2.429596088742083,0.875396715816913,3.297566014313077,4.742570244299634,3.735180302973944,4.906320261294834,4.561552325990855,5.457926109976124,1.501485816658685,3.356843381804954,5.463656826366683,4.361324582554755,3.547500278881230,5.273311571829614,5.307406377689085,-0.025393561270809,2.927587652651674,4.239148536195127,1.039623386129075,5.116341843663257,5.516831590881888,2.240898825206404,2.356570973738466,3.144672052487781,3.814932247936264,7.236260370540007,2.956866117634466,2.794576262387011,6.832256789122269,2.395477763595526,3.086169049885605,0.769152924476745,2.546427976727591,4.368609055549953,3.805381989426969,
0.298709634842103,0.016589328523171,-0.007128747384022,-0.686431922515095,3.982788090622134,4.164301595511529,5.005288793708483,2.420195100110063,0.874636565219951,3.294778896959546,4.745042168152214,3.734787929863758,4.905358118093441,4.563375057194802,5.461253752402548,1.498997845656075,3.355002589567341,5.467965849805447,4.358868537463749,3.547320106733132,5.271469048325581,5.308119063401059,-0.024813717325735,2.931244050441638,4.238011555562351,1.038732946445556,5.115887118799554,5.514255670260452,2.242573466338028,2.354587662891949,3.145574478411285,3.816427769341080,7.237908501058916,2.958129519076938,2.790160345774606,6.833981459096101,2.397293880019816,3.085149555516252,0.768610066242559,2.545811592124059,4.367365080986818,3.805381989426977,
0.291781360361559,0.013115936443436,-0.008823989841336,-0.688939121494555,3.984930818980852,4.161559728913372,5.003481760554868,2.409559651699297,0.873699483957167,3.291959796604697,4.746866893611508,3.734506304776951,4.904245924031985,4.565355544867022,5.464698701032289,1.497189501498358,3.353013571744829,5.472472794190794,4.356502722311832,3.547788903387628,5.269491909835423,5.309058338676131,-0.024650212085823,2.934126153436956,4.237432630281138,1.037821780226826,5.113665683661728,5.511913825287454,2.244129374068956,2.352825020773210,3.146425570955192,3.817623644932293,7.239559981286861,2.959164883114457,2.787142630072026,6.835574542085467,2.398900113993972,3.084269145856740,0.768436341296505,2.545519594713639,4.366252561680649,3.805381989426964,
0.285680029428234,0.009604832806607,-0.010210846018197,-0.691036469687270,3.986970098517573,4.159087120832183,5.001079543230484,2.398828206959470,0.872625416007382,3.288785055290998,4.748821718608460,3.734157950362014,4.903324945503534,4.567959728469094,5.468025546562982,1.495319416344901,3.350391499380883,5.476972785576486,4.354739969979793,3.549177848114581,5.268142955757351,5.307998099243373,-0.025441356651474,2.937311346506186,4.237526427213642,1.035913134967297,5.109699096043000,5.509653739053982,2.245708579814333,2.351889018277117,3.146999797815243,3.817968932719060,7.239381391631980,2.960634583304280,2.783839915349513,6.837292231782872,2.399690209076521,3.086011491384739,0.768068541037835,2.545039521827016,4.365099179637403,3.805381989426817,
0.280450305837148,0.006485439834654,-0.011906201915284,-0.692983932713902,3.988905029181098,4.156701940302150,4.998636464809593,2.388447998660343,0.870956618881045,3.286115886015961,4.750687595203356,3.733830142459166,4.902274955828293,4.570729917710619,5.471625028760316,1.493528729023499,3.347614208057024,5.481689145228892,4.352803316225245,3.551141889514617,5.266094992989105,5.306422326965182,-0.026228507258329,2.940439659867163,4.237654674614316,1.034304450236104,5.105597509356290,5.506558488207773,2.247766461490866,2.351405623181885,3.147264138229956,3.818689608911925,7.238531233819048,2.961743363109293,2.781136137167850,6.839774397636736,2.400081375995752,3.088118168211888,0.768214073603011,2.545242561377643,4.363107979250214,3.805381989426670,
0.275967442376172,0.004302525635625,-0.013178180732524,-0.694709262274765,3.990777975685563,4.154410516826499,4.995782576690452,2.378118456718553,0.869110808461625,3.283625914073981,4.752174839994227,3.733591039038584,4.901161455306681,4.573939690483914,5.475452687603268,1.492062174774285,3.344403247451607,5.486659073909752,4.350908684339363,3.553681215441310,5.264071885320133,5.306187907910441,-0.026790396454351,2.943444794402370,4.237801236317292,1.032418685465692,5.101681479336087,5.503103345195179,2.250080895649789,2.351288597683030,3.147249735269236,3.819236478677948,7.238945708241903,2.962953022285596,2.778046229380601,6.842555851540260,2.400105944291985,3.090232228117219,0.768355213726046,2.545496736432068,4.360814959368725,3.805381989426480,
0.272339587479892,0.002091783934852,-0.014602745749347,-0.695875873959283,3.992085807038766,4.152900297069302,4.992442461133411,2.365595788433656,0.866242808425824,3.282237893003858,4.753299302293690,3.733392121365064,4.900429965638911,4.577582604756230,5.479293357624330,1.491011336394612,3.340772359109025,5.491589025409271,4.349425209110088,3.557745009899784,5.262667299023514,5.305851692529547,-0.026849344525720,2.946587975311057,4.238268939939291,1.030783090852843,5.097486642816150,5.499377622762065,2.252662881070715,2.350837536490476,3.147403923480637,3.819058291709887,7.239360888007157,2.964023697858508,2.775615641301163,6.845611664028303,2.400466835623388,3.092237218196052,0.768617538293657,2.545955235720910,4.358181346440355,3.805381989426455,
0.269759501958902,0.000564688667638,-0.016389194482754,-0.696701654092055,3.993580723042414,4.151222676628569,4.988873589610540,2.351700459879400,0.863388320563854,3.281112729104553,4.754569439593450,3.733172149620782,4.899409780088298,4.581450155863384,5.483582225952399,1.489792339004123,3.336917159358031,5.496916050443318,4.347694941247335,3.561029962285867,5.259625112928588,5.304732405783493,-0.026432150732757,2.949270422792187,4.238894306779154,1.029494839276564,5.093594306511497,5.495859548714270,2.254921290230670,2.350821864683680,3.146924639559218,3.820881355431450,7.239092117238032,2.963820241953848,2.773056133253520,6.848367190884801,2.400428790119985,3.094985938516520,0.770797341746886,2.548358316039430,4.355776778111607,3.805381989426454,
0.268627275309905,-0.000900467249037,-0.016911751684057,-0.696928495684717,3.994838438746741,4.149955160673051,4.985166678270712,2.338813633087044,0.860131716317590,3.280889660859389,4.755564781795928,3.732973810843207,4.898666962906297,4.585526525993724,5.487779573341454,1.488912584999852,3.332856827685885,5.502245338825126,4.346207050895128,3.566227350836145,5.256949835890340,5.303802971938711,-0.025040470418017,2.952034551639553,4.239267192915404,1.027926503623723,5.089031781636874,5.491304269849336,2.257922349074578,2.352145176678606,3.146676065430647,3.822496158734979,7.238542714985476,2.964352569460691,2.770800013339105,6.852124441227665,2.399082116352023,3.098817002988568,0.772125702305012,2.550097782502871,4.352442910181874,3.805381989426549,
0.267713801800252,-0.001992588556077,-0.017298113722175,-0.697021745437291,3.996002037596762,4.148693227768719,4.980935049644342,2.325410139042433,0.856710957597925,3.280244727437463,4.756071506329681,3.732855192929554,4.897812773161657,4.590117257679510,5.491880583662693,1.488593749614672,3.328277450340270,5.507558985405966,4.345290692539866,3.571917660562447,5.255536331166892,5.302050519667367,-0.024713816051668,2.953836937297098,4.240282798587059,1.026019755464628,5.083561427106967,5.488001518759907,2.260411199869879,2.353678326374268,3.146833844293632,3.822204483671173,7.237435716568453,2.964703764856659,2.768931294441909,6.855338813983876,2.397535432492092,3.103180798772301,0.773649985632727,2.551786268132819,4.349728829207392,3.805381989426513,
0.267127495280045,-0.002038285264777,-0.017790777410113,-0.697061104396786,3.997167417223830,4.147360739942386,4.977123591893413,2.313635239953650,0.853690048756908,3.279341817357972,4.756163063925424,3.732794179309090,4.896821702039115,4.594457556017571,5.495705168764858,1.488699480766140,3.323952381291634,5.512594032860025,4.344371674290766,3.576749380147459,5.254026103999101,5.300963576786013,-0.024070942476382,2.955302790016968,4.241239454028579,1.024568704430864,5.079258033704646,5.485350421448994,2.262557890036646,2.355159592926040,3.146812346915818,3.821806898367663,7.237180223712813,2.965014845871296,2.767028307067469,6.858151226837630,2.396033271594571,3.106971885457571,0.775464740879644,2.553670118436163,4.347449428071937,3.805381989426500,
0.266704301204001,-0.002240697075558,-0.018419837002248,-0.696948611638603,3.998699120662216,4.145723556896844,4.973462557686197,2.302616922887698,0.851398219212591,3.278048449449244,4.755833861270503,3.732880660207746,4.895943931550533,4.598586675231214,5.499350949984338,1.489090731014930,3.319830909922535,5.517362220734642,4.343512362628466,3.580127781810357,5.253809836055769,5.299358584111172,-0.023963107418892,2.956239224540328,4.243092746110862,1.023199239841767,5.073749569901590,5.483874489788212,2.264112581266192,2.356281315243385,3.146780832149309,3.819766413494440,7.236554307812788,2.965659636567395,2.766349866460700,6.860090568134028,2.394880692467361,3.110847135027525,0.776970884009875,2.555325405195584,4.346008328184579,3.805381989426398,
0.266394049764882,-0.003286768357712,-0.018862067236152,-0.697058451407961,4.000163646693323,4.144260103412609,4.970038848950042,2.291833067226141,0.849255029029263,3.277182970089850,4.755756806973388,3.732907693776151,4.895392117700573,4.602402805756714,5.502597137902501,1.489188871984709,3.316012191431069,5.521638551579794,4.342900119113922,3.583366454513423,5.253571902966724,5.297588160833651,-0.023819250188259,2.957135693831117,4.244637972598952,1.023052533572605,5.070402903832219,5.481453107332542,2.266361199509634,2.356985818160059,3.146975638640837,3.817571740742748,7.235538135618388,2.967067845192879,2.766542651640864,6.862574033981667,2.394186318447046,3.115000344661011,0.777051280640224,2.555487546952960,4.344036190139660,3.805381989426350,
0.266792939622744,-0.003692819412082,-0.019927550788125,-0.696825259656143,4.001687738209631,4.142787673987116,4.967243524787934,2.283969420455637,0.848263018799633,3.275621944552161,4.755372615241777,3.732974209191202,4.895300808840866,4.605714037833677,5.504909010795516,1.489620764827755,3.312694076376530,5.525045533310102,4.342876685461449,3.585402541699007,5.255257921993607,5.295416667522732,-0.022559673173847,2.958734043873953,4.246133035244511,1.022753859383609,5.067680499183619,5.481093345775789,2.267743054510873,2.357420910294734,3.146854477973096,3.813443870875754,7.235007380959131,2.969310508243479,2.767734393080573,6.863728604704978,2.393761505872291,3.118362716435485,0.776080992147396,2.554401326818070,4.343444551291314,3.805381989426292,
0.267346449663296,-0.003251706491676,-0.020537502996760,-0.696732835372779,4.002737793845604,4.141916207754105,4.964887799786458,2.277467017560827,0.847595690853661,3.274194081095791,4.754496595728077,3.733152066638228,4.895895719276185,4.608488715905090,5.506214886753937,1.490557033671409,3.309920933061572,5.527461804863880,4.343594602593344,3.587268999401098,5.257778579281634,5.291101643797834,-0.021704468579537,2.960292892229535,4.247245904007784,1.022109797905940,5.064226935373293,5.480923345682268,2.269231382234218,2.358469051741718,3.146862498106522,3.809282348439466,7.232392079733633,2.972060696411575,2.768815344225529,6.865288251724914,2.392746297953732,3.122491915703396,0.774023072688256,2.552075567250560,4.342498286238477,3.805381989426322,
0.268143596933984,-0.002956281425129,-0.021114917800983,-0.696603530279588,4.004024306155736,4.140591187379470,4.962277550470882,2.270907414975304,0.846714921961186,3.272821186567223,4.753315780666927,3.733437212097632,4.896442220218512,4.611480907283812,5.507949549447751,1.491725697416980,3.306943673063664,5.530427391041167,4.343742019869276,3.588791200076182,5.259520904863190,5.287085164623118,-0.021504485526288,2.961545678671212,4.248539016487607,1.021033574820862,5.060502212748217,5.480905222223372,2.270496523040206,2.359267759248953,3.146783913617952,3.806244721132771,7.230064303556524,2.973785534318416,2.769647338762291,6.866663892846063,2.391957454559518,3.125772765858808,0.773483912311792,2.551164341997008,4.341709244290538,3.805381989426405,
0.268802075805260,-0.002299514894023,-0.021661028128615,-0.696599891221414,4.005512224096092,4.138901403797417,4.959914545194950,2.265294605377359,0.846304016695265,3.271248820607595,4.752130853368133,3.733717600100146,4.896980911190049,4.614203028074269,5.509570214924304,1.492904504784454,3.304246381552205,5.533224355215942,4.343830989055970,3.589611860374153,5.261678024534539,5.285340009093375,-0.020781683055970,2.963257953843307,4.249896714065548,1.020105105602918,5.057292649216911,5.480716975512842,2.271917584539248,2.360077932359878,3.146495659541781,3.802494658069524,7.229745454066295,2.975812376290849,2.770644656325398,6.868043580779978,2.391155083637428,3.127870295939033,0.772106563682906,2.549499822478727,4.340974001624128,3.805381989426703,
0.269999677149409,-0.002047268304592,-0.021678331327868,-0.696097947236058,4.007224357124016,4.137006244126366,4.957819039050806,2.260290585824254,0.846382676698482,3.269805671812364,4.751168778089125,3.733911525489093,4.897937454495612,4.616620572944278,5.510439574812057,1.493938666042190,3.301840019439959,5.535314260975085,4.344724404113098,3.589674075567622,5.264686369570548,5.284462229297552,-0.019863923321930,2.965719766120284,4.251593476951028,1.019342916706550,5.053531569679530,5.482025952759594,2.272591954611054,2.360452022024178,3.147561774957303,3.798202169585755,7.230084761627590,2.977940755264356,2.772238077046853,6.868366902166996,2.390834490248795,3.130859083702400,0.770726248302147,2.547814822647872,4.341277051989199,3.805381989426724,
0.271683015067863,0.000180590899441,-0.021139754171980,-0.694933122910204,4.009097919299925,4.135017136150299,4.955624043821291,2.255218849899022,0.847128424936012,3.268363766030988,4.749640614402828,3.734238091309293,4.898708512598037,4.619095136652719,5.511166011006793,1.495510367146699,3.299380211862345,5.537434723523813,4.345676348111928,3.589117911837158,5.268004167404400,5.283230112142753,-0.019288836852995,2.968777374909845,4.253167404487270,1.018874433622434,5.051366255860492,5.484256233571924,2.272721535244437,2.361076008640989,3.149327666950830,3.793318447538499,7.229969656935014,2.979820604921707,2.773408370394902,6.867614398493542,2.390259822605218,3.133595523783548,0.769302220305544,2.545865185361625,4.342676171430643,3.805381989426718,
0.273876105607137,0.002880141026873,-0.020840948691993,-0.693475249638625,4.010808097780211,4.133209811050706,4.953313771033995,2.249346156079386,0.847251977653873,3.267727315072994,4.747943696206480,3.734584163088045,4.899326420395901,4.621650668169432,5.512010612280830,1.497265614392129,3.296844277213947,5.539700533105450,4.346591225739072,3.589861624080048,5.271007118633741,5.282061164599503,-0.018127145247021,2.971680222237888,4.254428156131442,1.018822029993434,5.050786999496035,5.486377039472018,2.272984676719574,2.361462273677756,3.151022796723021,3.788309724462285,7.230055924702230,2.981755616559920,2.773865740078421,6.866976502996274,2.389902474161436,3.134957059734383,0.767815950991884,2.543835531364192,4.343917810679628,3.805381989426793,
0.276331498126454,0.005311024220310,-0.021159429730341,-0.691902437487080,4.012688397807326,4.131266595499741,4.951200898780566,2.243922767823007,0.847625353036319,3.266909629881869,4.746193446125123,3.734930895578201,4.899760794901531,4.624048477835719,5.512852620241154,1.499086638315195,3.294467583503210,5.541939292311572,4.347364895667300,3.590177982258068,5.274238488239411,5.280112392968354,-0.016546856222923,2.974372342859672,4.255745858056513,1.018808569508028,5.050530617605950,5.488645738471443,2.273267663319161,2.361872794835501,3.152261015630986,3.782486309350592,7.229517414415212,2.983674679106697,2.774074764775797,6.866096039119751,2.389566293886901,3.135995534902422,0.766333723294880,2.541623827359432,4.345394092471053,3.805381989426986,
0.278746684409401,0.007132939310479,-0.021553710528181,-0.690601458220654,4.014291857854562,4.129639249284337,4.949079298742849,2.238533857708822,0.847648147284256,3.266576764163494,4.744445020848967,3.735273554847408,4.900127910481233,4.626416931873744,5.513689432844343,1.500910051585645,3.292123712314554,5.544145249057481,4.348114205087136,3.590533991602516,5.276725263414172,5.278813387328612,-0.014825966916049,2.977145781851622,4.256673158748372,1.018838325714798,5.050352920796239,5.489866377047986,2.274084328694408,2.361577839183391,3.152381591500899,3.777842370740837,7.229472094401277,2.985480237334086,2.774280477338884,6.866124127898987,2.389879233358326,3.136698733942887,0.764905001274595,2.539611778758791,4.345908315745735,3.805381989427080,
0.281411379473680,0.008450278227303,-0.022071472616389,-0.689199350112636,4.015938376662128,4.128042099993265,4.946865628052930,2.232446298708098,0.847481508742228,3.266989286622927,4.742665476669218,3.735617020038858,4.900040370979973,4.628782920073811,5.515150332936157,1.502754682682801,3.289792401188106,5.546876898893306,4.348265381172977,3.589920002208610,5.277374480288522,5.277669192015969,-0.012530290088500,2.979758035065048,4.257576838438522,1.019342258882206,5.051098707018623,5.490903134045787,2.274694021087303,2.361146211335031,3.152450410907360,3.775633963299462,7.229637089967551,2.986189749945086,2.774016653168330,6.866126808239201,2.390338454753609,3.136982714499798,0.765558773596208,2.539780150898556,4.346354747506319,3.805381989427071,
0.284432642589279,0.009612869394302,-0.021650665590610,-0.687557874700783,4.017590376859250,4.126384685518016,4.944598865658828,2.226477411762916,0.846938512891552,3.268091323773032,4.740981781775660,3.735932277961960,4.899976101799334,4.631201491036660,5.516689187887616,1.504520392877081,3.287416547100778,5.549659169574156,4.348383961107373,3.590373263724070,5.277843913302751,5.276229422242842,-0.010565299633181,2.982391869423061,4.258174548709394,1.019626152442343,5.051725527519862,5.491871875482081,2.275248862191639,2.360993682061723,3.153092307309803,3.772804157390982,7.229746631695168,2.987034183762269,2.773567543366737,6.866183565363508,2.390548731124458,3.137290751404588,0.766020209625388,2.539944951531101,4.346703026413226,3.805381989427293,
0.287707702015810,0.010823384692467,-0.021723925768442,-0.685702714626173,4.019311622701622,4.124692411555211,4.942149463652065,2.219361534006590,0.846391122313216,3.269658437237110,4.739250673216649,3.736241931892015,4.899717833632366,4.633659570274834,5.518425721760011,1.506350061698905,3.285011095293207,5.552657878920277,4.348366907895412,3.590448362378073,5.278270486653387,5.274419816270582,-0.007791106900909,2.984795779083921,4.259346612988188,1.020523066286078,5.052366956850673,5.493142541560026,2.275538541292887,2.360881205549375,3.153316758456866,3.769989026475662,7.229679745137402,2.987592114145911,2.773872856072078,6.865914326679697,2.390730937371586,3.136849368550915,0.767333959421810,2.541063363713263,4.347348061063731,3.805381989427653,
0.291509780496079,0.011904674682903,-0.021308663815143,-0.683408783523996,4.021007242259619,4.123248292717453,4.939858287183933,2.213031333759576,0.846197036659387,3.271783835902438,4.737261603587166,3.736589248359478,4.899890274696442,4.635987614594439,5.519356583504855,1.508453491673764,3.282743362207593,5.554898582080050,4.349195863136869,3.591355793451084,5.278833535584152,5.273670875642551,-0.004332577097099,2.987398942584631,4.260516047639185,1.021759183212349,5.053128610165607,5.493067441017779,2.276780129395530,2.360689608277001,3.152328575163826,3.767430440459120,7.230193889879660,2.988702748060566,2.774408441509273,6.866677290744576,2.390966015882356,3.135247243180436,0.767396986534701,2.540924465105331,4.346916901114408,3.805381989428040,
0.295377570055602,0.012787772086768,-0.020979801740412,-0.681195878519726,4.022488247372715,4.121999488992730,4.937671936412303,2.207040133165283,0.845622420096448,3.274420348367784,4.735073833855016,3.736958764271276,4.899902737368725,4.638307592969265,5.520072541331634,1.510774176351590,3.280486762567665,5.556991146954081,4.350307133123799,3.593282278992160,5.279384066588328,5.275540423851511,-0.002469903680590,2.989459793743685,4.260957232036843,1.022882118771016,5.055702194348449,5.492509201099425,2.278389938429820,2.359875642153614,3.152105395587659,3.764469839211376,7.232878883952665,2.990013839664913,2.773221665083655,6.867881076176126,2.391788251739092,3.132196617445505,0.767118413280357,2.540414086400031,4.346006340829039,3.805381989428458,
0.298817522993901,0.013557533865133,-0.020812642788982,-0.679262171453586,4.023920794596388,4.120668148898100,4.935469582472383,2.201592677276742,0.844348811581812,3.277421607687241,4.732515405475371,3.737410861333693,4.899471380134349,4.640681524663377,5.521090092115681,1.513401175194957,3.278181329723445,5.559604834864197,4.351160950325994,3.595267860717473,5.279575647571981,5.278163492370980,-0.001154967235850,2.991630811361418,4.261656306667120,1.023741287869637,5.057344663878149,5.491500579550091,2.280083184642423,2.358539182471929,3.150808024969710,3.762637734929928,7.236440973628178,2.989933299894594,2.772966284015324,6.869414080175288,2.393065630841044,3.128330166155753,0.768521381208059,2.541495312723221,4.344805430693833,3.805381989428768,
0.302378850835472,0.014867504935397,-0.020339285514094,-0.677284795590990,4.025343278994510,4.119383191429159,4.933067736024881,2.196103417128032,0.842813044066720,3.280571065614972,4.730147890177846,3.737825589350761,4.898938629624591,4.643256544858501,5.522113162944673,1.515826557684786,3.275674156171194,5.562201793729554,4.352115665125048,3.597652601188533,5.279966661459382,5.280237125690345,-0.000546379278797,2.993744657218255,4.262646171595999,1.023914954644222,5.057333516386256,5.490788867131654,2.281581664510345,2.357673093741766,3.150128132968553,3.760586647611167,7.239509034432776,2.989665852968161,2.772922011264319,6.870748348515655,2.393894450404717,3.125360039761082,0.770302772463142,2.542951982226886,4.343794042212568,3.805381989428903,
0.305380467237118,0.015662593490052,-0.020044246236415,-0.675889397830296,4.026780670921802,4.117902761870155,4.930657321962951,2.190822938249725,0.841321595435587,3.282884708372530,4.728035371817144,3.738182258471541,4.898455120637372,4.645814101723522,5.522949748480053,1.518045234072782,3.273174382735657,5.564630259761758,4.353164373249149,3.599385602184982,5.281373039942920,5.283107060893833,0.000755542799736,2.995885261968121,4.263567787478112,1.023313763270689,5.056842603323323,5.489699042030338,2.283439668454480,2.356834205317624,3.148793002704296,3.757726137318849,7.243166159378445,2.989545209719675,2.772072390320452,6.872652308462542,2.394667518235966,3.123372566825501,0.771517674372236,2.543779837287338,4.342363549222291,3.805381989428971,
0.307140195356080,0.016920715488873,-0.019219118222076,-0.675122447375467,4.028167875388876,4.116454726827871,4.928506607062030,2.186146812539538,0.840141345416004,3.284603166180304,4.725910983635526,3.738529269415424,4.898081372362736,4.648130719186424,5.523914604488887,1.520272931224475,3.270908864398409,5.567110763539914,4.353868998628390,3.599617082286602,5.282874567108312,5.284781311692330,0.002527219370458,2.998549901836419,4.264486158927037,1.022580006506677,5.055444470135717,5.488347773432667,2.285265958666371,2.356178586523944,3.148371768619732,3.755188505787261,7.245779582603954,2.989688436516077,2.771439495576932,6.874776834261555,2.395223409046859,3.122048820216840,0.772714439402795,2.544734375003503,4.340642172888139,3.805381989428972,
0.309003186638122,0.018738445753873,-0.018278368035188,-0.674184098240999,4.029534175129455,4.115082096502441,4.926965251478446,2.183152592906500,0.839540161588912,3.285779625753255,4.723548215097402,3.738916809732478,4.897991254086957,4.649924166043260,5.524011319407836,1.522686596877830,3.269165131767960,5.568638939416833,4.355104652450944,3.599552301068332,5.284799100685110,5.284894697136153,0.003469982695793,3.001354664700068,4.265628345778218,1.022168352057369,5.053828850962831,5.488030464269841,2.286777065824110,2.355789233072135,3.148676922652688,3.751402945948954,7.247496938431532,2.990382212595966,2.771133072037157,6.876335914771369,2.395542687641658,3.121127002002726,0.772985443861239,2.544658730203199,4.339617458232198,3.805381989428796,
0.310720875961367,0.019814101313880,-0.017374513416477,-0.673123290558250,4.031132450172056,4.113416888121241,4.925563891061124,2.180240709475900,0.839486560342882,3.286373968758148,4.721504652700379,3.739247048419882,4.897815749368317,4.651521965928071,5.524140113475498,1.524789674082763,3.267611769432544,5.570131780081056,4.356218572874154,3.598053809351472,5.287337496877968,5.286032577587825,0.004591053251146,3.004840746009939,4.267264843125270,1.021633244580299,5.050962047296092,5.489092124230084,2.287585340653139,2.354863733952823,3.148680302679854,3.747179539728165,7.250242901453957,2.991215551068165,2.771146645715466,6.876836070840241,2.396382235670376,3.121473012166981,0.773414959518096,2.544708462010759,4.339664948010746,3.805381989428593,
0.312410859614484,0.020667937675438,-0.016358418066551,-0.672096548505125,4.032852492221449,4.111646725243170,4.923904604854774,2.177126917262875,0.839423938230873,3.287023722608275,4.719200293084994,3.739633768835144,4.897428008051462,4.653363278942126,5.524749866143671,1.526995880517587,3.265811257087332,5.572044321860320,4.357013756340899,3.595868398279313,5.289033204989709,5.286436423802129,0.005008809113458,3.007341666390660,4.268716970862925,1.020594396067906,5.047748692423066,5.490259831522919,2.288127457971204,2.353534564397638,3.149374834205935,3.744181203013274,7.252024672279471,2.991616927857934,2.770801067370648,6.877059559333979,2.397708726129809,3.122110748781814,0.774803144727741,2.545819014220473,4.339881186918965,3.805381989428339,
0.313661646029052,0.021416877560517,-0.015520615709640,-0.671324915005573,4.034622824550562,4.109811996257172,4.922136756042401,2.173830187435158,0.839420827031422,3.287266073188571,4.717182356783150,3.739970437655596,4.897093041502782,4.655274960794056,5.525433022094493,1.528943895767512,3.263932354705952,5.573985734225912,4.357643441434843,3.593639730825327,5.289926504427263,5.285570238054137,0.005305307538523,3.009673613717536,4.269727818930043,1.019331734915944,5.044719933670136,5.490868902959124,2.288879457760766,2.352610271446102,3.149373729394884,3.741684677188827,7.252345185921951,2.992420277009320,2.769636004821164,6.877703697513259,2.398606013503033,3.123558040210739,0.775593358539825,2.546370792123111,4.339695727141091,3.805381989428072,
0.315082237149838,0.021650704641275,-0.014527268361294,-0.670577142367581,4.036602348142019,4.107648690613409,4.921428058762133,2.173650453640448,0.840644491137228,3.285761689108432,4.716333573318193,3.740131086151480,4.896892501061531,4.656400570436356,5.525608657976037,1.529865872878092,3.262858284165356,5.574952219575200,4.358091865911388,3.590692890545835,5.289991847203484,5.284011778677229,0.005429519869876,3.012327994484314,4.270392466251957,1.018413340612116,5.043481463492741,5.492513409696969,2.289073928988193,2.352437350117012,3.149686421358338,3.741722172046030,7.251841861974266,2.992357877428520,2.768280215563468,6.877909183298430,2.398753251127216,3.125594437691217,0.775261917515697,2.545682511349128,4.340033458128357,3.805381989427671,
0.316377169248000,0.022068897087349,-0.013700239080612,-0.669776950179607,4.038478302518487,4.105568073703639,4.920691870419011,2.173170074649902,0.841625857436074,3.284708206427195,4.715777273897744,3.740248503419425,4.896612673615389,4.657488256193101,5.525738056958695,1.530495720376206,3.261822397839703,5.575871769002137,4.358637798185779,3.587839200369957,5.289921483618187,5.283307730936614,0.005763427452678,3.015138477132427,4.271193494584076,1.017512746271375,5.042128431542987,5.494260223691761,2.289205511109392,2.352580123482207,3.149600479774825,3.741695245158823,7.252236050415221,2.992170416738050,2.766964814026556,6.877905299180714,2.398595935098780,3.127674397831061,0.775276181838447,2.545268460064241,4.340571283950953,3.805381989427168,
0.315476832232399,0.016038647962881,-0.012741649418947,-0.669821163424183,4.040573855452461,4.103103016319242,4.921871006269559,2.177959092987013,0.843723115796042,3.281639864591176,4.717328176768215,3.740106075866626,4.896011269604525,4.657283240369780,5.525929113615044,1.529056417633911,3.262074342907053,5.575530323530329,4.358174543159138,3.582113517288317,5.289335036593837,5.282288776726559,0.006847136728692,3.017704329225453,4.272555546740962,1.017109179194704,5.042235636214309,5.498343429200316,2.288159912640428,2.353701804782840,3.149134950231028,3.741358725515756,7.253203075828908,2.991552378333295,2.765450034962289,6.876281522031529,2.397492117590130,3.130643838650240,0.774951396915687,2.544097737057287,4.342776569720650,3.805381989426623,
0.314805481038318,0.010595055990703,-0.011753457112323,-0.669864748342912,4.042185446456145,4.101295916200187,4.922743549345229,2.181728653862297,0.844933692175668,3.279863858722214,4.718634024607734,3.739978450495081,4.895688265300582,4.657211979017227,5.525636662170617,1.527880336393897,3.262187924910725,5.574864693683680,4.358323472419756,3.578223539365236,5.288761540452210,5.281394466248264,0.007758192971516,3.019748300227539,4.273495908937919,1.016618525694491,5.041688554760897,5.501853371425410,2.287400193491664,2.354910645342772,3.149347361883120,3.740639476786235,7.254175218881244,2.991119015004325,2.764786398653174,6.875348982254542,2.396277316652281,3.133085304705445,0.774529129054768,2.542841609838398,4.344247766733104,3.805381989425903,
0.314741516881701,0.005751651850668,-0.011248309178065,-0.669692377709508,4.043767230417969,4.099712793568066,4.923335217055190,2.184510779090920,0.846048849316849,3.278577939226505,4.719733095690148,3.739874255389173,4.895147382749797,4.657261764475679,5.525691797439733,1.526896720610675,3.262181566604851,5.574650512589971,4.358200076757947,3.574063645051595,5.286928734520655,5.279805991077053,0.008928263422106,3.021513920573751,4.274288385321640,1.016261907452850,5.041078690340657,5.505330959038660,2.286472868595395,2.356089568271323,3.148890813128928,3.741434621435948,7.254340557033951,2.990257202719386,2.763757794330811,6.874356680067232,2.395104526232438,3.135299501015187,0.775192653115044,2.542771364138083,4.345728885126329,3.805381989425296,
0.314749811144361,0.000916052193704,-0.010918044655092,-0.669400659036398,4.045390420290291,4.098155396863990,4.923645222456567,2.186402071977811,0.846896572251632,3.277809319504955,4.720647130499622,3.739775707208569,4.894374764978713,4.657534849123349,5.525994671599373,1.526112546826064,3.261954209520082,5.574868739096766,4.357979322008505,3.569723221831918,5.284560361724878,5.278064032752405,0.010359457050941,3.022890831753410,4.275100774838747,1.016215162088705,5.041129279317295,5.508681421530452,2.285499882640309,2.356981818278658,3.148022162536807,3.743544912136064,7.254156006475962,2.988659657663152,2.762195753430698,6.873263686203251,2.394251450008259,3.137537439433303,0.777368070318046,2.544174765127138,4.347241108675179,3.805381989424691,
0.315186584425885,-0.003403058429161,-0.010603002695517,-0.668913179121432,4.046961998783352,4.096821286966890,4.923973257982007,2.188145488233991,0.848171239577758,3.277042346376404,4.721301546868200,3.739714146435891,4.893899623510956,4.657734210611342,5.526083576284413,1.525548200964016,3.261795900833465,5.574901548233631,4.357915866232590,3.565178262127213,5.282028235749244,5.276667821841580,0.011598888599534,3.023773309751097,4.275751028618755,1.016068302576237,5.040792241022406,5.512320871054603,2.284345973332949,2.357656469239791,3.147402473648756,3.746199190659947,7.254185543220045,2.987481764777022,2.761062344991345,6.872006590383012,2.393611811071017,3.139020601908602,0.779162725703450,2.545307981056045,4.348905309585946,3.805381989424248,
0.315464884268392,-0.005007634269194,-0.009991188647151,-0.668199465568721,4.048531559984315,4.095432479238521,4.923957576315097,2.189494467934262,0.849313108956303,3.276301716059776,4.721718948582724,3.739674311242212,4.893206752036141,4.658257793362687,5.526392739313367,1.525256236803437,3.261326917956790,5.575354218977541,4.357791787757667,3.561294571728140,5.279364148183267,5.274171989111868,0.010864631218489,3.024287319449143,4.276190315584653,1.015398008654587,5.040434287062602,5.515808356943873,2.283180461765505,2.359096973315228,3.147223549920195,3.749269721931533,7.253285254668296,2.986044407544412,2.759253232429415,6.870781529832196,2.392214567629646,3.140807438349789,0.781587586641320,2.547049351858587,4.350484583762768,3.805381989423910,
0.316350069357442,-0.005752699293775,-0.009761353061789,-0.667469203497444,4.049884004735511,4.094243276335629,4.923767586421090,2.190077260987721,0.850383088476285,3.275632052369942,4.722174629047946,3.739640974770373,4.892844469770506,4.658747682602372,5.526497642177458,1.524889770312573,3.260885874154764,5.575672095583496,4.357798602137978,3.557582675710404,5.275657170089179,5.273509867520166,0.009657099150824,3.024291032196160,4.276706567241465,1.014698669107290,5.039306184188424,5.519273814979333,2.282093500401230,2.361503960441619,3.146736881531020,3.753595441876713,7.254010099815343,2.984647927793284,2.757604534147922,6.869776591906846,2.389847762029023,3.143947086214778,0.783872178499774,2.548571200842328,4.352072098057024,3.805381989423563,
0.316820844179337,-0.006561208570441,-0.009250468962787,-0.666861111694414,4.051169502699409,4.093141888081305,4.923468780810460,2.190206233818546,0.851336491707077,3.274858592643763,4.722553223584828,3.739617310169064,4.892517083725671,4.659245010774757,5.526535634126258,1.524588550489633,3.260430689237918,5.575976865813935,4.357982395357211,3.553901384157440,5.272447064984805,5.273354815056342,0.008403096437900,3.024365644750987,4.277316653846167,1.014113152005673,5.038123105569769,5.522470104351437,2.281100179370012,2.363648043541926,3.146924779933346,3.757673274909260,7.255197342700011,2.983251459539067,2.755977763433581,6.868987946347671,2.387688877009920,3.147853104679104,0.785954798526608,2.549966587406189,4.353458819555197,3.805381989423409,
0.316850870079938,-0.007149297970915,-0.008514350088086,-0.666456915227490,4.052462513772641,4.092007324246678,4.923411532883597,2.191045499156008,0.852279730261784,3.273917355879917,4.722647803092258,3.739611977085044,4.892163346317054,4.659727549796307,5.526377563472725,1.524593639630678,3.259993502971200,5.576252398136595,4.358268229647565,3.550068554902477,5.269435334436517,5.274498839201791,0.007518637437356,3.024993773665644,4.277796716596671,1.014059379064764,5.038593625730106,5.525550183911061,2.280239226698797,2.365588787323079,3.147688681284617,3.760511050901467,7.257545831726467,2.982151510408585,2.753752663386312,6.868327790037614,2.385696878536253,3.149965029441418,0.788003871614624,2.551292394549107,4.354724855038087,3.805381989423390,
0.317048154679900,-0.007539692992640,-0.007675289081658,-0.665979979233336,4.053819582156081,4.090861617136972,4.923299950246956,2.191792043369600,0.853488862629502,3.272943762505304,4.722665054209576,3.739609849843221,4.891718511632465,4.660239284448380,5.526304788826249,1.524709972346713,3.259521843573332,5.576716929474009,4.358414643519698,3.545675393674408,5.265942375738574,5.276123579437596,0.006902183878729,3.025199335483780,4.278717595658177,1.014088309854648,5.038790426556510,5.528535182380091,2.279293678020716,2.367506107142820,3.148956854949197,3.764089910162939,7.260099801981528,2.980787342445117,2.752324897930358,6.867533493682049,2.383742430409511,3.151145023317742,0.790276388346016,2.552974600952568,4.356091249569170,3.805381989423283,
0.316533449109466,-0.007490007558592,-0.007604388119676,-0.665631673818708,4.054958118772626,4.090075520872642,4.922913007028220,2.192152381577851,0.853908104199687,3.273418557829775,4.722531472691951,3.739616077363783,4.891253620073480,4.660986901250529,5.526296681373855,1.525027494668113,3.258805913301644,5.577391580768357,4.358723272172861,3.542806315280156,5.262162625005099,5.277391521193895,0.006481422618872,3.025647847285131,4.279325641070156,1.014098937523554,5.038393877031784,5.530031029376318,2.278941214734632,2.369332283708294,3.149287671213949,3.767636007760220,7.262090743195724,2.979647946350673,2.751268086014198,6.867418756925632,2.381829509825686,3.152108814162540,0.792276224274409,2.554545210446751,4.356706683367558,3.805381989423133,
0.316380685310588,-0.007518019874518,-0.007920004835312,-0.664926555034022,4.055792655244574,4.089603238734738,4.922418982376096,2.192235566714747,0.853330301819807,3.275435172353061,4.722266081052187,3.739615225539477,4.890969970380281,4.661897376186240,5.525781283422878,1.525518244319848,3.257932910346086,5.577675672565528,4.359851880616730,3.542348879289126,5.259389379076465,5.279820829897077,0.005777736165967,3.026801793116304,4.279975074732826,1.013845453425147,5.037241154265352,5.531185077985129,2.278943293113030,2.370773321150646,3.150220154897394,3.769234457084014,7.265153113908242,2.979038776356745,2.750798746465243,6.867636195934363,2.380269362667135,3.153224002921218,0.793639282760051,2.555495893625687,4.356952258488281,3.805381989423068,
0.315810325882626,-0.008310226181078,-0.007944914846197,-0.664578316471121,4.056620711699205,4.089015017103449,4.922029779343048,2.192487643157869,0.852531129284771,3.277305895789887,4.722063492007615,3.739599207155486,4.890636870575193,4.662732466649277,5.525326491651839,1.525944486477701,3.257138350560499,5.578095120720083,4.360853732616657,3.542332629780882,5.256775855538692,5.283464416666842,0.004834083023160,3.028192648946411,4.280473034752852,1.013973272718519,5.036899577285760,5.531667788293275,2.279304091679490,2.371607019507169,3.151961696784817,3.770144622466684,7.269388471794277,2.978800926152101,2.750455413825978,6.868380754004161,2.379290585448494,3.152638146370872,0.794500290994288,2.556001043635142,4.356752364466721,3.805381989422901,
0.314784677747861,-0.008990913142272,-0.008156850944719,-0.664380536935790,4.057281467099418,4.088632939447389,4.921392623216748,2.192366593711474,0.851368881032125,3.279849930567367,4.722119424041076,3.739544916425738,4.890378941715054,4.663749084846695,5.524607442174503,1.526116723303500,3.256159585597715,5.578342716061325,4.362272323060635,3.543436933328643,5.254742329475709,5.285202581808225,0.003729289938272,3.029542518577228,4.281207056445767,1.013828554484605,5.035228208362220,5.531354466503718,2.280125720625781,2.373052618378956,3.153204905166521,3.769829807654222,7.271708178434605,2.978883513862177,2.750733454328226,6.869621201964132,2.377719240020978,3.153329164546808,0.794806590805217,2.556015077784250,4.356066553425990,3.805381989422866,
0.313667401846860,-0.009454238951835,-0.008829101323996,-0.664244276413416,4.058032154929597,4.088134233916850,4.920516204444869,2.191728946841301,0.850318076212414,3.282057078842291,4.722312859661144,3.739464315171394,4.890200937835912,4.664926861237150,5.524142449694308,1.526188280116878,3.255017298364149,5.578817902831945,4.363416958919064,3.544452202698150,5.253750463524691,5.286902709305727,0.002890451762707,3.030610419628121,4.282956896112245,1.013008745769840,5.031049438599891,5.531110864524067,2.280929548160929,2.374453777777586,3.154122430355988,3.768389470576515,7.273984757731070,2.979171840850548,2.751676758212124,6.870624288792126,2.376171718580610,3.155188860199559,0.794966781712302,2.555949231800079,4.355591274676617,3.805381989422612,
0.313504726957599,-0.008724767039647,-0.010174088775668,-0.663612163790793,4.058939658481327,4.087648495754900,4.920648940436942,2.194121945166529,0.850382777963824,3.283804307892560,4.721909229824312,3.739452693118120,4.891052496322894,4.665887184875443,5.522124266658248,1.526861488484048,3.254081220908629,5.577822262899258,4.365738617028804,3.545814521775180,5.253430645518103,5.288351460265424,0.003112047100017,3.033290482705453,4.284263049217447,1.012817301695701,5.029632117909355,5.530800589334739,2.282013685298125,2.374842367432284,3.157230327402946,3.764131437112805,7.275228918224219,2.981231278220144,2.752548138985037,6.871703594260215,2.375508618438972,3.155079240760116,0.792799680736966,2.553547466251197,4.355125376614872,3.805381989422321,
0.313346840816372,-0.008079632768189,-0.011460597309755,-0.663393097314792,4.059804140540794,4.087109309480135,4.920635705691985,2.196246766909697,0.850240046673281,3.285435927074140,4.721600128996552,3.739431892458280,4.891865275018835,4.666910690297501,5.520447981045937,1.527430095959812,3.253084524247668,5.577192357673709,4.367736756141710,3.547048439666646,5.253905695876808,5.288711238739794,0.002692491493444,3.035268626677925,4.285944812494971,1.012757839587291,5.027843955127578,5.529874243200115,2.283525503239270,2.375170273043891,3.159739760843266,3.759329238708446,7.275645020357816,2.983381957964701,2.753961193704273,6.873224379323599,2.374941619592001,3.154558504723247,0.790360238005595,2.550926078887046,4.354202506440509,3.805381989422000,
0.313390523325824,-0.007090953649235,-0.012205119726737,-0.663024688709748,4.060628114997535,4.086639243113135,4.920563758440037,2.198267144945596,0.850109443763763,3.286983550350355,4.720674476659913,3.739513533087085,4.892569987937466,4.667933247792192,5.518526694139172,1.528493924853890,3.252088335624364,5.576435696334723,4.370084807039474,3.548381581487605,5.254792653686295,5.288440162034275,0.001695313365677,3.036822216535845,4.287656952701784,1.012574463532991,5.025947957242643,5.529130360376825,2.284982465736008,2.374882924828019,3.161847770336066,3.754098188054064,7.275828101912550,2.985557426465207,2.755253279394105,6.874751606741599,2.375011955004537,3.153391914000803,0.787970080601236,2.548283264265439,4.353287973369695,3.805381989421692,
0.312894391611178,-0.005649423141823,-0.012426729680308,-0.663101180066245,4.061346643587123,4.086159393917818,4.920362714107398,2.199719788866919,0.849587482291040,3.288262327069502,4.719698951281329,3.739613042447389,4.893042334768237,4.668976775001154,5.516996167675195,1.529576918034510,3.251074453528775,5.576040208126457,4.372130322693554,3.549348236533484,5.255894283154145,5.287885187903677,0.000940167360825,3.037371433148532,4.289587340488499,1.012551776127131,5.023329806853193,5.527904369278617,2.286654152786991,2.375017426229177,3.164388944592876,3.749407935280880,7.275816853283950,2.987440598075998,2.757175018914123,6.876670978370091,2.374651579563329,3.152811771681909,0.786067052577444,2.546091686489227,4.351946361507343,3.805381989421553,
0.312788894734097,-0.004256892066227,-0.012623505893159,-0.663124267922649,4.061961627995856,4.085970794452736,4.919830557157195,2.200064196197770,0.849213488096035,3.289414354340812,4.718877588905792,3.739698694407462,4.893474522788713,4.670077168925277,5.515533456055068,1.530486207934899,3.249999923724696,5.575754771696374,4.374130867587037,3.549745012568093,5.256501754956285,5.288117014425358,0.000116896537314,3.037486020174146,4.291448257976644,1.012435369434375,5.021221637569496,5.527196060557808,2.288002469203167,2.375413071545022,3.166822699346733,3.745973609219591,7.276631385569733,2.988836948586736,2.758095380141412,6.878347391764835,2.374037533272495,3.152523854925494,0.784898164426442,2.544585122060392,4.350862551462208,3.805381989421416,
0.312918884409415,0.001359394914622,-0.013077515234972,-0.662302023351793,4.062840284286021,4.085584961845264,4.919436790289845,2.200647628128865,0.849905529273957,3.289534546406930,4.717183199791854,3.739889455965221,4.893770587615532,4.671061093107786,5.513961918798105,1.532245279983803,3.249056677198420,5.575568167495486,4.376009797464941,3.549776539995386,5.256951239887878,5.285797694171673,0.000475725033528,3.038001667182624,4.292585943233875,1.012464528785402,5.021462905756137,5.527668785102143,2.288681505659324,2.376962249259383,3.168886626836801,3.743231816254664,7.275231729621223,2.990268838941416,2.756847304977854,6.878907977619771,2.372319452203422,3.153058016624547,0.783393289828979,2.542466741647739,4.350888291917741,3.805381989421385,
0.313601625050382,0.006378867508898,-0.013881952333347,-0.661239748087309,4.063607353054255,4.085461361396881,4.919024849207870,2.201094301334281,0.850414598604289,3.290212587897034,4.715340865596199,3.740082678115885,4.894008955637125,4.672073444236824,5.512517262319430,1.534171068020157,3.248086020993697,5.575600800082095,4.377836352210622,3.550172336278938,5.256630731730525,5.283248646857318,0.001251765072392,3.038257042662969,4.293483004255095,1.012645694426994,5.022091151080259,5.528234118106651,2.289243173092845,2.378153399651793,3.170832556683108,3.741299518890050,7.273775990556596,2.991428746565393,2.755226667259308,6.879428344717230,2.370954063297857,3.153092072378080,0.782420193295388,2.540941002230584,4.350952540494975,3.805381989421207,
0.314372810635860,0.010455547264941,-0.014287442175243,-0.660321136772112,4.064171468556084,4.085550077903564,4.918112388894324,2.200761856967963,0.849787113637575,3.291820677396089,4.713148012270502,3.740327278300581,4.894021681938311,4.673508607578020,5.511619206448056,1.536366446071570,3.246680295101337,5.576233464447839,4.379523281416503,3.551280879225343,5.256546101350941,5.279522028667353,0.000653003935989,3.038378158455665,4.295211556521062,1.013073080475819,5.021432223226039,5.528244871765319,2.290052993964142,2.378703407817801,3.172722036302279,3.739763723482400,7.271294460101102,2.991580201688905,2.755662660961706,6.880313457557015,2.370268424586063,3.153064171323001,0.782941664020294,2.540946716298433,4.350576471657333,3.805381989421240,
0.315031088451384,0.014889169883643,-0.014571093021860,-0.659564690404954,4.064739350912383,4.085574089314621,4.916989731060734,2.199697430465530,0.848829531745652,3.293296462035488,4.710926971873024,3.740571514971852,4.893712686222936,4.674989113636768,5.511287268378343,1.538590384256315,3.245233342319560,5.577367767504071,4.380719103716110,3.551878485583881,5.255639384742803,5.275669264534560,0.000974924604307,3.038414319775734,4.296994620263483,1.014042497468147,5.021836507077865,5.528162605587795,2.290778433275392,2.379490159918153,3.174542620267438,3.739660686622114,7.268882070006637,2.990913747605446,2.755827890071129,6.881249553353476,2.369354971891992,3.153448297211564,0.784900907101591,2.542355717957233,4.350160705925290,3.805381989421315,
0.315933007811379,0.019229282000147,-0.015399439488004,-0.658546409006295,4.065496583207840,4.085387834853967,4.915788734025339,2.198273293663695,0.848128753917483,3.294360402998010,4.709071796640715,3.740780734966286,4.893065221916850,4.676405639549673,5.511438419548751,1.540441716789346,3.243857890922239,5.579037540025874,4.381384246013554,3.551825151674257,5.253956263002204,5.274134422517649,0.000889661028448,3.038276595757448,4.298524537768045,1.015470760989021,5.023881161774206,5.528864135504429,2.291027470792391,2.380447376498655,3.175172407441972,3.741037389459348,7.268526213935931,2.989542064686872,2.755419650014398,6.881516361331043,2.368347050019929,3.152434349151539,0.788061416661745,2.544777338061238,4.350402318830625,3.805381989421457,
0.316476895737699,0.025156082233361,-0.015976456456432,-0.658466109234428,4.066715187490176,4.084531082229470,4.915483869306945,2.197837658640458,0.849784948966111,3.293338746644993,4.706718015161433,3.741058460218051,4.893391913319478,4.676890533909782,5.511092155150922,1.542613358582957,3.243431649681008,5.580327144734420,4.381475206339091,3.550501469365085,5.252216574668712,5.271277188681796,0.001799428761471,3.039170952784775,4.296504163785166,1.017161314530799,5.029645246619480,5.527073495717948,2.292563909219658,2.381068705982710,3.173859421524656,3.743861635192415,7.266811871339056,2.991193029219131,2.752060161833583,6.883851223262230,2.367616109907412,3.150198469214056,0.785601696847004,2.542273473168363,4.348511604796250,3.805381989421540,
0.321309847361262,0.021670803548957,-0.012525262142559,-0.656509298869970,4.067698896276167,4.084429778652182,4.915634302888908,2.198676390646582,0.851005894525923,3.294052502287103,4.706703134218430,3.741074277991088,4.894219352948864,4.677112577901558,5.510183442538167,1.542855288522388,3.243257576269546,5.582100611722176,4.381555205371230,3.552179984574481,5.249191770968404,5.269945708700686,0.004730092720949,3.039767013607807,4.294933309220029,1.017513047579726,5.033132555415225,5.525828508598346,2.293824446526084,2.382154169309223,3.172671956383893,3.749195328056762,7.265533802582794,2.992333112165813,2.748462718420924,6.885855835839302,2.366457342491830,3.151076070320145,0.783353405181564,2.539887254187551,4.347028549720364,3.805381989421702,
0.324827944113505,0.018435503959771,-0.008330862809531,-0.655073824990361,4.068621496381989,4.084222911559985,4.915601360128891,2.199157646897342,0.851774513602043,3.294653689429577,4.706592165615210,3.741100689314938,4.894769087262220,4.677537617019953,5.509461197764923,1.543159324909731,3.242879076870187,5.584083430494106,4.381688657792102,3.553091295410256,5.246853910391563,5.268606939845370,0.007935164884901,3.039803123691414,4.294037540595903,1.017979419887473,5.036360611525396,5.524748989584741,2.295008275986227,2.383441730688244,3.171841075630081,3.754343473033967,7.264400982607421,2.992840560241701,2.745036283797693,6.887806814528046,2.365053250525562,3.151644646206105,0.782567559251622,2.538890757852972,4.345611703789222,3.805381989421839,
0.328334810818415,0.016760769847162,-0.005112199721114,-0.653323971660546,4.069562854811971,4.084033755884014,4.915418979548754,2.199228015175812,0.852706441220130,3.295180517131502,4.706127475310358,3.741147498565718,4.895387809623263,4.677988596807789,5.508515561293445,1.543818910390350,3.242478227142001,5.585812059862417,4.382149507450578,3.554348986674592,5.244518897135617,5.267003702075972,0.010997370213213,3.040215620961994,4.292883559902640,1.018566665818178,5.040141970210881,5.524080018473847,2.296043543309489,2.384079459744130,3.171509047256759,3.759363033611623,7.263035171002248,2.993589369078410,2.741311202618874,6.889580983711213,2.364288842389110,3.152009120107286,0.781477731855827,2.537480930692943,4.344460898285524,3.805381989422004,
0.331489271267036,0.014919512983239,-0.002247394572965,-0.651801699978777,4.070448471516877,4.083799339948086,4.914829537087030,2.198303107145743,0.853180192125654,3.295550011128795,4.705419124317085,3.741190857959403,4.895793845475206,4.678556118054632,5.507849639106567,1.544749378820578,3.241960922818520,5.587841375530703,4.382510518632595,3.555514185175444,5.242533745059997,5.265124295007705,0.014462575781828,3.040669359513337,4.291834064032307,1.019341995312684,5.043814360544557,5.523814918223454,2.296881628634065,2.384421435808154,3.172096397232067,3.763961460048423,7.261533308221464,2.993817295960804,2.737582988598346,6.891166324722523,2.363782562091451,3.152105541230611,0.781559026622264,2.537183236771210,4.343516602272461,3.805381989422107,
0.334371509654989,0.013456402980688,0.000177448966978,-0.650366188288354,4.071139940747137,4.083796503408237,4.914000152720494,2.196815446084714,0.853115558583302,3.296480326617673,4.704323176585385,3.741261693995488,4.896120634851791,4.679269832449394,5.507239134761591,1.546060210649405,3.241296977455855,5.589982602444324,4.383059088013857,3.557150520836050,5.240344468698409,5.264502458842006,0.017555430073267,3.040926351178999,4.290648464195828,1.020378911186215,5.048499972262096,5.523034621847960,2.297989286638119,2.384187003932988,3.172427246235139,3.768619640472915,7.261256198227074,2.993664646485125,2.733235570577731,6.892991655709317,2.363872327132786,3.151143624767351,0.782345589803436,2.537560443271988,4.342303520475665,3.805381989422147,
0.336893650396215,0.012402510027996,0.002439969024857,-0.649076947334344,4.072009893304585,4.083459049781157,4.913140784086299,2.195164342945700,0.853129195327104,3.296698132669235,4.703160996336912,3.741339070594237,4.896199213824390,4.679949691749258,5.506922110175228,1.547415392079285,3.240668631933492,5.592317226596982,4.383348027599919,3.557740144903580,5.238744152024577,5.265123189463176,0.020935767305748,3.042203727690071,4.289835796628091,1.021952956365707,5.053429400562115,5.523096253681152,2.298756630993739,2.383892537419588,3.172917831529208,3.772501671257119,7.262418341557205,2.993266711762402,2.729457336123605,6.894301112739339,2.364014523429028,3.149409218394372,0.783737535006777,2.538419775589770,4.341600011801144,3.805381989422123,
0.338598131460216,0.011045144308767,0.004810717600071,-0.647961185693336,4.072913274207880,4.083076759330074,4.912282473093923,2.193488220115555,0.853208377592687,3.296744735782275,4.702098205940848,3.741405919052351,4.896057810224318,4.680644202633632,5.506735679035568,1.548668199287867,3.240024315574070,5.594728406025498,4.383564085187330,3.557674932666014,5.237173692885006,5.267878565921443,0.023675957765876,3.043645458367921,4.288823452565370,1.023450659731817,5.059041236069208,5.523330023150807,2.299438395510451,2.383457084800396,3.173808973560460,3.776486672984900,7.265763467055947,2.992527320035562,2.724634689472830,6.895173443720774,2.364285146621649,3.146824321458247,0.785634938361055,2.539578846971532,4.341322130518527,3.805381989422093,
0.339807987492862,0.009557786423383,0.007124542819157,-0.647033763638836,4.074338406204078,4.081987870507374,4.911414448544653,2.191703440892973,0.853907632543404,3.295915059898757,4.701034574927477,3.741470263319592,4.895785301562175,4.681343785070070,5.506843273647074,1.549909685018118,3.239369054796089,5.597503246714646,4.383450400741815,3.555436521709955,5.237007081078392,5.270354074040278,0.026742252306382,3.042949825021147,4.289554099191550,1.025240221087570,5.062517283052247,5.524638958021735,2.299510285949678,2.382787353426689,3.174551989495504,3.779720584390988,7.269006391450878,2.991192941462564,2.722056531076305,6.895186904756397,2.364779873606821,3.144375460694782,0.788942602806278,2.542200864720147,4.341913064339414,3.805381989422577,
0.341881756910722,0.006244698980481,0.009385780172724,-0.645814492148057,4.075642007899614,4.081028582885423,4.910157264397056,2.189290368729939,0.854893541419513,3.294306324583910,4.700363390022233,3.741503201837194,4.896007595377481,4.682342260273738,5.506014416134121,1.550806740729574,3.238396428788957,5.599328166939253,4.384316133231181,3.554591327835301,5.236473785740703,5.272321878736393,0.030366316468639,3.041021110398373,4.289646044977563,1.026319400784060,5.065210600507246,5.527645766991305,2.299041588579739,2.381833627607048,3.174784943260466,3.780990872661215,7.271317725852389,2.990304567865468,2.719299355443545,6.894648379075846,2.365556848075790,3.144764848344100,0.790440559661855,2.542784779247237,4.343145423686313,3.805381989423180,
0.343609435600151,0.003384494400183,0.011081513502120,-0.644840900868414,4.076968310520797,4.079970486665776,4.908680781269686,2.186750323278492,0.855365708504605,3.292245219306964,4.699846660284047,3.741525555007864,4.895889241654887,4.683577916192110,5.505950257051713,1.551560316061455,3.237179790586959,5.601816309719725,4.384502640736510,3.553883573691478,5.236436671331753,5.273907979444441,0.033035408321064,3.038429693817156,4.290361907765907,1.027225626683913,5.066835645050688,5.530400503222793,2.298669552953742,2.381086063855923,3.174773087040800,3.782132545404430,7.273405864583687,2.988576308207924,2.717746120889124,6.894229306238852,2.366132521336541,3.145196710633016,0.793062389143408,2.544395566904323,4.344180937551348,3.805381989423823,
0.344020296127947,0.001235841494269,0.012030861844064,-0.644283726443734,4.078340817949929,4.078800779495543,4.907411828227843,2.184564368426925,0.856189268491946,3.289589976064064,4.699289560194079,3.741551628498478,4.896056646045631,4.684630750927236,5.505349093680644,1.552338251099160,3.236139616982131,5.603621380257835,4.385167411732381,3.552810148438267,5.238083629725428,5.274731798690283,0.035629375949219,3.036455336080551,4.291311887480339,1.027687233949833,5.067240021098555,5.533289785074200,2.298368220963960,2.380395065298467,3.174192338830552,3.781609676060918,7.274453741918908,2.988090479578767,2.716134509657112,6.893558362282954,2.366626872417796,3.147036893607980,0.794256424543772,2.544501886072800,4.345518745451316,3.805381989424315,
0.343388307933382,0.001259206522516,0.011940166827613,-0.644497523010317,4.079809261033550,4.077246271556498,4.906310975382587,2.182617072486620,0.857023299888363,3.286221979384184,4.698767977118927,3.741576804260222,4.896282452933338,4.685516122867416,5.504820762638167,1.553038804969240,3.235257661734090,5.605277911719133,4.385755935869498,3.551345230389831,5.240963150609032,5.274908703667721,0.038205577347636,3.035012770537117,4.292221674793144,1.027123681097180,5.065910379976833,5.535193519089523,2.298684002370202,2.380745409975980,3.173121651403663,3.780818895008772,7.274663597071744,2.988840475693119,2.714272122244144,6.893384543298048,2.366098468908769,3.151819463624347,0.793990848321555,2.543440042460575,4.346374108846955,3.805381989424785,
0.343389254162368,-0.000003053642536,0.011183933867499,-0.644026636326587,4.081147176636476,4.076032327655008,4.904982685360742,2.180131741177031,0.857241360521932,3.284574003872557,4.698400773937595,3.741585418797220,4.896579732744980,4.686451766411668,5.504080663104064,1.553605242863101,3.234330910511710,5.606687401059006,4.386852021618888,3.551360668707728,5.243364087206286,5.273709528282821,0.041220421111704,3.034521161230852,4.293559250975123,1.026377874436843,5.063314685583448,5.537354309850889,2.298860404580398,2.380507065602918,3.171869983808909,3.780082393602142,7.273747871215305,2.989019909895214,2.713050898634213,6.892883053741065,2.366194403087825,3.156823917097953,0.794304834517133,2.542923768941319,4.347499489008892,3.805381989424901,
0.342874345800459,-0.001266972701598,0.009907844853527,-0.643825620711882,4.082308662996971,4.075032412755469,4.904017444412967,2.178326216180973,0.857428062783655,3.283008442132839,4.698055624234110,3.741593938599940,4.896813930342006,4.687119284335703,5.503127704410746,1.554132393992879,3.233688308088868,5.607871583619890,4.388019855842587,3.551079599346164,5.245870353891952,5.273941699968152,0.043761392464619,3.034223803972711,4.294960707711611,1.026177892523850,5.061657044959546,5.539329572864503,2.299065753376965,2.380273089243947,3.169985463225595,3.779323049427486,7.274419784338460,2.988767887839667,2.712275027856796,6.892390517592881,2.366253823392360,3.159874767382921,0.794889646105911,2.542575315957718,4.348631566827144,3.805381989425113,
0.342058540820014,-0.003625545724717,0.009109818567209,-0.643991130349384,4.083314660879061,4.074120307478190,4.903240344104909,2.176882065329925,0.857210086529429,3.281587473851552,4.697852048592199,3.741597824093414,4.896879641748692,4.687725461692313,5.502433237296946,1.554500969481395,3.233113339683378,5.608972062744226,4.388973250399939,3.550947432631096,5.247230545246712,5.274811801242044,0.046059266143546,3.034068287166737,4.296197920867021,1.026517134223538,5.061052077008366,5.540369725242607,2.299726865194784,2.378500610270919,3.168938609167961,3.779378352970561,7.275831181793762,2.988648470708216,2.711711262973152,6.892631218815700,2.367808189524987,3.161125668093369,0.795364362775007,2.542195160349818,4.349093037684876,3.805381989425262,
0.340039631624116,-0.006194257867183,0.007365474762516,-0.645109775865804,4.084341245592973,4.073161894978221,4.902555666657967,2.175623074627120,0.856912099400404,3.280240298304114,4.698020119452167,3.741580142394155,4.897034999305331,4.688257035653697,5.501883032667609,1.554530537093245,3.232608068539359,5.610164843266639,4.389643983991430,3.550284641001512,5.249972183641482,5.277303900453669,0.049409196930408,3.034380961244883,4.297755685028531,1.026801018353303,5.059981926347267,5.539325460786315,2.301411723108620,2.376333756270853,3.166679703979975,3.777478090742723,7.278432463945047,2.989516352886171,2.711660535681529,6.893908158499898,2.369720470341560,3.161935601458846,0.794593267785194,2.540849759160193,4.348507327739097,3.805381989425563,
0.335689155115974,-0.007561933835101,0.004468393933375,-0.646740244134899,4.085472213794827,4.072004239029043,4.902019986741860,2.174567245022696,0.856713488160926,3.278818271521376,4.697835375807924,3.741587008347161,4.897078162514529,4.688665298594776,5.501523614363734,1.554802818009861,3.232235980373762,5.611516631937617,4.390061378092672,3.548816549221526,5.253174841935362,5.279352490943150,0.052786444446141,3.035361760469003,4.299421759255306,1.027638016095802,5.058716148943282,5.537535922416867,2.303219480920720,2.374603134634457,3.163562835470729,3.775201591920956,7.280510187016334,2.990500702990069,2.712668690150865,6.895116835756225,2.371142317350427,3.161920590087874,0.793778374723912,2.539415857084641,4.347982439772394,3.805381989425805,
0.332110347089600,-0.008577859710310,0.001896929774883,-0.648198694979577,4.086665084370559,4.070711879224099,4.901943289141782,2.174095325772298,0.856745570611694,3.277053423715067,4.697373103316201,3.741613137758273,4.896970272585421,4.688618909471191,5.501142280511781,1.555272049210008,3.232320040536147,5.612696799022655,4.390289671727317,3.547467749062901,5.255505147986375,5.280904944138913,0.055239928393218,3.035237067923663,4.300998775559098,1.029222724588355,5.057802278727083,5.536137013830008,2.304684659924057,2.372466621102091,3.159456398988242,3.773224401442683,7.282400224148462,2.991458117085009,2.715088373266250,6.896478646528283,2.372937499970498,3.160601765625731,0.792626640123021,2.537679725207675,4.347359328235559,3.805381989426228,
0.329030304201489,-0.008441549565751,-0.000353041014493,-0.649382275073334,4.087738500816704,4.069475553044883,4.901346964694478,2.172550425856516,0.856285645234466,3.275623943812826,4.696658505424015,3.741649687635163,4.896869309926339,4.688758652100868,5.500514807363021,1.555994328683561,3.232213449133669,5.613362377857624,4.391120766801837,3.547643957463431,5.256881701658539,5.282270835410330,0.057524173532684,3.034563416475994,4.303361033632805,1.031235620789050,5.056424254443722,5.535041526150606,2.306030887711675,2.371309771453246,3.156009738085227,3.771680830663766,7.284131467160734,2.991960489045886,2.719344388051787,6.897929887634162,2.373787831988105,3.159708405844459,0.791662951632506,2.536153111696887,4.346707024247764,3.805381989426730,
0.326094041011208,-0.008249559804057,-0.002400485387279,-0.650549884154142,4.088674868142009,4.068397701395710,4.900491782775041,2.170932900710795,0.855076765711654,3.275035267519210,4.696059559530278,3.741679866864117,4.896534993481985,4.689225809913522,5.500229838630095,1.556614934761557,3.231781629292124,5.614656901461695,4.391809251811682,3.547812858660080,5.257987218883835,5.282911180757087,0.058353745702300,3.033884165114431,4.305777585951859,1.032662798799643,5.055088654858265,5.534157435329234,2.307219401491592,2.370221130273527,3.152670535932156,3.771167559997754,7.285440746543948,2.990944215100740,2.723032514672797,6.899315402430892,2.374599868375942,3.158670495302927,0.792957582354006,2.536766060305326,4.346041986659230,3.805381989427163,
0.323265978194198,-0.007727156765696,-0.004190504754149,-0.651662861573726,4.089597477464594,4.067352634136925,4.899486106516860,2.169255817960814,0.853655958208386,3.274902996704756,4.695459959616886,3.741709560752078,4.896182757505886,4.689871189389411,5.500054321157850,1.557235049161103,3.231170031003169,5.615984540527966,4.392526230109260,3.548082177691694,5.259314390380648,5.282725335888743,0.058661646597609,3.033509910208326,4.308438089149473,1.034000553457072,5.052941613872056,5.533236826565079,2.308368857662825,2.369362507972607,3.149553620826889,3.770513290185622,7.285905146371657,2.989841048429345,2.727427519512800,6.900634458920689,2.375209440903796,3.158010816082158,0.794571426209712,2.537766104089586,4.345363655522840,3.805381989427674,
0.321060221162439,-0.007379294461901,-0.005870910226871,-0.652611000015579,4.090401303590422,4.066626936067553,4.898154386500247,2.166825440867405,0.852582516819795,3.274516507235932,4.694899077492337,3.741736804720955,4.896165553092247,4.690557672983396,5.499448732479973,1.557814706939618,3.230509073560805,5.616874945930197,4.393682091809803,3.548181852588304,5.260517218951114,5.281947684184804,0.059050845985114,3.033781791692426,4.310688348633742,1.035423448794288,5.050956489788950,5.532510310570994,2.309425837882085,2.368411496730908,3.147026842000586,3.769709400693665,7.285682533614051,2.988919998629174,2.731743531355008,6.902008197586606,2.375914898012329,3.157804648101739,0.795759875080778,2.538301912531271,4.344657179754146,3.805381989428175,
0.319093913144426,-0.006791047492758,-0.007446863650876,-0.653527113646481,4.091096130644313,4.066028421805057,4.897058161832221,2.164892795446845,0.851586865512887,3.274167092271564,4.694430159236622,3.741758807137487,4.896115506739742,4.691242755793806,5.498816652617892,1.558303323710155,3.229844983716018,5.617667193935939,4.394778815332065,3.548227326819223,5.261149564873295,5.280353458073717,0.059915963088494,3.033969823708717,4.312670043966521,1.036714604305570,5.049297567368462,5.531782108220429,2.310430318708562,2.367786085270103,3.145245299139007,3.769334535535608,7.284819573903135,2.988238991302807,2.735842952288232,6.903416259563799,2.376294205028160,3.157984247888581,0.796932340510753,2.538868340434052,4.343920611463213,3.805381989428712,
0.317012173102389,-0.005979107629225,-0.009210271849869,-0.654203185214504,4.091837732441009,4.065458850350353,4.895940433576588,2.162971832192898,0.850682461453058,3.274287276179777,4.694096092337790,3.741774998604046,4.895911596773212,4.691978387493651,5.498279566569939,1.558658337187299,3.229128120927921,5.618482909458426,4.395897882103610,3.547909520435097,5.261392719344831,5.279415276456348,0.061035479407692,3.034204314779419,4.314208128746231,1.037554379031542,5.047765401994528,5.531069888481851,2.311415137489038,2.367109188292877,3.144117511220940,3.769415394610755,7.284398685799562,2.987550513373496,2.739111325952533,6.904666364437155,2.376772084517928,3.158916431061409,0.798208888291744,2.539596565208962,4.343292682844037,3.805381989429089,
0.315340982008145,-0.004745000201173,-0.010746520666174,-0.654753777671540,4.092476761026569,4.065108712171481,4.895121561561368,2.161620970012378,0.849936774764133,3.274315808741135,4.693560065990998,3.741799822326879,4.895892863770710,4.692527940773323,5.497402123908451,1.559185094456022,3.228597865721678,5.618972401699295,4.397233719577692,3.547270306111939,5.261467626172826,5.278394310040905,0.061513051381402,3.034672662290045,4.315784563769388,1.038273353820338,5.045893416522615,5.530830009533519,2.312133766011483,2.366452779287279,3.143032197826685,3.770211487243511,7.283957596551469,2.986517937997777,2.742534856524057,6.905825522238130,2.377244298820414,3.158728965576493,0.799870503482591,2.540680995146739,4.342740645205583,3.805381989429476,
0.313010958743592,-0.004508311900420,-0.010982479312483,-0.656244186732995,4.093139955726795,4.064512007045829,4.894304978831069,2.160251669862531,0.848757318556868,3.273739281209071,4.692941739466097,3.741824587556228,4.895851088949659,4.693091076340099,5.496714477042554,1.559807337509997,3.228055797949252,5.619603680923347,4.398345222142814,3.546696011990492,5.262682246244140,5.276774479404303,0.062308761433334,3.035318183206406,4.317361072226013,1.038794042473557,5.044082850573893,5.529848599517277,2.313476369683856,2.365011733218855,3.143165102252995,3.769223774315472,7.283084514969528,2.986204831736745,2.745964422999289,6.907464518914390,2.378457662194256,3.157773753332294,0.800319286018166,2.540486938416668,4.341707460832286,3.805381989430134,
0.310923826823414,-0.002375241080073,-0.011085397947276,-0.657676803026217,4.093671717875114,4.064016031407744,4.893436043542544,2.158797540878146,0.846839554878241,3.273911906820446,4.692138843551244,3.741854912670604,4.895689240640154,4.693756302866518,5.496021014285741,1.560611845891278,3.227412247267828,5.620291721785932,4.399668777873108,3.547195953207584,5.263735793546386,5.274090314649141,0.063928003757649,3.035554697123630,4.319382514383469,1.039720764663866,5.042602581961561,5.528989433328536,2.314861956493268,2.364313907013081,3.143466906935799,3.768386771637176,7.281335654749042,2.985405781298339,2.749703999392214,6.909108235054109,2.378948074404083,3.157091387418432,0.801634069956375,2.541045557006554,4.340681369179472,3.805381989430690,
0.308930195756139,-0.000444850209746,-0.010931666290389,-0.659012367660403,4.094305931471093,4.063365293337853,4.892651038870147,2.157461747148446,0.845273387710721,3.273621461442276,4.691487086277029,3.741880917226423,4.895369178241566,4.694385735010811,5.495491111557957,1.561260995106487,3.226801745068696,5.621098562776225,4.400743618536873,3.546687939904643,5.264326635456272,5.269949980469312,0.066097974847096,3.035903205586167,4.321318322702232,1.040661468395586,5.041626100836976,5.528733633904020,2.316019015522119,2.363777890142321,3.143869243953406,3.768040738603984,7.278213295989886,2.984689932645426,2.752601571986027,6.910383391730049,2.379281252232634,3.156422015309955,0.803036624034877,2.541664302711494,4.340038610326538,3.805381989431226,
0.307566845789580,0.001196402988337,-0.010860449764523,-0.660069520020686,4.095029006299484,4.062810867725318,4.891737892779719,2.155867477864329,0.844056139086627,3.273487084750974,4.690676265199770,3.741908375915215,4.894972522832685,4.695019826755554,5.495034677943321,1.562093280287024,3.226185521400637,5.622015846611450,4.401727011358973,3.545097646525460,5.265021622545969,5.265019521626369,0.068418516216096,3.036574866784117,4.323456060360888,1.041501477927341,5.040431706207275,5.529246263886685,2.316887990287577,2.362927896040657,3.143748419485766,3.767845928610536,7.274296619368889,2.983651899860229,2.754853693631152,6.911137941119052,2.379961646068982,3.156255475193893,0.804894379850473,2.542729115662921,4.339916543845492,3.805381989431614,
0.305415396677312,0.001754247642802,-0.009666347892610,-0.661175107068147,4.096012220314897,4.061945417684623,4.891102344899453,2.154766140022055,0.843552336808041,3.272664446974315,4.689912942184222,3.741932134118940,4.894718944648890,4.695593676298415,5.494561931385232,1.562882809509709,3.225619599599897,5.622816091247105,4.402510436975661,3.543106676892922,5.265666169256299,5.260642498346423,0.070224337392345,3.037110258283810,4.325281768745270,1.042569856736038,5.039110218530602,5.529615337065195,2.317931717602378,2.362256171979000,3.143552061925248,3.766531187917639,7.270987875296777,2.983669186108870,2.756500249439199,6.911695530118154,2.380475392066643,3.156500383132411,0.805198740482037,2.542390710106921,4.339963208097998,3.805381989432123,
0.303930185072583,0.002622267770624,-0.008475641141425,-0.661989028401753,4.097113086042011,4.060917922086622,4.890518349893159,2.153861673200379,0.843153353944371,3.271866251541374,4.689229933620942,3.741952745960274,4.894251796813022,4.696155170994387,5.494408370971243,1.563605355922708,3.225071469202387,5.623858618432831,4.402996258430423,3.540733239677320,5.266230897484090,5.256914416562284,0.071559577687252,3.037423591344273,4.327146007769195,1.043265875344094,5.038082069883309,5.530889303144527,2.318571110421950,2.361903271513631,3.143820888599574,3.765027701214891,7.268375056965702,2.983449929456478,2.757713666346251,6.911628707125948,2.380687760253126,3.155682104464167,0.805826084701168,2.542361327373671,4.340600904651163,3.805381989432621,
0.302922568069545,0.004756082266089,-0.007208274552321,-0.662439629656039,4.098379600198067,4.059823111037106,4.889850650094744,2.152822766490708,0.843883340173172,3.270356210207881,4.688566558640436,3.741971879762240,4.893999710422405,4.696738113167561,5.493948944439402,1.564310098922939,3.224494473276617,5.624633909718891,4.403622618332265,3.537461415111994,5.267376860872089,5.252180681600665,0.072519130804010,3.037427641086850,4.328614085414301,1.043618696450682,5.036797570374338,5.533127918819200,2.318758733276190,2.362049088285070,3.144872305846460,3.763188428444268,7.264509379787759,2.983657188939777,2.758536347810618,6.910861131744517,2.380467340482296,3.156166382091337,0.805886509706484,2.541718114822802,4.341990729180266,3.805381989433147,
0.297550881584440,0.007860151019938,-0.003633881060505,-0.665408693677439,4.099571005220576,4.058498651223968,4.889278663428775,2.151868737487434,0.844170161663738,3.268667057138703,4.687498370802652,3.741997246747149,4.893537306518232,4.697178858113504,5.494400945897132,1.565425732343815,3.224053588823951,5.626114628340568,4.403162138627029,3.532215799488310,5.269016810877609,5.246672808046330,0.072859279421108,3.037848918049161,4.330235793347224,1.043245377882280,5.033488661446434,5.531897719831191,2.320386195545566,2.362972474309684,3.147068948763856,3.760888246352270,7.259476718836186,2.984468479316112,2.759934876565690,6.912003758806997,2.379479928111682,3.157559296657198,0.804896183947582,2.540275102556446,4.341358259950635,3.805381989433846,
0.292560183328589,0.009837744177408,-0.000084079236365,-0.668161877841409,4.100604632815812,4.057305497468326,4.888716460032617,2.150921744190208,0.843616170902964,3.267675105199499,4.686550643162289,3.742018894206616,4.893038132746184,4.697631475351118,5.494703369294806,1.566432006112176,3.223606586261405,5.627647409456516,4.402972604971811,3.528161673901467,5.271389265891645,5.241664112084312,0.074186376772306,3.038489810995215,4.331840515508429,1.043521910065843,5.031948057478390,5.530582929405697,2.322162779386276,2.363707222410144,3.149812330895269,3.757723008476086,7.255199585960344,2.984967432969192,2.761049156927291,6.913389071174050,2.378633192952778,3.158145866168245,0.804623117105435,2.539402606603828,4.340476544476211,3.805381989434208,
0.288676638142277,0.011458528585929,0.002916077563797,-0.670374585153302,4.101570456748753,4.056301222754333,4.888053935784125,2.149781654269880,0.843010791425029,3.267382046162008,4.685418886526350,3.742041176738498,4.892553154617231,4.698126243276676,5.494854271121812,1.567628460893151,3.223119940662639,5.628932365042615,4.403129817268431,3.524933936534135,5.273887711850192,5.237045270271286,0.075562695618135,3.039590035634723,4.333600988572814,1.043898129156920,5.030236547017557,5.529658709287741,2.323768471408323,2.364079694080652,3.152682047043025,3.754518940905473,7.251204460872668,2.985629381969248,2.762772555661794,6.914668958487214,2.378143372179325,3.159109058058739,0.804301813813140,2.538525017895260,4.339680121273846,3.805381989434381,
0.285416747447441,0.012860213928764,0.005461772837613,-0.672283169034097,4.102467960703126,4.055320036997432,4.887331181586567,2.148560951659889,0.841894228678240,3.267373682233326,4.684292076331310,3.742062039263672,4.891805285980896,4.698730340917153,5.495365538606992,1.568818201353108,3.222530420056004,5.630672116550286,4.403000682748651,3.522023284556943,5.276540018714859,5.233354769094092,0.077513252464339,3.041118555946975,4.335011682558211,1.044582891245925,5.029924046354972,5.529360086598682,2.325104328531613,2.364272460109120,3.155463533713561,3.751139135485928,7.248354096260082,2.985847091650250,2.763544505700310,6.915677105075612,2.377844238040238,3.159011380490478,0.804993451206532,2.538580714302645,4.339119205492706,3.805381989434428,
0.282594275931830,0.013322811772398,0.008082301343148,-0.673978829542986,4.103399765497452,4.054419808232687,4.886408349159873,2.147343263418050,0.840901165045269,3.267715778593879,4.683199092088715,3.742081639112933,4.890927896748722,4.699556645436147,5.496273614332348,1.569903055680013,3.221714972858505,5.632771044789717,4.402563574486019,3.518781987898129,5.277831895194300,5.230058357375248,0.079346433334729,3.042417422193511,4.336166345870876,1.044810963588575,5.029682757468350,5.528868530292193,2.326345121500497,2.363919496533488,3.158806785859945,3.749276317612151,7.244934135876791,2.985716771780924,2.763753307366688,6.916515361737945,2.378217183644626,3.158604071190036,0.806321988195237,2.539291524787072,4.338705490159305,3.805381989434450,
0.280329590246308,0.013741327352587,0.010370214007322,-0.675390382928737,4.104273706524023,4.053599155502760,4.885700657561315,2.146473951667389,0.839717382365835,3.268319921075278,4.682321464911197,3.742099047283915,4.889875709258651,4.700297765135678,5.497219113040821,1.570769146702060,3.220988641781595,5.634926593948510,4.402094619399493,3.515527133541466,5.278629450595577,5.229092217178342,0.081271742645772,3.043356379632030,4.337597676335506,1.045560486432065,5.030077568335614,5.528806469426390,2.327299105433106,2.363572131625448,3.161922375244410,3.748640156669643,7.244039713927630,2.984788491046852,2.764116035874124,6.917136719197170,2.378557620169902,3.156880924588906,0.809119708653186,2.541387637101597,4.338472638534914,3.805381989434474,
0.278227371797712,0.013754165778329,0.012351260552867,-0.676569218776126,4.105124828876970,4.052876249506753,4.885009697793302,2.145649629522051,0.838725088173590,3.268951763085784,4.681336803300877,3.742114745643638,4.889010452533035,4.701013130711970,5.497784641482927,1.571723491733041,3.220284962637189,5.636768118643168,4.402026886550948,3.512163200847696,5.280217307741759,5.228736405116207,0.082855269145004,3.044294296849530,4.338785025509836,1.046199422147738,5.030932666168313,5.529667598611697,2.328006383233991,2.362519035613739,3.164728835555284,3.747494831241918,7.243805554382198,2.983977530598207,2.764128291161640,6.917236677789214,2.379591382358057,3.153685832459462,0.811289385141660,2.542751976233191,4.338857190325999,3.805381989434486,
0.277144842987473,0.014711556454387,0.014377526164603,-0.677083277702527,4.105965142589818,4.052265382133089,4.884703155363813,2.145269635650815,0.838546999929257,3.269124376448523,4.679890122467880,3.742127011127566,4.888723244025123,4.701384529073052,5.497148064695084,1.573074125181429,3.219928521930269,5.637562437679223,4.403033689893605,3.508630438862224,5.281823043126437,5.228691870961664,0.083883541592382,3.045153568356720,4.339103985912324,1.047223001721769,5.032665594906803,5.531999214344355,2.328260762032120,2.361246274984703,3.167092697100586,3.746565049136756,7.243981492406678,2.983244898425728,2.764051654830205,6.916925808144425,2.380839803367865,3.147699050481235,0.812495265455260,2.542960738664898,4.339745087067103,3.805381989434576,
0.276247645300997,0.015282321195296,0.016206143560228,-0.677452699133525,4.106881003462617,4.051674098974489,4.884406193606085,2.144906319200071,0.838699657182391,3.269476165844704,4.678362506522753,3.742136929009078,4.888509612560629,4.701758179590345,5.496490952575765,1.574522995553891,3.219567929930696,5.638308450046776,4.404030861727634,3.504708069669497,5.283627940218377,5.229630898574419,0.084242718419562,3.046402425520222,4.339470470673495,1.048476659577457,5.035122194200945,5.534222950972849,2.328567917469025,2.359525272847089,3.169194337194336,3.745365488691881,7.244438042530257,2.982736102420993,2.763616269122012,6.916532775790222,2.382510864561624,3.141427387185647,0.813447241917456,2.543016890441986,4.340680256002588,3.805381989434697,
0.271006116557832,0.015878907442227,0.015786396954689,-0.680393182063089,4.109232733675673,4.048958610679295,4.884389005035359,2.144745725829215,0.843344683772935,3.262229344875029,4.676449420322282,3.742139543592602,4.888157255368276,4.701776071875848,5.496835509701702,1.576336876487648,3.219535894452711,5.639790155694387,4.402978026653578,3.496175907026627,5.288928062496497,5.228545239440670,0.084540539010582,3.044925270428644,4.338799194498078,1.048715777865210,5.036276814939463,5.538466260172620,2.328135094761182,2.356832241392941,3.170789561509253,3.743495931643639,7.242837615348742,2.984698792675936,2.762201751834485,6.914600387365020,2.385094905242191,3.139405011729012,0.811230861201396,2.540059216655611,4.343243326651203,3.805381989434992,
0.266332280577799,0.017063601904393,0.015427814971628,-0.683112434705110,4.111500461236080,4.046391194548780,4.884509703366519,2.144822520923736,0.847606736244721,3.255692573808089,4.674963140087807,3.742145049864787,4.887707322340949,4.701706485049723,5.497618285996553,1.577689059189207,3.219596261779003,5.641573993564467,4.401390647174234,3.487767873111780,5.292517314371574,5.227029444267198,0.083990261940991,3.043438811557778,4.338488474243568,1.048972637532407,5.036940111686432,5.541765500368374,2.327902653000252,2.355205140233551,3.172216532533635,3.743020939619057,7.241093704081326,2.986261530119323,2.761640880923228,6.913149779954744,2.386638501030646,3.137228650054748,0.809572420996921,2.537818380748622,4.345294923868972,3.805381989435331,
0.262102073608431,0.018544713455957,0.015079759037955,-0.685607616553995,4.113533607579905,4.044132507524074,4.884505682609587,2.144704786776441,0.851091915306825,3.250101729416707,4.673849304809926,3.742153920437099,4.887112267642554,4.701684847602753,5.498363029049179,1.578674519551366,3.219615267260346,5.643469037936695,4.399959576138967,3.480067940072179,5.295127061354419,5.225613496858619,0.084088855654450,3.042500090992270,4.338043196169644,1.049476886198227,5.038263598966983,5.544561489524848,2.327824016524099,2.354335159273413,3.173478982541947,3.743417259623447,7.239600779914206,2.987135471759494,2.760154400367461,6.912077939423077,2.387452585585960,3.135588517441663,0.809076813103301,2.536646492573613,4.346957483192668,3.805381989435614,
0.258508168315868,0.019137738342754,0.014664796884202,-0.687746448729660,4.115469733244530,4.042089319732784,4.884342203482794,2.144332336498196,0.854151251381912,3.245568370402237,4.672763474529681,3.742161547118606,4.886502182423277,4.701723840325854,5.499236247624690,1.579660892139503,3.219576084091312,5.645418994833372,4.398635938703571,3.473242916973531,5.296733525656208,5.224016366630023,0.083991624966401,3.041391368627473,4.337233996895155,1.049833788071096,5.039544830539464,5.546545490267587,2.327979969247467,2.353105694745120,3.174951436574860,3.744422830343666,7.237933672260415,2.987936332284260,2.757979217644296,6.911370006874512,2.388618472962253,3.134197271447897,0.808655868684903,2.535647594878031,4.348164497697549,3.805381989435872,
0.255258423231479,0.018969018447451,0.014353108052254,-0.689444215542634,4.117590126305452,4.039799306746485,4.883886795770345,2.143465680165047,0.857548639991393,3.240642162203545,4.671647356172382,3.742165623746853,4.886097463826298,4.701837848724259,5.499641855132348,1.580692777101040,3.219457160191081,5.646961656958301,4.397959104841089,3.465602312391777,5.298674416768158,5.222441231217517,0.084317879731579,3.040982760955466,4.337005838229397,1.049969495386188,5.039152826152880,5.549623232700513,2.327529708656328,2.351105464051640,3.176447563490362,3.745698815199094,7.236418774250377,2.988201849666686,2.756571764987688,6.910088559617382,2.390524661331193,3.134578845432476,0.809110613623288,2.535511805162713,4.349905115874738,3.805381989436174,
0.253258174780784,0.018920854429769,0.014530846782709,-0.690910171188163,4.119457532375993,4.038250491174922,4.883501820502871,2.142704669098157,0.860658477510053,3.236798935163880,4.670638321706038,3.742168168629010,4.885954918506776,4.701910614536542,5.499531707061090,1.581608714500395,3.219372336552528,5.648155200121450,4.397840306597332,3.458531335471826,5.299555220012794,5.218718918550849,0.083524283186145,3.040374541708030,4.336615280103584,1.049612493745774,5.038074709574983,5.552259284284885,2.327233579460562,2.349510992299590,3.177040382055365,3.748149056254299,7.233118169368747,2.988158362719048,2.754935651160880,6.909448085270645,2.391961611015606,3.135574057408090,0.809874534166905,2.535709708870264,4.351023059338755,3.805381989436503,
0.251463399092995,0.020014312825893,0.014543807883507,-0.692109850415584,4.121248775046694,4.036640232974490,4.882662370372564,2.141159081944304,0.863816973237004,3.232755107718307,4.669411661466992,3.742163611782727,4.885704265056154,4.702045076838322,5.499119432563151,1.582777334229680,3.219221781352449,5.648781735294274,4.398231734904227,3.452233014235355,5.298998661224052,5.214920711060898,0.082351331347367,3.039438536661544,4.335692916734600,1.049204913102527,5.036726175188686,5.554730176752683,2.326864255806920,2.348195615660909,3.177795261379270,3.750636915256447,7.229529688368768,2.988353876387991,2.753266478198607,6.909215538353973,2.393111041148886,3.136762150159504,0.809949515659456,2.535329388488332,4.351729237200301,3.805381989436796,
0.250954947807448,0.021597501138738,0.013849336774208,-0.692081464549411,4.122718525287031,4.035841694719912,4.881650821857961,2.139361122922947,0.865683020886510,3.233103001941238,4.667904771993343,3.742145753722262,4.885086484539646,4.702264513041065,5.498334994006642,1.584229282606915,3.218991030764467,5.649182296657018,4.399370235649802,3.449467503656281,5.296608727450971,5.211381544962396,0.080421407862238,3.038079669229657,4.334291172224696,1.049037680014745,5.035994711925193,5.555722760844746,2.326940634186826,2.346900036452115,3.177847880508774,3.754065704953282,7.225652581780313,2.988725070753414,2.750935440990135,6.909524850771863,2.394281052728845,3.137691512756841,0.809855232349631,2.535101308874760,4.351817229045150,3.805381989437044,
0.251305745212301,0.023492684720857,0.012848818761018,-0.691258139806109,4.124161251456782,4.035044800948608,4.880662629556796,2.137627377344244,0.867559738809865,3.234503712733765,4.666502892554412,3.742126077322758,4.884346005211141,4.702549040901902,5.497774831961472,1.585572421103219,3.218697936703334,5.649773871152873,4.400336266037656,3.448071748750120,5.293100228753544,5.208719785325477,0.078530667435129,3.036857894309333,4.332319429268633,1.048927260376472,5.036702310782675,5.555948320783735,2.327274918834863,2.345682600795862,3.177893661829787,3.758019038310681,7.222607974234549,2.988950010168925,2.747017705842414,6.910066821611656,2.395376085679198,3.138241738494996,0.809853335989857,2.534991402779637,4.351615718173036,3.805381989437425,
0.251754467411565,0.026013378152384,0.011776780080312,-0.690099751190910,4.125418379170338,4.034597592967062,4.880307361817219,2.137001151563686,0.869910571624506,3.236241626711550,4.664921151328772,3.742102494133207,4.883974189280637,4.702967015926475,5.495886293215040,1.587122468750656,3.218273573099514,5.649390981407832,4.402501690286131,3.446878159482474,5.288716725225586,5.206843956042747,0.077466818636648,3.036917095889955,4.329539333055173,1.048649866512267,5.039064865747171,5.556636568986163,2.327250124096337,2.344623328470973,3.180107728110039,3.762105863245166,7.222841227815432,2.989224454107597,2.742895373924468,6.910533626547451,2.396156344552368,3.138440372668359,0.810208463745310,2.535106432542382,4.351547764171170,3.805381989437691,
0.252184484614154,0.028037761638272,0.010697593359330,-0.689072588599850,4.126518564827118,4.034269744579757,4.879735381467692,2.136202174104797,0.871426758439561,3.238647374781306,4.663217475364634,3.742065642796034,4.883508713805795,4.703559507734885,5.494246328978462,1.588770076647720,3.217677830566270,5.649301327421992,4.404612831857601,3.446033811181303,5.284812880574971,5.206036424861741,0.075561161639207,3.036794278073010,4.327504365906022,1.048234483669844,5.041108841184760,5.557729933205566,2.327058805637100,2.343514799922931,3.181991889792970,3.766426593341588,7.224275681460514,2.988254427202087,2.739398900110928,6.910893524797567,2.397006666949434,3.138322686700708,0.812364123408598,2.536863285763126,4.351590203866917,3.805381989437948,
0.252570133407473,0.029932034010430,0.009853045444197,-0.688179828804450,4.127496366194905,4.034099438796571,4.879103838868918,2.135442882842418,0.872348961446813,3.241634165408700,4.661727882543035,3.742036128141822,4.882872861919399,4.704217673754187,5.492714721939580,1.590232231240268,3.217021489382975,5.649550108799366,4.406576423543141,3.445315454837346,5.281057236127560,5.206007301660474,0.073333808672726,3.036815399488761,4.325919156461589,1.047739706004184,5.043207663838397,5.558759536302363,2.326942732290076,2.342715793760294,3.184439034285868,3.771159284915486,7.226120650447084,2.986331561193232,2.736273281569547,6.911190402072594,2.397654563200144,3.137360199333285,0.815866944511356,2.539807370698451,4.351706394028316,3.805381989438135,
0.253326839950837,0.031445635129315,0.008528418050935,-0.687076119100679,4.128367336478296,4.034024233196075,4.878338538109718,2.134452864611360,0.872800243653469,3.245217208406590,4.660378113886670,3.742008359046516,4.882165152167639,4.704873413730605,5.491238065940096,1.591552866070139,3.216371283495553,5.649935406524262,4.408570265603978,3.445254675617409,5.276777800193631,5.207576321700485,0.070850753637450,3.036429364608694,4.324689745061491,1.047674350545897,5.045432761566301,5.559655366170106,2.326814431822041,2.341821747099533,3.186497639573952,3.776504942479758,7.229116130518864,2.984046393114125,2.733220724951084,6.911626374668240,2.398418795901747,3.136166582012689,0.820141898756099,2.543555312147896,4.351664018655727,3.805381989438406,
0.254936421505036,0.033462391097322,0.006440602886046,-0.685367427987595,4.129087139096518,4.034025724720011,4.877472767046719,2.133294997077579,0.872745919227894,3.249235522900149,4.658597306650244,3.741953746369299,4.881761965649645,4.705588313629894,5.489295275679257,1.593322187726648,3.215658521797005,5.649722595108616,4.411304647240017,3.447304409529072,5.273512681616698,5.210612261712691,0.066960011525808,3.035455431734773,4.323373188187972,1.047876623765740,5.047332411625958,5.560739717885727,2.326793420118105,2.340693221864075,3.189804790674439,3.780453590039612,7.233461072387303,2.983179402581094,2.730201757266748,6.912163870592796,2.399329080141057,3.134715799275915,0.822343528306044,2.545099724700766,4.351584759261541,3.805381989438871,
0.256460494480120,0.036330945720993,0.004121086892200,-0.684445861714947,4.129290545868030,4.034503045517847,4.876543746491644,2.132084875678220,0.870830662801696,3.255878744018110,4.656760066218318,3.741880003996338,4.881800307213108,4.706362445526293,5.486750262368434,1.595070856083333,3.214880297720734,5.648875274294481,4.414984872638085,3.451951600461934,5.269108508559414,5.211495483899688,0.063458611118796,3.034530675866393,4.321350746545288,1.047852893810251,5.049393099195220,5.555846550917249,2.329758265505901,2.339239271664455,3.188564945128493,3.786110972344166,7.235484310924942,2.984074896002020,2.726827836360280,6.917065014914669,2.400438354416814,3.132743404277281,0.822012566006966,2.544767149851458,4.346845229980397,3.805381989438579,
0.258078176335009,0.039759574304104,0.001996101301408,-0.683255130425339,4.129458009513279,4.034977371704948,4.875668228408652,2.131010288762631,0.868556693410741,3.262874444843055,4.655298441825321,3.741828962452308,4.881752550075906,4.707121634068898,5.484183065981217,1.596472826798048,3.214120010474360,5.648007959466471,4.418805609591459,3.457082854069879,5.265304150345875,5.212446606651937,0.059948003065343,3.033847837953211,4.319792548556921,1.047821199485990,5.051007195301691,5.551687361369538,2.332409326681520,2.338523069952713,3.187636888518145,3.790524243134358,7.237532682134151,2.984681057381731,2.724160022252037,6.921398918667955,2.400862177807293,3.130910887582216,0.822151391845383,2.544856817412857,4.342704349915468,3.805381989438297,
0.259865753182640,0.042904277026387,-0.000634591047924,-0.681991494643664,4.129490053473558,4.035646866564933,4.874809916658775,2.129937071037697,0.866246556421840,3.269712541511947,4.654300671398835,3.741796699507067,4.881862467051200,4.707819761442782,5.481268124408251,1.597384151764440,3.213423719383286,5.646796507294090,4.422929101202010,3.462370311853917,5.261989352424243,5.213300068535211,0.056667403393042,3.033528672094006,4.318144130157546,1.047875667527440,5.052673809101990,5.548228198930997,2.334795009414546,2.338335417301604,3.187065317134318,3.794647274019367,7.239469764237269,2.985281548300181,2.721805582234400,6.925494114747654,2.400769540644138,3.130169182590228,0.822441920966647,2.544999963047594,4.338852320469053,3.805381989438240,
0.260995886193948,0.043638181431696,-0.003399081294160,-0.681464748467172,4.129768004470703,4.035673335219329,4.874233605775657,2.129026789585474,0.864929325674013,3.274388297978986,4.653506686240422,3.741778045129168,4.881931502652117,4.708215986445067,5.478623118120987,1.598103908714112,3.213029301360340,5.645226863432264,4.426498216416109,3.466148652285648,5.257560535519126,5.215473951873071,0.055236628095745,3.033250818373767,4.316415146749421,1.047770018449236,5.055026767819149,5.545369417401073,2.336931283544613,2.336449180120811,3.185926055426494,3.799459090951010,7.241818560455555,2.985314839821424,2.718967341932776,6.929229208795713,2.402376395472284,3.127689383554288,0.821137401387129,2.543395604788850,4.335380155814808,3.805381989438126,
0.262026946907887,0.044245229830250,-0.005934557492533,-0.680957942320284,4.130248652232156,4.035494106176360,4.873665942200586,2.128140647182834,0.864021373176425,3.278502308172901,4.652784421274276,3.741773842190859,4.882034577639269,4.708554671516625,5.476508377124087,1.598795581256884,3.212694479130446,5.644054702468065,4.429479806228339,3.469271241994360,5.253004657923905,5.217276155530896,0.053835273934259,3.032915703022586,4.315235412496310,1.047520671568852,5.056264682867369,5.542813834920167,2.338860208223462,2.334751374395739,3.185038444593486,3.804393032392600,7.243675094856567,2.985032995825254,2.716867740928588,6.932556269945181,2.403816195847492,3.125166904560932,0.820066191943368,2.542021566969918,4.332351424076977,3.805381989437984,
0.263552706497954,0.044372041570433,-0.007711553742843,-0.679883985717611,4.130708018765773,4.035399371962332,4.873122447688718,2.127343940469138,0.862954314073490,3.282812806984368,4.652425779483034,3.741802449513342,4.882282172497360,4.708893968442339,5.474407203603004,1.599189731352104,3.212367833909045,5.642926503024167,4.432467196384440,3.473557928884189,5.250248860313508,5.220718224402616,0.053418681809786,3.032481905642368,4.314088993344753,1.047273367842924,5.057925550128695,5.541229726186992,2.340550660837771,2.332582010001047,3.184474452233792,3.806909852177692,7.246973496765653,2.985441909191194,2.714421783350376,6.935065392332038,2.405753003383927,3.122121489621767,0.817984857728994,2.539588328929534,4.330173317866080,3.805381989437981,
0.264895179236110,0.044773838725987,-0.009387919271163,-0.678948753229097,4.131224712903077,4.035268605038438,4.872594804742858,2.126600504532673,0.862111539915546,3.286616821299844,4.652167468687856,3.741836237448004,4.882414539985992,4.709240272338438,5.472786097763612,1.599496671318852,3.212032948352564,5.642268335229018,4.434879440214711,3.477128812288141,5.247309517152463,5.224274461912575,0.053132434982274,3.032136102062310,4.312785342883296,1.046685049194002,5.059600988079592,5.539697132038341,2.342186309194627,2.330828865268366,3.184223156900801,3.809372438996735,7.250454323036203,2.985805256972348,2.711369012416334,6.937279003053629,2.407296745069048,3.119370613032286,0.816215123344065,2.537434699222898,4.328312990510272,3.805381989437974,
0.266236038453072,0.044972517768534,-0.010727216768878,-0.677992224339785,4.131782867706266,4.034978108963200,4.872026453690141,2.125843219970691,0.861019996430964,3.289982408024911,4.651858447422970,3.741857967328354,4.882343524950529,4.709635643448763,5.471504454639199,1.599844603053730,3.211644644292859,5.641934860847950,4.437066828348112,3.481218448082514,5.245342952381467,5.226694075744081,0.052502938988484,3.031818359844480,4.311475318087193,1.045950871227747,5.060888718584154,5.538277681064113,2.343871285191681,2.329337355989130,3.183265396606748,3.810231186143906,7.253006472613611,2.986413632646074,2.708243063308880,6.939495599699219,2.408562725612110,3.117767763825200,0.814398221027945,2.535229364939210,4.326486498400990,3.805381989437912,
0.267974983275607,0.044658619150900,-0.012255418841522,-0.676430399868158,4.132200253184954,4.034858902762660,4.871412018866037,2.125031911155566,0.859356287758401,3.293756747118841,4.651830595843726,3.741894288145506,4.882333916156508,4.710066208651028,5.470081730460437,1.599890539277653,3.211226173607105,5.641615984203659,4.439566034428209,3.486715906834396,5.244514385473790,5.229514750181867,0.052197255542271,3.031854058972808,4.310433728198638,1.045412812603925,5.062282075902909,5.538001993611706,2.345110148059562,2.327527235839465,3.182639692234560,3.809682853881368,7.256134229345028,2.986931372680509,2.705299017877109,6.941050982352238,2.410142059544453,3.116590283020014,0.813210318013715,2.533530900623870,4.325326935055354,3.805381989437931,
0.270071233601459,0.045122652206417,-0.014007886420039,-0.674581099084997,4.132602216504138,4.034926414538623,4.870838824324697,2.124260414473731,0.858206248159823,3.297446422797317,4.652315750590170,3.741970526203051,4.882276334563246,4.710452314930485,5.468496978552709,1.599422017237730,3.210849623856022,5.641119855899567,4.442197187220846,3.491606888280514,5.244463222837441,5.231601504944754,0.052024247115654,3.032407538205101,4.309102814471005,1.044983103455565,5.064080834661713,5.538682602039453,2.345981881481312,2.326681162224487,3.182109124424969,3.808068712689732,7.258567113650741,2.987824811865456,2.702233826261759,6.941955739975721,2.410809629779747,3.116315081168179,0.811620797392009,2.531388522262348,4.324880181727570,3.805381989438059,
0.272595565282450,0.045678087087928,-0.015958057005362,-0.672563922238950,4.133301769585390,4.034514417653494,4.870433519340221,2.123675273733312,0.857822134889905,3.299972813965948,4.652690568330220,3.742031315870273,4.882545247113634,4.710687533487987,5.466163480194344,1.599045587665967,3.210619450549090,5.639947042277774,4.445518199460689,3.495657419361715,5.246544883230450,5.232881310904470,0.052254959511047,3.032525820886296,4.307494965247399,1.044581315975851,5.065441035141736,5.541487216557123,2.346205634810862,2.325588240304580,3.181601339646774,3.803999317041221,7.260409256047137,2.989828481197852,2.700138507544871,6.941832178298633,2.411723791630463,3.116656720579767,0.808879262896778,2.527993940419808,4.325552506597338,3.805381989438052,
0.275138187748780,0.045670558520515,-0.017631736200009,-0.670253271565328,4.134106306361199,4.033728395970949,4.870042723933096,2.123104647538948,0.857109858000938,3.302276225418235,4.652753116220780,3.742058781891775,4.882529689376356,4.710924996210618,5.464646834537832,1.598965496010887,3.210388777894627,5.639479547845838,4.448065115835181,3.500263975922609,5.249299232782549,5.235305809815184,0.052660013521477,3.034346627628172,4.305906999529222,1.044497732356073,5.066142351902123,5.544789124068968,2.346075250645242,2.324262533986652,3.181695925941447,3.798307444802752,7.263435896112354,2.992347395519990,2.699097489864069,6.941213056400057,2.412862004465326,3.116921481869143,0.806099370153543,2.524745612600054,4.326698252529262,3.805381989438171,
0.277702076352942,0.045802809488134,-0.018818899198528,-0.667989190415047,4.135036680503307,4.032751248552486,4.869688819342928,2.122613348783013,0.856763089318684,3.303631116835719,4.653020041100793,3.742109915590722,4.882398364023527,4.711151225696264,5.463436292221372,1.598746997584132,3.210172989900262,5.639301910106370,4.450099870122306,3.503944352889377,5.252325201580505,5.237328465764414,0.052344356585496,3.035745167861408,4.304741858237303,1.044385421310808,5.066457678400063,5.548926426810658,2.345551723003074,2.323123324610416,3.183065603771695,3.792473737384052,7.266468147710093,2.994568560181612,2.698462473540338,6.940042921245316,2.413888866428322,3.117293420312663,0.803860904010433,2.522008484358843,4.328395819673568,3.805381989438107,
0.279661673081813,0.045488734041147,-0.019733131838731,-0.666054975177112,4.135860635317358,4.031933909915865,4.869468615634384,2.122280519643717,0.856436075205108,3.304782133250098,4.653124181214906,3.742146610804265,4.882294437982098,4.711271457184600,5.462191460559289,1.598693511456889,3.210064039977540,5.639118581519930,4.452103000968158,3.506843369240691,5.255421036868416,5.239391392833289,0.052654319137857,3.037601938571520,4.303522219696255,1.045363677624063,5.068470421110615,5.552891224892176,2.345008475096289,2.321624267302874,3.184735285259375,3.787782399865085,7.269553554100040,2.996506943999456,2.699066273788035,6.938913316743632,2.415265545584062,3.116285567412748,0.802299382860978,2.519948080375525,4.330021187383694,3.805381989437967,
0.281664272915053,0.045470701181008,-0.020521408760213,-0.664183918391773,4.136789219248934,4.031053935358106,4.869232647689768,2.121927617450610,0.856194109043894,3.305842542366383,4.653492225657835,3.742207466248332,4.882134803065572,4.711406850678222,5.461407683148885,1.598410505927407,3.209944132243881,5.639405541461612,4.453587693153174,3.509269775580015,5.258413136261180,5.241127308813047,0.052891226279037,3.037966283844781,4.303073964124422,1.046084212631538,5.069463600668203,5.556735730634267,2.344449363910754,2.320760011665063,3.187023806090824,3.783062007450592,7.272190795504936,2.997823526867389,2.700172449735093,6.937719104573882,2.416049247326324,3.115893178207833,0.801384552354692,2.518600321880085,4.331727270884473,3.805381989437767,
0.283920305660921,0.045572182434526,-0.020919297095031,-0.662548616969642,4.137880339819902,4.029913878130469,4.869244655593115,2.121849960360674,0.856687074250834,3.306176541370125,4.653813155539808,3.742261585324961,4.882212428418066,4.711354563107129,5.460508367376205,1.598173129470160,3.210024440156387,5.639430061930399,4.454985299539875,3.511105174847966,5.260436656592528,5.245422302250573,0.054495085367585,3.037085883119844,4.302484100037527,1.047838415102349,5.071261290716074,5.559822612989783,2.344259592069893,2.319712741773436,3.187797728057627,3.779057513874532,7.276944321667142,2.999060272149791,2.702252223997321,6.936923453076123,2.416948139562590,3.113119032690558,0.799300650613466,2.516198851071696,4.333014066785777,3.805381989437609,
0.285625433515587,0.044777729180366,-0.021940501571453,-0.661309947431336,4.139132862122702,4.028427608352972,4.869948561900602,2.122217900943800,0.857715424937767,3.306475752847254,4.654161559364680,3.742312182591290,4.882559849786545,4.710660086336098,5.459475017275008,1.597854247528746,3.210756966634282,5.639016944773042,4.455919590227897,3.511934908593264,5.260588628435261,5.249955359012279,0.056989868386010,3.037093870549603,4.300997684495918,1.049686550006356,5.073473045704715,5.562838826198808,2.343902639638017,2.319529476579140,3.188758149783941,3.777189154501579,7.279218887738719,2.998194383100217,2.704665240503207,6.936119682545907,2.416969570121745,3.109940088108711,0.796720807685450,2.513443210720458,4.334309472336725,3.805381989437403,
0.287575026318866,0.044610940257478,-0.023207617788236,-0.660023496848920,4.140441190957302,4.026884396738120,4.870623013287781,2.122595649486707,0.859013929395908,3.306497602821266,4.654392990642854,3.742355610597835,4.882880005603578,4.710013378088206,5.458670214051060,1.597656991517245,3.211440694900183,5.638779141035414,4.456641416743090,3.512002468045504,5.260034043276640,5.253327794381074,0.059686268321982,3.037379277507099,4.299585320979164,1.051543775335416,5.075900556670319,5.566019560411114,2.343416329462012,2.319669540385513,3.189332597831033,3.775869407174158,7.280744744589996,2.997553967336046,2.706839288913806,6.935221812613763,2.416710146123672,3.107091877553414,0.794390887823899,2.511016812971776,4.335695909264953,3.805381989437429,
0.288862634498853,0.045029416681463,-0.023755510847437,-0.659044139448691,4.141644548874232,4.025437310970261,4.871068906631752,2.122718279946181,0.860162290779250,3.306437225969293,4.654825650406832,3.742404437756108,4.883225796546697,4.709429041685457,5.457932253045346,1.597237184019328,3.212056628118102,5.638648125027329,4.457347785085791,3.511978441292130,5.259950874673918,5.256524614971975,0.061135020937598,3.038577402368178,4.297742363514740,1.052902726113232,5.078508117242504,5.568845382304433,2.343158707096152,2.320490038096117,3.190117268019462,3.774705734324467,7.281732878544084,2.996693377939096,2.708060685125122,6.934448007398482,2.415793817131396,3.105738346714134,0.791604573530017,2.508142495376252,4.336985385244115,3.805381989437500,
0.289985288127440,0.046066196231021,-0.024271310806865,-0.658281782370361,4.142845687226278,4.023980265825157,4.871219283125281,2.122478179484271,0.860937007590582,3.305997610497135,4.655321728072418,3.742454077997853,4.883381430469184,4.708994438421888,5.457931814723078,1.596745585254584,3.212517848307751,5.639133037543604,4.457498712359055,3.511710966246778,5.259246213498217,5.257010253203763,0.063045225814602,3.038797154398591,4.296351181980811,1.053626979837192,5.079520139286195,5.571071382389753,2.343037165924345,2.322060187634380,3.190883685493521,3.774404419022201,7.280414410679033,2.995344344578770,2.708872641388035,6.934081513899890,2.414141633893558,3.106185305119505,0.790103123967401,2.506554429594257,4.337838100451314,3.805381989437520,
0.291380366058160,0.046997090087713,-0.024758259623425,-0.657530221200534,4.143930484950088,4.022791383848284,4.871159416340878,2.121996095678528,0.861380454066812,3.305602640899101,4.655785350321556,3.742500375272919,4.883417942442549,4.708680473258295,5.458423460643891,1.596283470424638,3.212855903591608,5.640064045771092,4.457343513800162,3.511258248542490,5.258329330614686,5.256451613305789,0.065431575313183,3.038496780162352,4.295185810535322,1.054518253667812,5.080763512522049,5.573355260180893,2.342844395805973,2.323398052872997,3.191605617814119,3.774929346122625,7.278415347247160,2.993364970076751,2.709275614654981,6.933645211627430,2.412711542627959,3.107336116329183,0.790143665394431,2.506372705794586,4.338713600703249,3.805381989437499,
0.293058569047225,0.047614561420703,-0.024171394706842,-0.656739545194563,4.145004076303290,4.021644515632719,4.870879928110194,2.121396510045200,0.861378840130058,3.305076026881149,4.656262886572001,3.742554569418377,4.883247699139118,4.708605029314964,5.459621045057102,1.595865912176304,3.212947983126935,5.641583497394802,4.456625452918028,3.511143871101396,5.257801455575279,5.255254744406153,0.066726098981611,3.037026602027146,4.295043017652686,1.055247834897985,5.080938931164430,5.575699755000972,2.342576160089325,2.324560327585640,3.193382471910274,3.774741681892235,7.277031000037076,2.991193664969718,2.710094747199116,6.933136988385968,2.411563255990088,3.108971669271369,0.791017634243339,2.507085673417768,4.339560014207263,3.805381989437408,
0.294559757797549,0.048559463607237,-0.023565236800203,-0.656220316963353,4.146052284350747,4.020575228181716,4.870478424180551,2.120751914450172,0.861108014908431,3.304785452583512,4.656555735562189,3.742585379867050,4.883045226466818,4.708676331609492,5.461073941588318,1.595567869766962,3.212889516393804,5.643345399320986,4.455614575552977,3.510914935889027,5.257310801930831,5.252667749760612,0.067500692490221,3.034726349870633,4.295326254921084,1.055207235260282,5.079912051239792,5.577396919897627,2.342575250401106,2.326161726383243,3.195041260967234,3.774322647058810,7.274299093051282,2.989340330538364,2.710469429989134,6.932872696407550,2.410014957381760,3.111429586302630,0.791950590693226,2.507929373078785,4.340141142505502,3.805381989437264,
0.296440140793193,0.049356768955255,-0.023415171413394,-0.655685808197643,4.147053286971735,4.019514464878147,4.869695826866447,2.119544459572468,0.861429844557443,3.303576584908595,4.657676383547369,3.742644797659986,4.883183178193768,4.708741606539101,5.461599871493195,1.594355609548623,3.212826767101051,5.644373915030144,4.455370117504136,3.510650646096602,5.256132018067861,5.250112498256002,0.066623191296330,3.032325989557662,4.295347869300709,1.054620021779043,5.077293497372384,5.579521518862681,2.342342515876003,2.329092569175565,3.196618185490872,3.774835638657436,7.270930689823762,2.987232059104543,2.710778394731034,6.932949453538535,2.407108054180485,3.116416508551004,0.792130628254128,2.507895511214505,4.340519056200674,3.805381989437099,
0.297970585632595,0.049740066502913,-0.023271841565263,-0.655044794864843,4.148005537429293,4.018517839129776,4.868959881493222,2.118408313980122,0.861277441481999,3.302753200612620,4.658806015773134,3.742707691509399,4.883318267466902,4.708828408383159,5.462254898976252,1.593143618412339,3.212743599013670,5.645609844129972,4.455101383063470,3.511156604508690,5.255291470766133,5.247759784664923,0.065896007244639,3.029790447846601,4.295316629929609,1.053834810858716,5.074326728498228,5.581744535635892,2.342089887147758,2.331492837810448,3.197921673868867,3.774663649734149,7.267967225673266,2.985247275473424,2.710960772061692,6.932740161092241,2.404707834228607,3.121345053108602,0.792544813961970,2.507960339224601,4.341147505706559,3.805381989436828,
0.299273449406063,0.049540061240430,-0.022959139721715,-0.654643084829245,4.148813933688234,4.017746205465884,4.868140134074727,2.117170966519835,0.860493398515586,3.302346506082611,4.659992615698381,3.742780535288472,4.883397152663948,4.709008929068638,5.463353266351391,1.591891023074801,3.212568983790738,5.647295466460058,4.454525883375101,3.511782505720602,5.254134229955737,5.245674532235943,0.065508317096356,3.028479111998568,4.295442695758275,1.053462442866052,5.071815627169644,5.582889651277498,2.342276624511236,2.333432935939582,3.199414446016795,3.774634444479091,7.265425533084448,2.983237465779064,2.711430006745617,6.933115330150446,2.402772197061454,3.126214209991911,0.793655724100207,2.508798347932787,4.341074061028909,3.805381989436545,
0.300302202564083,0.049877852108439,-0.022649140590893,-0.654421093646695,4.149619272783822,4.016956312432208,4.867241978969147,2.115912870612378,0.859289793949446,3.301867669917490,4.660645430422781,3.742814462088501,4.883383886364746,4.709309356411977,5.465034743156081,1.591124922334662,3.212274247609918,5.649473952611324,4.453510035414435,3.512403248026570,5.252909204105497,5.243507976724874,0.064469312187530,3.026982686258631,4.295841956237346,1.052739825958551,5.068770636744573,5.583776058311615,2.342509645882396,2.335452768256639,3.200771020621770,3.775302160760520,7.263044961221912,2.980266643311024,2.712121558282072,6.933632793544379,2.400778805099395,3.130595687089050,0.796055836314446,2.510838005050080,4.340830344808144,3.805381989436309,
0.300886494532220,0.050889707592719,-0.022574803304088,-0.654523260978801,4.150152019664074,4.016421749242812,4.866194383210152,2.114604014167135,0.857281381058640,3.301734521031249,4.661267363759134,3.742842798854592,4.883433959883177,4.709803686195644,5.466831913607316,1.590359232933299,3.211790411485022,5.651911610787431,4.452514542889270,3.513882554736810,5.252646380540160,5.240918845793034,0.063373684379612,3.025957250924867,4.296329682167650,1.050817334608179,5.064530784117582,5.583755215110394,2.343277027727628,2.338484287538365,3.201318899180368,3.775226944829625,7.260355266045251,2.977534567800692,2.711753937005378,6.934759812912822,2.397768495222602,3.135783041532481,0.798587063380250,2.513006637863910,4.340008038171404,3.805381989436186,
0.300886590209039,0.051913022994957,-0.022343166685210,-0.654834636692026,4.150697011923094,4.016164364422519,4.864703380206869,2.112659704481751,0.856246865886842,3.301428404111497,4.662345684753074,3.742901754514556,4.883978465752191,4.710450910379732,5.467403812495830,1.589167411762196,3.211139503382262,5.653167170086510,4.452440597781601,3.514169639089351,5.253046061329123,5.239474265986778,0.062754668235811,3.025198375072181,4.296888935972434,1.050017406940579,5.061312236393200,5.584222786185136,2.343917102518106,2.341779059248537,3.201885505424009,3.773110537794142,7.258941206614764,2.975391756139494,2.713535987021141,6.935483014228915,2.394522552569504,3.141468467052859,0.799928976611209,2.514106519831308,4.339635353149880,3.805381989435987,
0.300697423724123,0.053745654629514,-0.022277021465163,-0.655303883652774,4.151862371619471,4.014766479090863,4.863397601983410,2.110880021597870,0.857087234841522,3.298981939236232,4.663375277548287,3.742961249688723,4.884987025141065,4.710955531999359,5.466636528276748,1.588072182787560,3.210614415683306,5.653119011227511,4.453565666440235,3.512765103785795,5.255303253546694,5.241443463295345,0.066441547675017,3.025401741037522,4.296481946421397,1.047824286846292,5.056430337228378,5.587091777907015,2.343928602519339,2.344925380760959,3.202976149000546,3.771085355863742,7.260079017063449,2.975809082384784,2.713779532091022,6.935042368278329,2.391434736832357,3.151121078579712,0.798741930538441,2.512849398032221,4.340534234991644,3.805381989436046,
0.301023131271036,0.054633320520234,-0.022473323556666,-0.655491704516684,4.153004677857243,4.013426905262024,4.862080666186684,2.109092928421049,0.857825538629441,3.296944183029153,4.664020271936649,3.743003239608615,4.885998649797016,4.711463804407354,5.466321161727083,1.587376603359134,3.210088478228715,5.653432460881640,4.454227024648723,3.511492915395364,5.256680965597564,5.243510714240273,0.069899886112361,3.025701451051864,4.296376726844479,1.046027196565065,5.051829056458724,5.590001787653651,2.343777276122577,2.347184735696388,3.203844297672330,3.769637816918107,7.261451596992370,2.976047126264918,2.714229057049107,6.934533679516058,2.389228023018299,3.159251535501515,0.797987600314080,2.512049063927022,4.341477624844605,3.805381989436146,
0.302999657014442,0.056688646722566,-0.022098206526219,-0.655144544361252,4.154665509843097,4.011648500374972,4.862526572463728,2.109246187084088,0.861324309697967,3.293788969175010,4.664160397896877,3.743010370251870,4.888029944851783,4.710743226473796,5.463130002556183,1.587083771233625,3.210816503036204,5.650939343545383,4.456857961766907,3.510573277742705,5.256962911062595,5.245103947482548,0.073129736239873,3.024297022804003,4.295089540384823,1.047203936085722,5.050512735786208,5.594603388977280,2.343166576760907,2.348904613070542,3.203934269487664,3.767493101227635,7.262346492380199,2.975797557531001,2.716823081260649,6.933602056434565,2.387546081367956,3.159985971661273,0.793720872565828,2.507793355047028,4.342915965876041,3.805381989436615,
0.305002985484294,0.057836597310598,-0.021816815681984,-0.654798676882354,4.156201931077153,4.010089097322779,4.862681668850293,2.109189292521491,0.864814290262243,3.290802534153875,4.664364241701094,3.743023468482039,4.889976010465013,4.710294448927835,5.460064855839563,1.586794229472615,3.211278421281143,5.648597911345071,4.459397082220508,3.509540688649369,5.256079733772654,5.247517261135333,0.076901981398114,3.023247793547335,4.293629658063892,1.048033350275401,5.049297154893916,5.599043878462126,2.342473451999912,2.350133647952382,3.203958766360310,3.766482920810942,7.263816847637609,2.975533016375469,2.718849848724162,6.932815562832554,2.386331038174030,3.160230346337679,0.789590298291588,2.503689867165834,4.344243007384033,3.805381989437075,
0.306291854794367,0.058251410697769,-0.021645062816874,-0.654488816655428,4.157699191704043,4.008573225168418,4.862938614412350,2.109306655455199,0.868069923733226,3.287887432921205,4.664553754146703,3.743038399676014,4.891637659008389,4.709849649726586,5.457579872731991,1.586537072135112,3.211747214862090,5.646759395223235,4.461345084304595,3.508395444197760,5.253995890622100,5.249859710991455,0.080801941564688,3.022075956788846,4.292644426872194,1.049932794992280,5.049867677789899,5.603225836848129,2.341730925932652,2.350838519867194,3.204007397925560,3.766973262276180,7.265425263803937,2.974914481645641,2.721256472040343,6.931925169198388,2.385631471767744,3.158703769827414,0.786242831643396,2.500321806937776,4.345624950275909,3.805381989437543,
0.307080300397276,0.058874368818903,-0.021751211689740,-0.654570983697823,4.158920480163792,4.007380950796796,4.863031586286055,2.109378466909886,0.870225290786664,3.285650972009974,4.664633756047307,3.743044620860172,4.893001447570921,4.709613262013457,5.455989859389375,1.586347440520085,3.212011158496346,5.645800052122775,4.462602635443559,3.507736973207940,5.251366185353302,5.251497539867158,0.083414364025216,3.020888896661280,4.292046781521103,1.051604431427502,5.049658063137175,5.606192519599846,2.341334683744868,2.351892783055831,3.202930857736419,3.768347651735452,7.266667847747049,2.973646038348824,2.724190465998126,6.931870084709139,2.384519571202953,3.157420516004880,0.784292861577302,2.498454895031336,4.346226004697078,3.805381989437953,
0.307376208117756,0.059662020629195,-0.021205819677656,-0.654963164040608,4.159922516186013,4.006491768716767,4.862970456236945,2.109245327847561,0.871494248104471,3.284000381048007,4.664758302519350,3.743051174630458,4.894143995164645,4.709475661417581,5.455066177728001,1.586116352110028,3.212176121735496,5.645504720934057,4.463355577814636,3.507443414301900,5.248375207764725,5.252503347030738,0.086443495574788,3.019486781475480,4.291672559189944,1.053323010548873,5.049510643685838,5.608251404699899,2.341260326302987,2.352984927888224,3.202105470019541,3.770287836276348,7.267860390217512,2.971887515709262,2.726547693647239,6.932207665405942,2.383332953927835,3.156248934190454,0.783319873666735,2.497565754840237,4.346413927692730,3.805381989438500,
0.307555971085604,0.059837681243224,-0.020706820305966,-0.655381135886104,4.160679454219635,4.005915917814837,4.862905119287865,2.109189087312755,0.871784837458016,3.283003290700679,4.664954887995732,3.743061296875413,4.894976516674952,4.709404918363950,5.455040902918688,1.585825117604680,3.212285914798794,5.646147059367907,4.463274006415036,3.507397373983313,5.244776143103278,5.254759095762776,0.088563003050593,3.018218991053500,4.291236502374439,1.055066970561181,5.050444679745877,5.609794673693409,2.341200344010129,2.353495004066702,3.200946659662822,3.773574204294676,7.270531810696998,2.968879780250590,2.728759853100989,6.932863729543842,2.382696166551509,3.153272535536712,0.784524226448637,2.498830363676604,4.346176902745788,3.805381989439000,
0.308601352387858,0.059947076843792,-0.020115972956415,-0.655591138522377,4.161171060927562,4.005964959382227,4.862821924457966,2.109161883794864,0.871749296194658,3.282825431916603,4.664914685948601,3.743057838655390,4.895672575343466,4.709383657228280,5.455512671948370,1.585737277630081,3.212343386309011,5.647240113577355,4.462731068633206,3.507474034128595,5.239993300907505,5.255588560635480,0.089625362835919,3.017291084056280,4.290587418388912,1.056429629904971,5.051103294224120,5.610986426544080,2.341079034522206,2.353741666797497,3.199534662855909,3.778732193502055,7.271979175841443,2.965261454762749,2.730738339447051,6.933809597738662,2.382313690745560,3.150188819859382,0.786921703988937,2.501260875069411,4.345588650218414,3.805381989439374,
0.310591497490518,0.060589926388486,-0.020378210683555,-0.655052750882706,4.161459164813594,4.006575657642245,4.862800314207947,2.109259659890631,0.871371145599248,3.283945526753589,4.664614565609257,3.743048148810631,4.896468513394258,4.709424319158868,5.456011837188724,1.585949624965991,3.212338882561656,5.648356254791324,4.462201898626485,3.508851503696413,5.234474079805636,5.256329535801526,0.091461525587326,3.017004909580726,4.289952961408358,1.058309783574119,5.052583282499473,5.612170737634401,2.340889745588285,2.353796159928512,3.197749537388603,3.784103935106929,7.273418940718527,2.961665358138558,2.732911709662037,6.934701476796440,2.382182095753069,3.146693347683658,0.789716215402109,2.504119885227838,4.344986158132977,3.805381989439502,
0.312523122899204,0.059859077980746,-0.020875635164398,-0.654842539566438,4.161447350864272,4.007429991375794,4.862622603706980,2.109133823571447,0.869700407352089,3.286272212156871,4.664534447765184,3.743046233128398,4.897338522494897,4.709520885935789,5.456980962461182,1.585943782336112,3.212276207648197,5.649861964937969,4.461364196123839,3.512046379375028,5.229318200205936,5.258009415791167,0.092749014769877,3.016231965527594,4.290358847466289,1.060428240978658,5.052461352523112,5.612218894411185,2.341175540202275,2.353149019316042,3.195277809936000,3.789028242916534,7.275612381012833,2.958225825136273,2.737733042644011,6.936046974597954,2.382812810717497,3.143040623839834,0.792550701664675,2.507044504725604,4.343883547234303,3.805381989439853,
0.313551855043102,0.058705010427091,-0.020977735561326,-0.654861230405529,4.161573839056591,4.008034252078507,4.862353225035327,2.108882285985786,0.868317830420224,3.288045044660867,4.664319473605626,3.743037482244747,4.898107606670867,4.709650045717410,5.458180616359704,1.586077530267716,3.212188064150762,5.651602681219071,4.460351056434405,3.514725708936326,5.224913121000652,5.263195107809299,0.093919074013106,3.015538332747392,4.291059872929895,1.063317657899342,5.053822547764321,5.611529660656305,2.341812023980563,2.351870652880987,3.193269733892756,3.792999695154151,7.281262161622966,2.955289062128961,2.743006569927982,6.937499242870288,2.384052227347667,3.137699935997422,0.794863934450072,2.509448021906185,4.342707183525675,3.805381989440168,
0.314658883346320,0.058162671314126,-0.021186467432863,-0.654842225221694,4.161615930394702,4.008780779460856,4.861934241575793,2.108425613770851,0.866760441737191,3.289756817708154,4.663763428095980,3.743014641096651,4.898727787173797,4.709834458033099,5.459540530580284,1.586566694915272,3.212046534807859,5.653553172117990,4.459260941113449,3.518473428711309,5.220421630860280,5.269499680570717,0.095104201320153,3.015292732481279,4.291403894395956,1.066202163710334,5.055852095984867,5.610049865220116,2.342862441109085,2.349966057105282,3.191571903714029,3.796619867658575,7.288010304971223,2.953202908047791,2.748235406220276,6.939237764806936,2.385884848064646,3.131505264096629,0.796048549290448,2.510689093707990,4.341298586037694,3.805381989440461,
0.315255738818869,0.057523366520868,-0.021529658104932,-0.654948638733536,4.161703354679961,4.009393912893177,4.861499360991232,2.108038535969570,0.865068960499364,3.291363654510822,4.663416076307172,3.743003160901773,4.899345868528732,4.710085373750968,5.460999241548464,1.586878577735585,3.211837819685003,5.655635777413020,4.458070048310018,3.522016413498773,5.217331819801958,5.276233824172559,0.096202152699117,3.015232596134476,4.292221112337009,1.069227457241981,5.057511724658027,5.608601841153203,2.344010412511794,2.347963240442734,3.189512578749505,3.798505954110805,7.295250410975254,2.951549092904160,2.754037543643826,6.940873524437113,2.387783870726496,3.125000978899618,0.796819596056820,2.511524972056301,4.339994392456883,3.805381989440754,
0.316166352013171,0.056229276166252,-0.022181398074502,-0.655213262976187,4.161719035950707,4.010004633387243,4.861014346586986,2.107573426876445,0.863103265849289,3.293167967882723,4.663355526909434,3.743008430318377,4.899906434031625,4.710382158851171,5.462402003510499,1.586925986687534,3.211581079075468,5.657641497691078,4.456937164215421,3.525617603232539,5.214984724008061,5.282194389885141,0.097548706310042,3.014944764025497,4.293232176856553,1.072140723823671,5.059143721829884,5.606884875521640,2.345380863221612,2.346288582375015,3.187032573870424,3.798803905919042,7.301733966980840,2.950629600745566,2.759791654826567,6.942720177588584,2.389426516226281,3.119157671336069,0.796937223208871,2.511815010948402,4.338456311673458,3.805381989440765,
0.316617803101478,0.054384196379689,-0.022879285148752,-0.655636716125946,4.161701189492058,4.010740651960234,4.860525903743987,2.107084061027769,0.861154986270814,3.294928890520103,4.663410319722295,3.743015500058668,4.900343710102458,4.710683552427598,5.463862841285542,1.586802580894208,3.211314714034316,5.659754455263135,4.455705875931568,3.528775712726278,5.212318059747375,5.287025252525233,0.098132519003660,3.014371932544702,4.294071295443805,1.074683670361800,5.060769949353828,5.604792633725065,2.346744252996915,2.344070820240101,3.183664146773500,3.799876591762799,7.307208025143296,2.949325295803628,2.764677228949810,6.944638958839349,2.391538522244049,3.114009946457230,0.797703899591844,2.512614745497616,4.336890057335863,3.805381989440756,
0.316511279893568,0.052809087520601,-0.023844208569923,-0.656285772764941,4.161692980974667,4.011514248454405,4.859670521011708,2.106396214390021,0.859097849894318,3.296738571063575,4.663455038768699,3.743020068422984,4.900653777413337,4.711344718742917,5.465620458148563,1.586659841499914,3.210681511046285,5.662097334240825,4.454344833526186,3.531178167514094,5.210370932492490,5.290483499152738,0.098012463450545,3.013567397595481,4.295449225958868,1.076247905388162,5.060992501446306,5.602738558247255,2.348088005771788,2.341899986274438,3.180344322449638,3.801010154445322,7.311401544304071,2.947589033522062,2.768971214149189,6.946337859696574,2.393606836343197,3.110118718914149,0.799504935546540,2.514407400217730,4.335496310989854,3.805381989440705,
0.315928748095670,0.052493053773522,-0.024992861400124,-0.657314007633138,4.162070530922300,4.011686636460094,4.858739476885438,2.105597660760404,0.858100730264421,3.297338787742475,4.663463180835701,3.743022512027249,4.901146028750311,4.712037424018285,5.467141844633058,1.586557910481557,3.210003115717724,5.664150440142363,4.453141934929021,3.531674183180566,5.209679912185697,5.291646048211644,0.097608763064078,3.014038244849317,4.297163282394585,1.077142081165833,5.059353632506880,5.600196208459574,2.349765510536605,2.340957092133646,3.177195601822446,3.800801489643778,7.313203147548087,2.947058136522950,2.773294520959457,6.948203064555840,2.394474864488627,3.108426625108318,0.799559555135415,2.514635554698500,4.334024824198598,3.805381989440475,
0.315268990924269,0.052100468329495,-0.025933492457471,-0.658505565693200,4.162431509413909,4.011889258967059,4.857966151447353,2.104966148464952,0.857061169949025,3.297980608120760,4.663562175974492,3.743034918094489,4.901684456640059,4.712727710321456,5.468213927665179,1.586383289350609,3.209324352692740,5.665852906857234,4.452325880252161,3.532137432214923,5.209391142024391,5.292970944994888,0.097282650341750,3.014447511931097,4.298387148985686,1.077672960887131,5.057960108673215,5.597749015575933,2.351530733420151,2.340181178124371,3.174178264697299,3.800064300354196,7.315268147178250,2.947066763636618,2.776248473142247,6.950025912963079,2.395194856218079,3.107184379621430,0.799069949873791,2.514288336247032,4.332591356306263,3.805381989440310,
0.314398102124188,0.051335637910604,-0.026568795568619,-0.659680169836053,4.162674604579841,4.012157063044070,4.856992676080109,2.104046214997437,0.855497713498264,3.298640229652482,4.663691738175637,3.743048303144414,4.901947198185049,4.713471064922858,5.469781151818016,1.586189411321352,3.208594476224424,5.668146388075856,4.451155160644387,3.532279177855231,5.208903950674597,5.293059119389814,0.097566505669238,3.014676814337969,4.299707163555519,1.078103015646099,5.056858299255452,5.595618484109865,2.353068821667522,2.339183534379202,3.171908638581884,3.800313760006025,7.316256276047537,2.946035974458723,2.777444278010907,6.951750179719611,2.396107359530220,3.106579643465258,0.800564995733480,2.515751149070811,4.331216158070934,3.805381989440112,
0.313226407293985,0.050988717633538,-0.026875198650128,-0.660918309956846,4.162910303524817,4.012452822515012,4.856062085397114,2.103161512495409,0.853937407443350,3.299474952816997,4.663656497920481,3.743050579691181,4.901959958683254,4.714194067334919,5.471574154567913,1.586146149471374,3.207886942687482,5.670569828131116,4.449856268684614,3.532002956024137,5.208033770263083,5.293027525022970,0.097974071829437,3.015085691056001,4.300962079311605,1.078629940189200,5.056125171453236,5.593305813396682,2.354607601207089,2.338489803408706,3.169753890834867,3.801148002914863,7.317155776332201,2.944825035340985,2.778463642473281,6.953424331563459,2.396742977688758,3.105834291180501,0.802430276034230,2.517548575996686,4.329873650076330,3.805381989439872,
0.311642112790930,0.051086795222379,-0.026639192034847,-0.662290748384939,4.163205751912962,4.012545945079045,4.855301410132921,2.102478763516554,0.852464377421154,3.299617580520833,4.663990805963169,3.743065930861776,4.901768583266056,4.714874465009232,5.473497709116699,1.585722815210746,3.207226117677985,5.673385180309684,4.448305417492521,3.531416229618197,5.207713734415321,5.292984671231050,0.098504775050899,3.015680504062037,4.301734580120481,1.079295764540286,5.056915904385806,5.591494485294776,2.356001403353403,2.338468708531983,3.168026810336251,3.800705745244723,7.318084941726608,2.944091859548829,2.777908253635494,6.954935687107248,2.396694014494400,3.105051795903502,0.804295531443559,2.519344533889506,4.328771859430982,3.805381989439746,
0.310325550971937,0.051509856311096,-0.026326589094325,-0.663591791454939,4.163536392613583,4.012628128968966,4.854525883531838,2.101790197770733,0.851242112729610,3.299847742040709,4.664363091543056,3.743083780483317,4.901711779540364,4.715557775870389,5.475219744088376,1.585297339029060,3.206552275293899,5.676024682243452,4.446960143881833,3.530692967096422,5.207233062482090,5.291704059070498,0.098778071307379,3.016870249864231,4.302095858202534,1.078916492143404,5.057513308800313,5.589473443901673,2.357542913032454,2.338988968700465,3.167118226269735,3.800343753432622,7.317679715315069,2.943743230805104,2.775710642042104,6.956409203311545,2.396159689655620,3.105071012729356,0.805793414325619,2.520751646091283,4.327694962312290,3.805381989439688,
0.308870756667157,0.051625423087059,-0.026294824665161,-0.664909331643326,4.163864043209892,4.012626277581639,4.853649058477315,2.101057150652099,0.849951711949934,3.299554447162251,4.664639553291352,3.743098242374206,4.901488197732550,4.716337040070641,5.476962986656009,1.584991396305900,3.205780107868630,5.678778239166598,4.445680291222859,3.529981011486143,5.207927082793466,5.289915931466750,0.098315569531393,3.017856593521904,4.302357031230094,1.078025311015844,5.058333054623819,5.587962041606253,2.358944594483276,2.339052213659100,3.165582121319442,3.798912924052253,7.316974998228646,2.943092121117385,2.772807655038452,6.957705473127816,2.396035814716223,3.105393149804215,0.807687549347806,2.522420356820095,4.326808413983894,3.805381989439543,
0.307387850632428,0.051528911933042,-0.026380392225947,-0.665986150827665,4.164425793696779,4.012272597201422,4.852883542047551,2.100424404986844,0.848942133040545,3.298716535966140,4.664826239505469,3.743115066338755,4.901092812489337,4.717085535599628,5.478675341345788,1.584813471245700,3.205035501290668,5.681592061552380,4.444315614386395,3.529018965615856,5.209506268976427,5.287476281200692,0.097850479661110,3.018253453374117,4.302908949936326,1.077107058237976,5.058342042924018,5.587195268544573,2.360082223972148,2.339219558858430,3.163916717098309,3.796543575037970,7.315564070388036,2.942621396920436,2.770155214527845,6.958538907320007,2.395825633604414,3.106985312436459,0.809547805795803,2.523993747310700,4.326436175780024,3.805381989439314,
0.305758995794800,0.052074775176878,-0.026451119064857,-0.666999864801929,4.165403043408597,4.011364491122289,4.852209714686713,2.099884649469987,0.848680721956040,3.296817897294601,4.665179149861853,3.743136120234870,4.900847307872128,4.717726370672913,5.479957029572363,1.584462031386049,3.204396770013642,5.684033746156901,4.443164644859415,3.527063737254328,5.212407547601334,5.285041067611439,0.097263815826789,3.018732097202461,4.304081533092936,1.076125003260604,5.057349099967755,5.587694398981951,2.360905170898959,2.340073059171904,3.162123799768785,3.792623918049930,7.314022615756254,2.942909450552019,2.768958470401622,6.958670063965913,2.394953133389698,3.108769095377454,0.810360780486600,2.524482552121836,4.326889930213729,3.805381989439129,
0.304417940999326,0.050762915913224,-0.026320426798352,-0.667552566656311,4.166715264159800,4.010064992739630,4.851379985777796,2.099075741940477,0.849799985023858,3.292860643439949,4.664813830663662,3.743119792528892,4.900653832125460,4.718395592486856,5.480882779478862,1.584697026993664,3.203689538818065,5.685617191311524,4.442348170186979,3.524852404300534,5.215711210766636,5.283058749645971,0.096639922236936,3.019638699983222,4.304157502231575,1.073885323893151,5.057239668074374,5.589720883056997,2.360956760388401,2.338558620095496,3.160017555433657,3.788331784623868,7.312986576249298,2.943883614134805,2.764729623754413,6.957817848386460,2.396373437386798,3.111437026845308,0.809920590765695,2.523496706970738,4.328224885563277,3.805381989438942,
0.303009205405639,0.049874325701115,-0.025943588277034,-0.668117232569623,4.167865747993601,4.008915604825049,4.850716194085092,2.098438736433268,0.850530283335074,3.289222680441108,4.664785862433848,3.743113941379280,4.900369032234795,4.719020892424446,5.481841652803070,1.584587510334458,3.203034497020531,5.687426140636796,4.441448026376738,3.522845561007727,5.218786240501553,5.281451597775649,0.096438867752049,3.020568732556669,4.304087379795384,1.072488190121721,5.058844500540935,5.591750088958980,2.360979600536238,2.337559995450510,3.158378917528651,3.784337939860931,7.312400699899116,2.944502571868000,2.759989451210972,6.957039776251550,2.397257562548601,3.113878401726299,0.810251731470788,2.523214643354746,4.329489744241456,3.805381989438756,
0.301907567708693,0.049264773704871,-0.025469534251500,-0.668698524774869,4.168881816005110,4.008021395135993,4.850043777203778,2.097786396184276,0.851140673817534,3.285997160364257,4.664982633634506,3.743119444919702,4.900233049403969,4.719630646636594,5.482442891398987,1.584287439913698,3.202403162693352,5.689030544142798,4.440853931936924,3.520849664973572,5.221520141089646,5.278073926545040,0.095258238729799,3.021867376541519,4.304039781777068,1.070624826746243,5.059982328686087,5.593592561591788,2.361096191010908,2.337383712486187,3.156675747619027,3.781005624274985,7.310405741908742,2.944873169797563,2.755135350841006,6.956582289549800,2.397298539054588,3.117171693541308,0.810924268353863,2.523237356695284,4.330515809068563,3.805381989438619,
0.301132326944669,0.048722817387350,-0.024866921252243,-0.668992101233559,4.169839563418502,4.007358275978451,4.849285276948882,2.097119716699399,0.851562723085580,3.283709849996844,4.665404792988467,3.743136927221381,4.900131612607272,4.720322919631364,5.482938059120594,1.583814922255984,3.201688452752028,5.690544445671382,4.440489811863830,3.519202215064142,5.224028604024343,5.274431626525791,0.093966900147372,3.022805512688738,4.304029922154855,1.068531935465192,5.060752176468396,5.595400507101809,2.361223065581881,2.337541442518722,3.155949758918181,3.777826697486022,7.308039780150025,2.945248909808910,2.750421648398556,6.956057751136887,2.397066813271463,3.120705201253271,0.811735193838614,2.523465080144558,4.331547557244394,3.805381989438501,
0.300193954838509,0.048420083870963,-0.024196626518745,-0.668757860088311,4.171363303056647,4.005937098478077,4.848555199029795,2.096464300827893,0.853071828776479,3.279789189374418,4.665821851054537,3.743153202841154,4.900049845859554,4.720912144735224,5.482891334143946,1.583343428788472,3.201076374910472,5.691673321381505,4.440668613175628,3.516198923541613,5.229746272844610,5.271245397348967,0.093430600072193,3.023578529975670,4.304792971112171,1.066738865626171,5.061084019391044,5.600562270093062,2.360192961976061,2.337225093897027,3.155140198201964,3.771449916297789,7.306233958864730,2.945712328263392,2.746145204317813,6.953411422489603,2.397281686682471,3.124442171174203,0.812530986130436,2.523413069768272,4.334825996189044,3.805381989438509,
0.299665297368886,0.048767314787987,-0.023517896006431,-0.668395217730750,4.172907070456472,4.004652433562906,4.848174664028641,2.096129886177798,0.854900223630131,3.276009513787129,4.666144281818989,3.743165101587212,4.899891122581414,4.721290240850498,5.482817390394449,1.582964711096784,3.200675672917012,5.692735821375202,4.440609731295983,3.512838322158992,5.234158683394131,5.267571730375942,0.092362296995106,3.024168696044389,4.305172941570585,1.065002895841568,5.062261656472815,5.605476309801987,2.359186248514629,2.337250501926623,3.154765754421386,3.765840524545446,7.303831643150869,2.945970822330133,2.741591081185496,6.950896446041577,2.397176466179134,3.127722206947657,0.813391855865387,2.523423348176776,4.337954785464722,3.805381989438452,
0.298227271811069,0.050243996664093,-0.023712574558375,-0.668618950821951,4.174508194679508,4.003197735089443,4.847908853425115,2.095856622826213,0.857175653729859,3.271509287451348,4.666559296708290,3.743182865896316,4.899789827588265,4.721546501429949,5.482835794487132,1.582542395479076,3.200400364655862,5.693797479498167,4.440300125415340,3.508430913918031,5.238537126684984,5.263019618364417,0.090676858926122,3.025211642987470,4.305344420322472,1.062979018523317,5.062911286014574,5.610261882498144,2.358303578607301,2.338551418844665,3.154908482702832,3.760381708506335,7.300823796779158,2.946553463363937,2.736886925433014,6.948349889247670,2.395820610271162,3.130892670774661,0.813515901457652,2.522723992747568,4.341220593649399,3.805381989438392,
0.297020144470626,0.050868990012018,-0.024188221520742,-0.668546705388417,4.175994936413346,4.001757584199579,4.848116068205842,2.096054564639633,0.859201626053681,3.267463998250230,4.667934740215063,3.743242219387866,4.899975429530785,4.721751464510275,5.482039292220063,1.581207854914598,3.200185324606406,5.693598447440379,4.440830001809161,3.505484150596627,5.243512367843937,5.258473527480716,0.089399640096365,3.026038661119007,4.305053832400611,1.061165499192480,5.064178739939002,5.614296898145716,2.357910024338354,2.340236202232707,3.155406265186078,3.753633335291999,7.297733955913387,2.948055181848675,2.732609472870413,6.946378431617232,2.394095923833264,3.133367102841306,0.812354605631565,2.520744467481321,4.343863581740123,3.805381989438056,
0.295743544363019,0.052091375826862,-0.024842085657543,-0.668693020652255,4.177465396673123,4.000269179296966,4.847982059108570,2.096040299101853,0.860986646629336,3.263632015200225,4.669221130363605,3.743297597264014,4.900194136040574,4.722204519396772,5.480870778325304,1.579971233475360,3.199715988758367,5.693043633304757,4.441896794403225,3.503341456939403,5.247983423717138,5.252753361425910,0.088067200435425,3.026181317711271,4.304463576188001,1.059087215350086,5.064199927528027,5.617828632402150,2.357727847973077,2.342220338853297,3.155208670545279,3.746383650226091,7.293285146685169,2.950630901895495,2.728505205931035,6.944954156171438,2.392047526144552,3.137416039108273,0.809984142198382,2.517768613628975,4.345979701998082,3.805381989437620,
0.294382231573216,0.052799805180822,-0.025398280516750,-0.668640569230325,4.178919446343643,3.998816901216442,4.847731110327886,2.095915364184006,0.862072794326274,3.260948888169812,4.670339845583867,3.743348273285648,4.900063827804526,4.722668757227634,5.479908735883246,1.578913631841435,3.199240174706014,5.692660449244126,4.443042906075939,3.502025816405244,5.251862020990463,5.247819527624396,0.086951272906800,3.025782951960506,4.303985754699488,1.057434801324720,5.064341555725614,5.620670499341116,2.357751447283561,2.343909144236737,3.155271954237018,3.739551559508873,7.289578615105673,2.952609837082458,2.724971699350748,6.943791701346399,2.390276368321978,3.140981638551370,0.808286399495403,2.515422032581037,4.347773670628870,3.805381989437057,
0.295927064493026,0.059132903899076,-0.026737272965422,-0.667547085775358,4.180030863497726,3.997819275772721,4.846907352818642,2.095285981093370,0.862210045744505,3.259949735351638,4.669927677572281,3.743360008505443,4.900096391917170,4.723391299507564,5.478680534646225,1.579368407643551,3.198503470920993,5.692759315963781,4.444635879002977,3.503011948654762,5.255346741435752,5.241908254860880,0.086646230554527,3.024923729793798,4.303749257876173,1.056414765380123,5.064162033267825,5.623383972832891,2.357743488660336,2.345032427752025,3.155130407994329,3.733649280368716,7.284873817027493,2.954665318512492,2.723199177468538,6.942919603949090,2.389088357438470,3.141855969934118,0.806844348201545,2.513442883963731,4.349274940531004,3.805381989436622,
0.296704054127297,0.064513545420931,-0.027322926070362,-0.666806509164190,4.181035669115022,3.996874959054302,4.846075128221695,2.094639720381858,0.861744000051182,3.259481480626961,4.670040324819728,3.743382745514549,4.899950789318627,4.724035731267555,5.478212738520442,1.579304073034405,3.197849199075720,5.693593351956950,4.445427396208091,3.504235971361847,5.257884253627591,5.237577770547987,0.086599247416242,3.024041132699699,4.303735184247833,1.055886139416051,5.064002610093440,5.625097254365616,2.357967127221593,2.345887706892862,3.155573864644598,3.729094645334375,7.281666928521027,2.956016703298425,2.721945267961863,6.942530274012109,2.388145125207586,3.142427653923113,0.806567057486443,2.512690087747621,4.350276555166500,3.805381989436108,
0.297368904593275,0.069539903088696,-0.027661567496372,-0.666105825548856,4.182055905441486,3.995933055157670,4.845173868879352,2.094057857129981,0.861279789497044,3.259433472847165,4.669639685589100,3.743388519368547,4.899818585934772,4.724778608172892,5.477607333512272,1.579697333313111,3.197105821059709,5.694270808934068,4.446457845905573,3.505504849996978,5.260023502145748,5.235996801561297,0.086778830188442,3.023330791649801,4.303738309001147,1.055531240602869,5.063956367772610,5.626144921153091,2.358449190548294,2.345915954491939,3.155624413734762,3.724939543887250,7.281135898265569,2.957379963172664,2.720943336596729,6.942438128896026,2.388046637231858,3.141494768074695,0.806163158523026,2.511831019708589,4.350954059044714,3.805381989435657,
0.297388945590917,0.073240589501392,-0.027660179829624,-0.666299192537756,4.182740648579770,3.995385749137333,4.844333957082164,2.093509434550677,0.860344700340243,3.260080603556344,4.669496312695584,3.743396450986106,4.899667281128489,4.725484557027809,5.477510029492332,1.579808135575342,3.196401132943365,5.695446998593702,4.446775788992568,3.506506506075086,5.261169076757079,5.235638102259962,0.085785035550230,3.022630672781011,4.303136253724079,1.055148967610580,5.064291783888546,5.625666354271296,2.359485236443876,2.346600679209846,3.155918438030324,3.721852822535050,7.281365092280241,2.958652492581853,2.719517116036450,6.943362400126703,2.387318487559791,3.141148912952705,0.805560785731930,2.510827699701648,4.350597187118123,3.805381989435349,
0.297468026981535,0.076152647951128,-0.027780223154993,-0.666429825205576,4.183345945456705,3.995033262802852,4.843523000937271,2.092981155602244,0.859360634807532,3.261253987535502,4.669193820673151,3.743398183222554,4.899385394828745,4.726152901673183,5.477410370976647,1.580060350418287,3.195737153125036,5.696834578320808,4.447150563744718,3.507271995010784,5.261908791143851,5.235288531519745,0.084341806048601,3.021167894094224,4.302104001631004,1.053969252636507,5.064484107701242,5.625335530346280,2.360293539835747,2.346896044895943,3.156052095997226,3.720369150114184,7.281784373000647,2.959048490108428,2.717212054849119,6.944109948306336,2.386960489464427,3.140461389497833,0.806073541159020,2.510921173613834,4.350367450410962,3.805381989435118,
0.297557995339171,0.078495651205516,-0.027763566267301,-0.666585262077851,4.183949997731781,3.994735004571655,4.842811949727550,2.092490370415342,0.858300634280253,3.262645001865471,4.668935315449355,3.743400492160818,4.899003723590138,4.726718675552998,5.477596269023151,1.580261308989487,3.195177263257362,5.698383317532133,4.447237871462887,3.507649670851841,5.262895377925357,5.235372724969960,0.082625307718206,3.018589711295333,4.302364998142813,1.053494633028645,5.063694994396418,5.625037349121578,2.360976636665118,2.346910785697314,3.156512730648888,3.719143057280835,7.282629972003481,2.958690203981077,2.717493166402583,6.944775187331120,2.386892256861536,3.139548454541316,0.807596229903947,2.512152962474307,4.350159352548576,3.805381989434962,
0.298712434110170,0.078940038196377,-0.027659502020113,-0.666543717141414,4.184505356934743,3.994465970217232,4.841991913408265,2.091934477888302,0.857445656276284,3.263193703815812,4.668824478156428,3.743406423621304,4.898780249938214,4.727354315280322,5.477660678407568,1.580329970761993,3.194535050070272,5.699812916095978,4.447396114801166,3.508434968079944,5.262442049676908,5.236757432818774,0.081420743972508,3.015609646346682,4.302918042761371,1.052149935806170,5.061195555327726,5.625459598372451,2.361264945883580,2.346310121725403,3.156556136443054,3.719155983676007,7.284764524092684,2.958302450423877,2.717562712881992,6.945460611831638,2.387420309626793,3.140625270650357,0.808594348578459,2.512967281854418,4.349913378292304,3.805381989434953,
0.299287630093064,0.078755637283544,-0.027002871451508,-0.667069676457687,4.184927407229728,3.994279654557642,4.841230083560651,2.091419562937930,0.856110495109723,3.264370943219779,4.668989704493804,3.743419261897072,4.898629871364261,4.727946811465041,5.478099615168371,1.580123785598476,3.193940160824524,5.701499959294495,4.447240462200446,3.509481200402844,5.261936309131102,5.238587797815604,0.080330004228921,3.013246850099951,4.302812954444747,1.051386671445137,5.060625631658647,5.623743997446284,2.362527393263934,2.345834543201552,3.157396453066819,3.718556088925533,7.287263918980606,2.958565849227686,2.716801834062772,6.947271621487554,2.387798769023050,3.140941895661056,0.808914337841588,2.513240533098347,4.348486571321518,3.805381989434899,
0.299602177017125,0.077778970152631,-0.026147174195760,-0.667895373444453,4.185440283861568,3.993950694078090,4.840314774613336,2.090783560414963,0.855277223587097,3.264846984941189,4.669017040275485,3.743427619613403,4.898646366330754,4.728546956000200,5.478375833673796,1.580054809737029,3.193331441867314,5.702911240774475,4.447322170081914,3.509356634237477,5.262001007038203,5.240560609027553,0.079402968344245,3.010648379943973,4.303224945371931,1.050727837571684,5.059252298281662,5.622379202165969,2.363617043137155,2.344619464313836,3.158650800726907,3.718000794120889,7.289926273599841,2.959089285140365,2.716741048251126,6.948952326653883,2.388894644092070,3.141425118318250,0.809042837130513,2.513459979321506,4.347261171237196,3.805381989434772,
0.299862519502275,0.076210968810914,-0.025051941097455,-0.668724960350094,4.185907417213315,3.993774912010955,4.839485295557977,2.090211301950041,0.854216940466987,3.265785017907841,4.669246468352758,3.743439700627723,4.898450154170722,4.729144053177126,5.479137842689878,1.579775261829638,3.192726070610250,5.704665171376227,4.446937069481024,3.509019962044226,5.261655556791085,5.243277246423760,0.078491272033029,3.008967277217407,4.304368526324095,1.051269315148862,5.058879984123857,5.620709235389107,2.364708724064903,2.343007812252263,3.160326312909399,3.717948084026272,7.293333179890639,2.959238016005367,2.718391073110605,6.950698064991495,2.390358156851632,3.141188313402594,0.809666321384103,2.514307090816500,4.345920794017909,3.805381989434424,
0.299798393957370,0.074211040768538,-0.024230696609260,-0.669665841480110,4.186187682536130,3.993861371348520,4.838684295247025,2.089667870487038,0.852715380823320,3.267492953503659,4.669561307278533,3.743454357840216,4.898329178935685,4.729725061841517,5.479723397752160,1.579428157881291,3.192138020928349,5.706317500958648,4.446797532371451,3.508939037652324,5.261350181254701,5.245749794997176,0.077229334211221,3.008016029572730,4.304945575949960,1.051561690943064,5.058792987188363,5.618479606516185,2.366032520384936,2.341019063770228,3.161202642853655,3.718211361735666,7.296691193874452,2.959092732701261,2.719571096675597,6.952910311548477,2.392179062116650,3.140714479447213,0.810659870514391,2.515531519258885,4.344074882653031,3.805381989434211,
0.300365736808669,0.071761797417577,-0.022934703111716,-0.670283876906894,4.186405680875035,3.993978098439005,4.837688557253681,2.089074726914620,0.851022476454510,3.269597470995322,4.669698227673586,3.743463139992658,4.898403852932918,4.730497144707291,5.479840788045253,1.579265223192671,3.191353045674225,5.707536683352830,4.447324495409314,3.509312407856881,5.261004511307987,5.247699945109579,0.076094628282134,3.007473097486275,4.305387500254104,1.051326367688459,5.057348412843250,5.616940766687406,2.367002412714687,2.339068835571425,3.161636844859818,3.718881501344917,7.299422312966958,2.959147916422347,2.720883160555105,6.955101556986639,2.393921309044157,3.141084317337349,0.811762256339236,2.516964767102193,4.342219656413764,3.805381989434252,
0.301814124499058,0.069985514647977,-0.021623536069884,-0.670667108501803,4.186252231320347,3.995493271258315,4.837092387879601,2.088677676896408,0.850157398158092,3.273038024336171,4.669747992140072,3.743468565575214,4.899420553665868,4.730965466956865,5.478478910562587,1.579170433529980,3.190861604060690,5.707401007539870,4.449350199214492,3.509873124020235,5.259410697779086,5.248521882962272,0.074047016467121,3.004941908227838,4.303196510193394,1.051023217305790,5.055656323987441,5.616003554026282,2.367628461234164,2.337447068879434,3.162011417848499,3.721847593967237,7.301305183562035,2.958707424600276,2.722268350717465,6.957252533320401,2.395347578958687,3.141313905277288,0.813698585730489,2.519210599028423,4.340347526423334,3.805381989434266,
0.303342041318903,0.068328318998045,-0.021019947508195,-0.670954437488776,4.186007891247608,3.997101450780858,4.836435004935386,2.088250385232901,0.848937952519257,3.277094301442821,4.669463302889452,3.743466918219753,4.900113398126484,4.731412044808732,5.477652331611035,1.579425804011046,3.190397848353421,5.707706819935035,4.450925760710287,3.510258761959329,5.256494060555088,5.248633480991821,0.072420274056029,3.003021757063308,4.301459844082983,1.050677737951857,5.053428784102409,5.614817600961461,2.368293599841440,2.336052336120048,3.161650268562330,3.726319162181619,7.302347594078293,2.957804134973612,2.723665366589902,6.959510352148171,2.396666728565180,3.141481149358677,0.816306888726053,2.522157291866603,4.338366174890798,3.805381989434404,
0.305086738040511,0.066445634730287,-0.020697830834432,-0.670878035631110,4.185967461214925,3.998530096319325,4.835757627781929,2.087817713187732,0.847978580456941,3.281009247587137,4.669107768781902,3.743463279846960,4.900427551876593,4.731850859805536,5.477136562644095,1.579760096824194,3.189943280639110,5.708225539967491,4.452187167329591,3.510760279534575,5.253654391753754,5.248985216271152,0.070877970693204,3.000848202383573,4.300338295492886,1.050576248115178,5.050932397993036,5.613950353954198,2.368803776957306,2.334526780037388,3.161036608143974,3.730417997217512,7.303580456002979,2.957113511345500,2.725888317402184,6.961384760459121,2.398142743088149,3.141406197558924,0.818647513397462,2.524792692092676,4.336794880326282,3.805381989434634,
0.306602833320406,0.064903533595805,-0.020716666757562,-0.670870583588057,4.186128124839121,3.999532349260775,4.835162832049645,2.087434724117487,0.847614035706387,3.283840676236179,4.668609992060858,3.743452917000653,4.900810214568049,4.732232025289755,5.476194097611921,1.580179870666267,3.189550990441925,5.708371714636076,4.453757987020464,3.510464583823114,5.251488325776783,5.249063272720633,0.068737273715425,2.998510290209313,4.299735728515305,1.050893627773609,5.049001914319409,5.613131459057271,2.369483290206953,2.332927765880543,3.160190156217913,3.734107220332552,7.304894498516668,2.956994467538518,2.728473687292630,6.963158576936369,2.399700555375900,3.140654440866082,0.819895675494426,2.526272180896536,4.335346308893757,3.805381989434923,
0.307840191518053,0.063398472380298,-0.020767405042285,-0.670781768403547,4.186546821958537,4.000172938075332,4.834596052358336,2.087075137221053,0.847853147367461,3.285788682570900,4.667827220118077,3.743431265614886,4.901059414152666,4.732587937097722,5.475548976809974,1.580828516212532,3.189186594768470,5.708677311965968,4.455018917526397,3.509344142320784,5.249284180804821,5.249436746675681,0.067179718484735,2.995516490116788,4.299305067101574,1.050449341820523,5.046122701371716,5.612631873368883,2.370014980724219,2.330927293501106,3.159306424318590,3.737842985709251,7.306257306468985,2.956956894488188,2.730465203517169,6.964440689326426,2.401659868147329,3.140457634301606,0.821012660514641,2.527573899759413,4.334342311509356,3.805381989435260,
0.309260496237758,0.061558706607214,-0.021018031900157,-0.671028951629257,4.186953418732983,4.000881951094767,4.834469086299993,2.086952363263423,0.848851992167672,3.287165935772438,4.666836122796367,3.743404589686528,4.901740033220518,4.732743543834596,5.474337340772602,1.581703917847711,3.189025840934808,5.708430976041103,4.456534381845673,3.507617472953124,5.247601767927384,5.251167417578745,0.065746594999100,2.993864474638781,4.298104045600858,1.050798734734461,5.044228755492797,5.611798879471264,2.370855040269777,2.328765280728179,3.158190295928466,3.741677159199169,7.308816781536689,2.957681225206737,2.733289404951669,6.966158083056249,2.403809779036157,3.138550491893884,0.820927688361376,2.527690707539711,4.332918673170781,3.805381989435286,
0.311112839293299,0.060617414776521,-0.020915360683145,-0.670988759913705,4.187543148693110,4.001259687745275,4.834492214493902,2.086907169527036,0.850490160003763,3.287623578341256,4.665705318959200,3.743370912610313,4.902391462640179,4.732774735838900,5.473027568536388,1.582699680987039,3.189004892869795,5.708022269468541,4.458031254931026,3.505175740760020,5.245205389812431,5.252822367919983,0.064767974272466,2.992383570345484,4.296933111680454,1.051263447816614,5.042745439811278,5.612400869416095,2.371231106639707,2.326929563483492,3.157420336326132,3.745643842009854,7.310659351389946,2.957970499612369,2.736308347955341,6.967147321790390,2.405646000747823,3.135150025963684,0.819933061856332,2.526814322917447,4.332295309790561,3.805381989435255,
0.313101376491202,0.059151125772187,-0.021072161207255,-0.670823056781624,4.188054089415853,4.001682426299534,4.834324721826114,2.086764125214961,0.851870072487149,3.287963792046616,4.664678759414412,3.743338747724397,4.902954118365527,4.732885299251579,5.471559551414434,1.583590548118774,3.188900898701002,5.707568392415720,4.459637812462297,3.503140005732150,5.242564397109159,5.254400261259238,0.064078672365881,2.990837948211756,4.295758319430456,1.051796466001879,5.041855893866514,5.613391508404781,2.371407786798418,2.325397104439261,3.156835782484260,3.749180568793508,7.312512628666189,2.958267923339664,2.738284329352439,6.968106980333002,2.407176600522618,3.132145762232929,0.819559706858817,2.526453969344306,4.331724227524117,3.805381989435176,
0.314205509702187,0.057152865776787,-0.021661754949330,-0.670914522122402,4.188572279119485,4.002127822193298,4.834331109266215,2.086722886367228,0.853193487776760,3.288111298629167,4.663881798446774,3.743315208309151,4.903517295941466,4.732876579281834,5.470159200952088,1.584272735870481,3.188933788279297,5.707104147546707,4.461121980667490,3.501182551803653,5.240070752327609,5.255880734939218,0.063616644610851,2.990162413597074,4.294776386436951,1.052723331055812,5.040922923241128,5.614061891002689,2.371671407496675,2.324126212802397,3.155588815690355,3.752853734317214,7.314040563857020,2.958731893180865,2.740544070542684,6.968980304501576,2.408399567155634,3.129019450736940,0.818990375116256,2.525798130264839,4.331283785980013,3.805381989435257,
0.315015626495648,0.057461801982927,-0.022210799692350,-0.670550910507046,4.189406288590809,4.002043632040187,4.834313722874623,2.086693995855192,0.855434862724812,3.287131041872879,4.663014858774076,3.743288256141089,4.904276035773318,4.732891228879421,5.468273654166284,1.585039338280048,3.188943530777662,5.706217526665927,4.463025343130509,3.498752441146103,5.238394337696101,5.256789676358339,0.062432309715800,2.989046743843673,4.294323724522532,1.052910305913603,5.039220025741802,5.616138801314792,2.371651690717925,2.324298916056500,3.154707632479960,3.755726869625153,7.315190667593900,2.959368704591582,2.742130744911768,6.968888143538872,2.408195151334641,3.124364431064113,0.817870542056484,2.524409283100010,4.331943395951078,3.805381989435337,
0.313901408347557,0.044627579724331,-0.024605068767850,-0.672783967100642,4.190652726832263,4.001133360960576,4.835418314098687,2.087217237891319,0.859047634453080,3.282645535842195,4.666915242653311,3.743492135073632,4.904731179591452,4.732133551834307,5.468016249454402,1.581361845106244,3.189798412269880,5.704419155796028,4.463453672560568,3.493504631753703,5.236860581105045,5.256745434501965,0.062404241919785,2.989185368971285,4.292352453905534,1.054311111464622,5.040792560470687,5.617457433186019,2.372125524707316,2.322689294001462,3.153818016828886,3.758508917022340,7.313486683048533,2.961720673379061,2.742555070670866,6.969327491668470,2.409740612829800,3.119422305468994,0.814566943997862,2.520971502296584,4.332232521514480,3.805381989435432,
0.312954810575525,0.032588263173304,-0.026921538600681,-0.674715982419666,4.191998937717676,4.000089066861253,4.836404376574285,2.087681517064456,0.862363081894770,3.278404452096955,4.670332686253642,3.743674707717080,4.905146205244548,4.731458879449574,5.468010682534881,1.578156524550693,3.190559926613652,5.703062064696613,4.463550797283312,3.488623221626510,5.235472919562913,5.257010326803083,0.062326499996622,2.989460475194702,4.290631404705303,1.055904724502256,5.042859527084517,5.618735100454439,2.372640716512084,2.320707430235206,3.152693637381681,3.760842258834219,7.312258154612807,2.963878814863642,2.742698039599728,6.969603413318259,2.411710515136237,3.114890890737198,0.811603413740272,2.517802005953181,4.332637820898661,3.805381989435505,
0.314221102339355,0.023978793796090,-0.029806773543487,-0.675521733044227,4.193042842145389,3.999541391880216,4.837154327951502,2.088027359208534,0.864915520519196,3.275574300368929,4.672507225901650,3.743821232983264,4.905637182829961,4.731001235197639,5.467605752174564,1.576186357299827,3.191092202369548,5.701816356274469,4.464091832354010,3.485452906677182,5.233511401241972,5.256723461790224,0.062494121452021,2.989459144852958,4.289302769108046,1.057525326796162,5.044144835293800,5.620692719389658,2.372864790356372,2.318820309882448,3.151132676131663,3.763114082706988,7.310655341805849,2.965601134034014,2.743646240615004,6.969732232186914,2.413630396663110,3.110237523871031,0.809332054757991,2.515323464624501,4.333150976049989,3.805381989435578,
0.316395994050203,0.016242622860342,-0.032973260339690,-0.675509044730968,4.193885841808842,3.999364406244980,4.837828098741324,2.088337503857770,0.866513424416311,3.274673600773056,4.674890681681720,3.743960276232473,4.906025475098129,4.730612694862668,5.466972651643554,1.573987740737071,3.191549691094938,5.700639705382028,4.464944808555873,3.483986382886480,5.231805929643065,5.256551483644682,0.062390943138500,2.990381496350897,4.288302152263244,1.058708823136877,5.044825612131806,5.623190953723446,2.372916610958706,2.317444499304629,3.148764993334321,3.764696964913482,7.309200530004698,2.967350725803301,2.743772824222135,6.969516312463754,2.415093770112165,3.107205508670638,0.807302730921932,2.513180277794771,4.334005327287877,3.805381989435751,
0.319178526113109,0.010266104499504,-0.036310492426052,-0.675135814860374,4.194890702053900,3.998899670417710,4.838619217042264,2.088749405377730,0.868677053501764,3.272970280890650,4.677039642947737,3.744085768162061,4.906519553823452,4.730164148700605,5.466180060361101,1.572011262757057,3.192074503442436,5.699403050487654,4.465819886654752,3.482641464840778,5.228867278336836,5.256408284546337,0.062653603169609,2.991637895018238,4.287063723733241,1.060284668147512,5.046989664871218,5.626085839510283,2.372914116883801,2.316521271787602,3.146427665810387,3.766557778653613,7.307965536996795,2.968701623160420,2.743066791229689,6.968953185602256,2.416116834219259,3.104288182677940,0.804987452366720,2.510529279162430,4.335214432866561,3.805381989435941,
0.322706081814195,0.006903849657716,-0.040379808329544,-0.674427116865637,4.195922653840307,3.998474357246006,4.839321629962397,2.089118095036413,0.871077141581080,3.271200130397908,4.678795647531924,3.744198833218937,4.906963364264902,4.729789735380170,5.465121018453921,1.570458283783390,3.192517345763048,5.698079215753501,4.466863834100204,3.480818910872685,5.225627814439436,5.255557016559191,0.062898880731159,2.993226561774831,4.285813009432322,1.061316650905269,5.048751657458917,5.629303589020505,2.372690606664666,2.316975397082505,3.143629942582772,3.768873827364530,7.305123410810138,2.969887787145109,2.742160045849703,6.968356111669782,2.415752902333703,3.101979925426098,0.803118983027574,2.508269814657936,4.336461004128544,3.805381989436100,
0.321716068381802,0.007016762134686,-0.048483493564189,-0.676252898183320,4.196396752453448,3.998335040955616,4.839882642516127,2.089432464752970,0.871464388803888,3.271079556621501,4.680229155843112,3.744300949344864,4.907147889188835,4.729528255444508,5.465263887361885,1.569134057087108,3.192845873919858,5.697867631604078,4.466802751837305,3.479793159484557,5.225272416316409,5.251757701585488,0.060157669159320,2.995599591780151,4.283909892268871,1.060202699602238,5.048701903505084,5.627000562200876,2.374561201880309,2.320732164191906,3.137997972286019,3.769633129623957,7.302026594449422,2.972536911589174,2.740002128242438,6.970590757255030,2.412025134847486,3.103275554788065,0.800188744526706,2.505834793308267,4.334758405541761,3.805381989436136,
0.320555971534650,0.007450604577124,-0.055912929231326,-0.677907564547669,4.196845868517376,3.998160246362271,4.840309339594864,2.089692735883956,0.871409449548067,3.271013848870710,4.681628869436937,3.744392325803141,4.907190967236354,4.729365436397109,5.465678176916987,1.567838882755848,3.193072275101933,5.698171947604102,4.466503975517772,3.478770964159578,5.225197859343340,5.247883819970174,0.056374879367704,2.997349877227412,4.282554109127262,1.058163901333989,5.048163987849836,5.625291261846029,2.376130813719954,2.324507018703618,3.133008075684522,3.771029044323302,7.299302245866872,2.973728265067868,2.737330752341657,6.972468651713460,2.408263215424128,3.104183959326548,0.799391419323867,2.505303550422511,4.333361041184650,3.805381989436173,
0.319824080455891,0.007889201256434,-0.063160131797794,-0.679167489848438,4.197164843383768,3.998166464368428,4.840528348740924,2.089822386185167,0.870570507141275,3.271963073696538,4.683232930497333,3.744471544652651,4.907099410087362,4.729309033817874,5.466353836643068,1.566315525020723,3.193185572170637,5.698765416367770,4.466054040325369,3.479298846926700,5.225366074474183,5.243394974416714,0.053128676772083,2.998574147117604,4.281690106962802,1.055947081995986,5.046593507211130,5.623473928670597,2.377710933934493,2.328451242518131,3.128393869643198,3.771851530420966,7.295847881862322,2.974535428624118,2.735190620817436,6.974367038616405,2.404363262711233,3.105858487470517,0.799080032294347,2.505202636756493,4.331900048466371,3.805381989436122,
0.319721550174209,0.008673286808305,-0.069396034934844,-0.680030350274571,4.197662501988450,3.998050325881774,4.840688967468665,2.089897795834713,0.870353139994738,3.272569705224190,4.684848156338257,3.744539571264681,4.906865716177617,4.729280585948449,5.467340380970098,1.564821099524072,3.193265012062157,5.699715994036712,4.465256783120056,3.478824226924137,5.224919283246998,5.239872834829608,0.050298866108344,2.997858648413320,4.281613500073157,1.053789101566780,5.044047459703292,5.622403262247312,2.378824925833704,2.332374880786937,3.125308722556059,3.773297456054085,7.293095065537346,2.975033299625526,2.733793975300750,6.975734219463057,2.400526988907726,3.107754617781987,0.799528498376026,2.505958536659342,4.330911922469749,3.805381989436111,
0.319808747253083,0.009936668795261,-0.075017932304528,-0.680678473059524,4.198157411541767,3.997913011026960,4.840686831600172,2.089924423606066,0.869873937584942,3.273301976408725,4.686602397845153,3.744592991837275,4.906542919227088,4.729396931425703,5.468620393957436,1.563262739009236,3.193199269414638,5.701071082392164,4.464278049328119,3.478146048502712,5.224197684640822,5.236793743324116,0.047673203786206,2.996991030239684,4.281136083787733,1.050794560690499,5.042084886616967,5.621932232728276,2.379654376170107,2.336585422255403,3.122524462840650,3.775274692810931,7.290727183304695,2.974615525586466,2.730651686905432,6.976735319990487,2.396387386713982,3.109814623687779,0.801462996895547,2.508015113010207,4.330176896151634,3.805381989435999,
0.320401954971322,0.010787642819533,-0.080530967535357,-0.681097983251352,4.198597768467415,3.997831156636500,4.840700548068574,2.089961891516666,0.869411657176387,3.273978411718930,4.688267413198846,3.744639618690846,4.906413328221659,4.729471448720165,5.469667659553737,1.561767638656224,3.193173530541444,5.702271643347608,4.463555931537186,3.477897376732010,5.223638538535590,5.234536927825428,0.045536222429369,2.996764000189946,4.280310306273636,1.048418102979018,5.041388073221416,5.621952029595062,2.380427464904245,2.339905036720863,3.120046071551187,3.776704412945856,7.289238031620543,2.974578731439093,2.727019731241227,6.977597524791561,2.393145036585364,3.110409231731477,0.802984558718795,2.509596915693574,4.329597861013180,3.805381989435712,
0.320888103677223,0.011678721852671,-0.085309467291652,-0.681515986368157,4.199135458186817,3.997676193214728,4.840653751271187,2.089955174227059,0.868870786942200,3.274602971513158,4.689696718968934,3.744684114953286,4.906089023666254,4.729537937847323,5.471140683805780,1.560486602557442,3.193153973047677,5.703851377977170,4.462497278923410,3.477080409230545,5.222440855734390,5.233881526281877,0.043915804721949,2.996056755647488,4.279701818771583,1.046294473803920,5.040776724198284,5.621966420625203,2.381177568256214,2.343085842875810,3.118012413616182,3.778800726243191,7.289406015587302,2.974055385761246,2.723144689876084,6.978355937407119,2.390020505843871,3.110371096520504,0.805405417476809,2.511974060547578,4.329082328002261,3.805381989435459,
0.321080145926811,0.012479813428533,-0.089278959078721,-0.682141665845774,4.199579535915129,3.997591100556102,4.840560567920212,2.089912832179114,0.868129131158964,3.275063801666693,4.691195063881912,3.744719204291191,4.905708088390226,4.729620745021760,5.472667502552401,1.559107398759313,3.193112534910159,5.705521364476769,4.461356743364997,3.476661343111677,5.221105672397671,5.233735986041777,0.042136624184474,2.995361863828902,4.278655701654798,1.044576534707233,5.041024793446329,5.621424526466819,2.382139310655332,2.346187655172729,3.117096181786962,3.780031770093790,7.290036061870292,2.974023577065921,2.718766718393614,6.979521547438623,2.386918396495596,3.110266446839876,0.807144785102325,2.513731267835182,4.328155457882823,3.805381989435394,
0.321789952717257,0.012825673045267,-0.093158438352186,-0.682226331923463,4.200434101746398,3.997078918769319,4.840441519961472,2.089847092307099,0.868508129754871,3.274746562809238,4.692540561540198,3.744749854085758,4.905479858538545,4.729702220997917,5.473681738152902,1.557878639291175,3.193061572441748,5.706732511477633,4.460709929219957,3.475375190085483,5.220679088408011,5.233167575809925,0.039761509530327,2.994693457193689,4.278013550394746,1.042612019092369,5.040519173118539,5.621594866267120,2.382992502190565,2.348832859978740,3.116298783868201,3.780193564140205,7.289595124409647,2.974611177527370,2.714605830938373,6.980113637912463,2.384269449005263,3.111513686707267,0.808074685344100,2.514666967099557,4.327827785706121,3.805381989435344,
0.320869843752470,0.011333096643414,-0.093272895561587,-0.682693311274317,4.201718557699207,3.995942661005548,4.841052161793360,2.090316401973991,0.870368659929035,3.271930455320203,4.694614737762610,3.744757413646530,4.905248164710731,4.729823766391463,5.474367333333515,1.555823091889994,3.192962222786446,5.706910070859780,4.460065181160132,3.471765820812727,5.219494386312219,5.233947384968058,0.037846026448129,2.993906735650587,4.277924632103835,1.041799415055661,5.041873525746777,5.624599540350511,2.382608237096163,2.353258663298696,3.110535261251286,3.782061399647420,7.288486311140669,2.975796807960548,2.710954415755535,6.979324908578187,2.380007400072546,3.111384754540883,0.808285529119309,2.514751759418835,4.328841632158747,3.805381989435577,
0.320047019085836,0.010439070881190,-0.093284530603362,-0.683159059326128,4.202986507843317,3.994815838927880,4.841515606156701,2.090701260034518,0.871956208143820,3.269451644906241,4.696470079262943,3.744761460958877,4.904845401983618,4.729997308691315,5.475384791032782,1.554038553857375,3.192805353806173,5.707423855081674,4.459173261253293,3.467941830678217,5.217815438431132,5.234652745179194,0.036031672881684,2.993017790569044,4.278338940020347,1.040605196236392,5.041865913615081,5.626953136055073,2.382367614440903,2.357484831875980,3.105917184192708,3.784586688069834,7.287625635405211,2.976526133776665,2.708258971445808,6.978826985687700,2.375938485097913,3.111933307332943,0.809299860037786,2.515692533464153,4.329535108113254,3.805381989435888,
0.318917721744192,0.009933955704868,-0.092770772086177,-0.683653008038961,4.204231944550842,3.993676472479855,4.842076565596547,2.091143656309908,0.873499180836483,3.267359371101134,4.698215090054015,3.744759749942120,4.904604474237957,4.730119575010288,5.476050664836886,1.552365978388604,3.192697327800034,5.707651899853138,4.458662185900369,3.464976955010910,5.217137833840274,5.236080907774506,0.034126829014413,2.992217576858853,4.278612198172097,1.040057499617554,5.042927829341709,5.628929930879305,2.382385541253220,2.361401200209043,3.102409496145790,3.785794266624473,7.287453821961666,2.978153930665977,2.706899665984266,6.978415223355587,2.372126793300816,3.111775358559174,0.808945151194981,2.515374436188249,4.330200331139261,3.805381989436091,
0.318857900070597,0.010325304350966,-0.090890631141834,-0.683268049789768,4.205336529989308,3.992799284850212,4.842476533344300,2.091489466542818,0.874193341705873,3.267027907711428,4.699636307723716,3.744768471163719,4.904306352882344,4.730317604957869,5.476535507236933,1.550990415758077,3.192510593811527,5.707736843121246,4.458595237525766,3.464340472035753,5.217158381844977,5.237532447478513,0.032413788129960,2.991116403142822,4.279695007346665,1.040193673809582,5.042582836448273,5.631206038905486,2.382277616679753,2.365503574302412,3.100329804896566,3.785919564518324,7.287500228329541,2.979840888638199,2.707868531722113,6.977570327832988,2.368183023179156,3.111849985727686,0.808382620369103,2.514928291494774,4.331242313735544,3.805381989435856,
0.318763992045447,0.010726366499821,-0.089185635286707,-0.682769321513021,4.206559074275853,3.991653443566101,4.842687599157872,2.091697499842620,0.875505817473388,3.265584824409347,4.701192797860250,3.744773035192566,4.904261059205428,4.730476359954644,5.476488736850933,1.549427768128452,3.192354533950703,5.707508684179316,4.458876534390503,3.463384611396783,5.218171269023401,5.238638072677606,0.030234912122537,2.990653584294973,4.280383307914217,1.039481628974917,5.040831420487412,5.634164244734555,2.382033739272643,2.370033741758068,3.098463455618357,3.785450089288297,7.286553318643184,2.981308056456994,2.707757679362824,6.976499124341461,2.363763610576778,3.113562252075798,0.807076458016716,2.513509835490873,4.332672654496050,3.805381989435536,
0.318505593348751,0.011401188982454,-0.087876568375076,-0.682353067334603,4.208014802232167,3.990299915716085,4.842770669438610,2.091833850065811,0.877650455891821,3.263373003987733,4.702606514582741,3.744777175863950,4.904255923941421,4.730704165012012,5.476432862179817,1.547998658616498,3.192117481279640,5.707290305901582,4.459058475302181,3.461529237838205,5.219355205549967,5.238166210386419,0.027949690034736,2.990200700104702,4.281076313997096,1.037825697707165,5.038525741576725,5.636841600654715,2.381980432844759,2.374395206695978,3.096504986151825,3.784826778229104,7.284353645953248,2.983191374053864,2.706268064238408,6.975359192890014,2.359471827923455,3.117125407451875,0.804841150652773,2.511163935521310,4.334199988316310,3.805381989435374,
0.318003967429944,0.011881369743356,-0.086357600985268,-0.682225849583001,4.209295936823941,3.989118736661850,4.842950513744363,2.092015836823542,0.879174348865903,3.261988920652472,4.703864230805540,3.744779230444779,4.904184311439766,4.730973955957538,5.476433651732603,1.546725519401302,3.191838514726218,5.707206333914425,4.459168633591339,3.460507076510853,5.219933105233451,5.237397680211157,0.026065332304188,2.990111559951305,4.281450148076727,1.036195285506105,5.036398740846177,5.638115000827446,2.382415773217067,2.377937645377725,3.095593667591627,3.784266668949260,7.282144804612946,2.985352157722724,2.704640097479231,6.975046974635973,2.355939812489301,3.120404734018926,0.802391790554612,2.508704562235262,4.334927114640765,3.805381989435132,
0.317905339909792,0.011869268808412,-0.084826235288050,-0.681747482918444,4.210340176718095,3.988269474701537,4.842996519188627,2.092137991053153,0.879564834216663,3.262417359001933,4.704995532999019,3.744781448544814,4.903951691616658,4.731312317694563,5.476172063857833,1.545563477631594,3.191495438650946,5.707087684503643,4.459792150591705,3.460582053377475,5.221309619813069,5.237059394803428,0.023476769777447,2.989337272792428,4.282669769728608,1.034259075682684,5.033593585666877,5.639874449109135,2.382676793001791,2.380689547263221,3.094712615282468,3.784000359937546,7.280835177247878,2.985883798434692,2.703788933188694,6.974451110557711,2.353165787704013,3.123339534353255,0.801989551813328,2.508069620361716,4.335879892334867,3.805381989435042,
0.315387566714147,0.012639127936728,-0.081562574054437,-0.682574657823208,4.211077224657618,3.987675576237646,4.843199821225337,2.092347709057754,0.879296313074064,3.263246704627867,4.705765643813306,3.744795411110822,4.903491396800653,4.731600253740941,5.476741634468753,1.544780104199773,3.191209121730597,5.707779016771689,4.459415497743224,3.459816859894706,5.222204107096744,5.237450009391480,0.021421692121201,2.988444335232661,4.284152658505894,1.033240089647648,5.031709766776442,5.639511291589794,2.383581061019870,2.383063633064509,3.095170573053138,3.784392261519171,7.280181976850989,2.986122495857179,2.703632588434528,6.974814303279373,2.350727924354663,3.124517469838067,0.802082334204278,2.508033019826327,4.335842066933277,3.805381989435229,
0.312821581723636,0.017067348204591,-0.078137134916907,-0.683904835804064,4.211733995089582,3.986978890175312,4.843097725752497,2.092359343195775,0.878507216967246,3.263758466471089,4.705368987089614,3.744893804540959,4.902775094047331,4.731960208472149,5.477957140399385,1.545154143601026,3.190842414326887,5.708536678916966,4.458749669141792,3.459366731147948,5.222300636348089,5.240393004491747,0.017765514675371,2.988474679964157,4.284805939827585,1.031973660731715,5.030508286247076,5.639476896619314,2.384411569761704,2.385800009530241,3.095324080915166,3.785069891838417,7.281862213163159,2.987323990250351,2.702136558356145,6.974967145431609,2.347941563140892,3.122921081589212,0.800917983497874,2.506794380323972,4.336185483907223,3.805381989435321,
0.310649539827208,0.021344738838344,-0.075160706904269,-0.685105369994477,4.212562783960440,3.986127845219141,4.842958828830748,2.092330443095163,0.878272153608615,3.264050913240929,4.704827088188515,3.744991442266211,4.902120250086199,4.732305478124784,5.478984351495735,1.545693452158992,3.190482245807081,5.709201551291440,4.458240668142264,3.458650958164866,5.222177747004467,5.241141775304484,0.014327287416504,2.988439608833093,4.284954385767384,1.030043230446200,5.029310835452025,5.639077858677729,2.385592438747350,2.388543117866239,3.095351024980369,3.786071602420368,7.281206192379739,2.988878703437894,2.698817128675239,6.975183845911628,2.345213907370597,3.124317088849541,0.798882382319964,2.504655439195846,4.336425036013666,3.805381989435485,
0.309119074327482,0.025537386823523,-0.072190849411200,-0.686163193127972,4.213393879346505,3.985184107846362,4.842851803276806,2.092332726764448,0.877998498516031,3.264697785761566,4.704275315401710,3.745084917050649,4.901602956791677,4.732625469570681,5.480071420629979,1.546238666648664,3.190150405061838,5.710037961676910,4.457691480920571,3.457893098059487,5.221588727441811,5.241609879799674,0.010858425629024,2.987961193669126,4.284805276285782,1.027760678059870,5.028134683205288,5.638352767249735,2.386837697082869,2.391058138196424,3.095593819127877,3.787575843212079,7.280587220519647,2.990001061274079,2.695222316128869,6.975672852538618,2.342701249430336,3.125532311973803,0.797492747277150,2.503178400992099,4.336345722214260,3.805381989435590,
0.308042698755770,0.029408077113584,-0.069243588614926,-0.686959981814446,4.214185995341585,3.984354473546240,4.842692991701109,2.092327368921955,0.877490929011580,3.265803680031149,4.703805469388683,3.745163160137991,4.900927546658428,4.732980168163812,5.481156546838747,1.546734786599528,3.189790139970198,5.711043272008070,4.457215559002656,3.457436398850171,5.220918410291772,5.243550407435376,0.007762888946873,2.987863165324212,4.284480500692315,1.025554065297933,5.027728170802375,5.637790891764867,2.388030772451736,2.393207185147798,3.096055136081604,3.788990191156542,7.281630174625807,2.990713630044695,2.691283268819377,6.976095644919486,2.340566387248865,3.125807129880965,0.796866467632318,2.502382307794573,4.336312214441001,3.805381989435497,
0.306983385559186,0.032669085485409,-0.066641016262998,-0.687630328305512,4.214924483682207,3.983526269329505,4.842537272311024,2.092321086502137,0.876370845083602,3.266834440725145,4.703012418450783,3.745272549827118,4.900327013873697,4.733310603002039,5.482889363588257,1.547454130328554,3.189456369418260,5.712783461843506,4.455807757530992,3.457490377285252,5.220250194105513,5.246443745083728,0.004309909590333,2.986552821119139,4.284729210542243,1.023183523977084,5.026288938886138,5.637497163026820,2.388910833585033,2.395018826272309,3.096116924750413,3.791368285554328,7.284072193392977,2.989851441774143,2.688670663654796,6.976486604756025,2.338722673017136,3.125128957379951,0.798443088665463,2.503636485843999,4.336205512623063,3.805381989435487,
0.306155566833014,0.035763831863946,-0.064326878694817,-0.688049493201214,4.215573030253246,3.982808546199244,4.842451053503185,2.092339904578389,0.874617750762043,3.268746870380631,4.702086590535839,3.745372688590928,4.899687404996903,4.733656083118437,5.484275178755119,1.548348626243196,3.189110121130955,5.714456494193684,4.454830189643581,3.458409294798142,5.219880860173369,5.249583752291848,0.001576283262363,2.984852964096373,4.285837097959355,1.021179965121179,5.024229793172831,5.637487786318125,2.389598016732175,2.396724431804456,3.095720730714619,3.793822064289782,7.287231995073900,2.988242852414960,2.687620184954522,6.976859336692143,2.337031867723190,3.124264673758741,0.801371557174342,2.506212192491407,4.336066445425037,3.805381989435445,
0.305290786889322,0.038494250562455,-0.062175309802415,-0.688527439380769,4.216278221655508,3.982159463529472,4.842335565699563,2.092338105811147,0.873034901023748,3.270664427149302,4.701023589594763,3.745478304267488,4.898964498783680,4.733972997353561,5.485790907475753,1.549383563305067,3.188795863227242,5.716230854033618,4.453787592979412,3.458664144871856,5.219699442804298,5.252078105369719,-0.000798501984533,2.983112781474196,4.287583617144284,1.019440393170779,5.021536949374922,5.637608099871872,2.390139779388543,2.398266260271572,3.095043239633476,3.796194550336417,7.289773966898490,2.986664838302762,2.687835237099705,6.977092069675828,2.335525021195691,3.123821448834876,0.804545308254711,2.509146160607582,4.336042033060994,3.805381989435354,
0.304570295024240,0.040833779279438,-0.060185363555249,-0.688973654681417,4.216824430929147,3.981693292816459,4.842125929984924,2.092301895884489,0.870798400253539,3.273320131394662,4.699714621381696,3.745596158966627,4.898326060504279,4.734349683010318,5.486868663500543,1.550688505442185,3.188420818995688,5.717817838432184,4.453291282813226,3.460281457451673,5.220116221598230,5.254491580784731,-0.003052153349900,2.982000720975569,4.288773954201138,1.017684308695625,5.019444697289780,5.637464192646973,2.390815833094259,2.399282180416956,3.093962847322497,3.797680492450651,7.292365752292063,2.984866214639591,2.687457858566399,6.977683663003059,2.334493246385440,3.123271185232873,0.807979281550095,2.512293473373370,4.335653059277417,3.805381989435149,
0.304684538019118,0.044457948278663,-0.057767529810666,-0.688952825504646,4.217535184778776,3.981035111590369,4.842447601827449,2.092419084038780,0.869678972909465,3.275199890923993,4.698476202758402,3.745712067722600,4.898077868044325,4.734232027652316,5.487034646709468,1.551843125730443,3.188559097840717,5.718583521789268,4.453268496355054,3.462049042253169,5.219971739288737,5.256308231879700,-0.005806536387443,2.981520498391800,4.289378092497401,1.016144518899945,5.018084151519954,5.638477387883223,2.391076599135875,2.401104869459190,3.093092275141902,3.798350810461508,7.294293638153468,2.982795063404437,2.687044275969971,6.977765761647950,2.332660548842435,3.121598765472018,0.809773859040476,2.513754127849657,4.335827212245515,3.805381989434759,
0.305078225679219,0.047386692428450,-0.056254819291721,-0.688585876652887,4.218150165317375,3.980488307818093,4.842875218825936,2.092596616659664,0.868058857127842,3.278059335360108,4.697230758359726,3.745820598384563,4.897648384924447,4.734132773420892,5.487037964402784,1.553025884025768,3.188680221620452,5.719279606199209,4.453608043338140,3.464652216896301,5.219664878740154,5.258885232548169,-0.008463035917941,2.981278085939568,4.289631685341973,1.015303699029206,5.018347702377347,5.639340343762560,2.391368186957335,2.402301655304186,3.092561123412927,3.798745432253646,7.297049176941188,2.980937537783650,2.686342750953930,6.977919331085154,2.331463063010650,3.119261799671705,0.812008730283981,2.515677626024053,4.335873726499422,3.805381989434335,
0.306477509576860,0.050287541356693,-0.056124816913416,-0.687450425357017,4.218623586904860,3.980124959283425,4.843327853646483,2.092790906959733,0.866219377430785,3.281553907771947,4.695974902471592,3.745924971450069,4.897402287048533,4.734054416634126,5.486702227869159,1.554228844040282,3.188779621577727,5.719729473389708,4.454400694208823,3.468331873486069,5.220291150592725,5.260538739863484,-0.009678684849519,2.980895086696721,4.290216533179903,1.014393311909124,5.018596069964111,5.641438040467303,2.391259366581412,2.403615546356613,3.091309585536249,3.798066969693085,7.299156203623328,2.979324542895002,2.686756175840219,6.977368132398588,2.330198142568637,3.116776360076895,0.814392936750818,2.517768092823887,4.336634277347624,3.805381989434010,
0.307789301679879,0.053106593187052,-0.056117189518061,-0.686398448021744,4.219287116161617,3.979644927028451,4.843504564888545,2.092922209375452,0.864121841335237,3.284851991082674,4.694704140890163,3.746032155456899,4.897222361880342,4.734208784636871,5.486952623149274,1.555372066346644,3.188636829185533,5.720967296629691,4.454318038930444,3.471519494360700,5.220809227677846,5.260720660834375,-0.011995639428592,2.981970908440128,4.290573504735009,1.012717838511551,5.019100136594472,5.643581634209878,2.391133273543913,2.405133949835842,3.090068634152666,3.798302151015942,7.299971331266701,2.976823047859548,2.685861420922295,6.976735701379095,2.328742003335393,3.115163699035848,0.817998273332719,2.520888895513857,4.337472755532841,3.805381989433798,
0.310904490258481,0.055364717957802,-0.055690978489211,-0.683662990774276,4.221782233327733,3.977630832473119,4.844304666287663,2.093262252283787,0.869439045288377,3.280478477222233,4.693907427476592,3.746110616075658,4.898812603934796,4.733736607672458,5.483998877404326,1.556069163632084,3.189127675677486,5.718967654695414,4.456272777563121,3.468956585177108,5.225841236454108,5.260993243983605,-0.014794112273511,2.989176458136836,4.289865069468918,1.014881146779775,5.020632176619316,5.654862240518701,2.387512191726365,2.409487247786517,3.088571398728628,3.793334262200695,7.300939189556355,2.976563038637467,2.689949502336483,6.970473046089700,2.324519448692564,3.107633394209873,0.816975943827091,2.519259746311930,4.344155620075843,3.805381989433541,
0.313506917724002,0.056578052007096,-0.055379331204319,-0.681538312668590,4.224001358196706,3.975779969811421,4.844917948515752,2.093516334098624,0.873658745082243,3.276951222149754,4.693297308938495,3.746178220668889,4.900256973286758,4.733283657539255,5.481330629163623,1.556583421493037,3.189601316960561,5.717295797532802,4.458152097062083,3.467403835829706,5.231153708320181,5.263343556159414,-0.017529403602907,2.996300133463671,4.288944488509962,1.017735969617927,5.023968266775209,5.663558732497004,2.385066455283915,2.411923373222562,3.089113891677053,3.787579241934615,7.304074939589548,2.977042308041325,2.693936334041365,6.965766919669058,2.322135324425699,3.099252311376159,0.815500243966504,2.517291846315358,4.349290867661906,3.805381989433295,
0.315719995939325,0.057707914186340,-0.054742239149014,-0.679655286446136,4.226090399765423,3.974065562561059,4.845472056359434,2.093739552878201,0.877478882805181,3.273777370721541,4.692781519802047,3.746236472732558,4.901560291561281,4.732977353794915,5.478783886988813,1.557016368882829,3.189924274321115,5.715733062092681,4.460025724073465,3.465640497283969,5.235642772821665,5.264287527726525,-0.019194914545234,3.003078447085421,4.288490689663948,1.020057699913761,5.026374208106372,5.671578730760477,2.382869038550335,2.414272013602365,3.089884179212796,3.782090149354890,7.305718105905306,2.977355163782855,2.697940526666850,6.961540338104241,2.319824690512106,3.092383946705498,0.814660733700990,2.516040998725877,4.353945377769358,3.805381989433152,
0.317239960271263,0.058646919345616,-0.053690225269836,-0.678128519356918,4.227929157193872,3.972522138180240,4.846141418635152,2.094032790067076,0.880751660681691,3.270731352139632,4.692777349340480,3.746276241740860,4.902554870753109,4.732688212907969,5.477002270727719,1.556911853475968,3.190232009094293,5.714925096410908,4.461161456992691,3.463913986358940,5.239587958099720,5.266214251621224,-0.020252006849660,3.007700996954021,4.288643499822010,1.023412563434534,5.029287520322188,5.678899831894979,2.380785574928434,2.416243753821527,3.090747494828294,3.777011914574725,7.308584007903916,2.977438825588750,2.703033055607812,6.957731977010012,2.317845130784174,3.085646740436355,0.814678467325683,2.515743912781310,4.358161728072265,3.805381989433243,
0.318484443385852,0.060883622600414,-0.052561587941159,-0.677217853391623,4.229548051097307,3.971247358563891,4.846676496841976,2.094284119178398,0.883275148632482,3.268404058086328,4.692495414895806,3.746323376023641,4.903515590292773,4.732494755584903,5.475652303132950,1.557108354324440,3.190442922740994,5.714497601251074,4.461954326070218,3.462766724019072,5.243637647185472,5.266625230759274,-0.021258776634907,3.013212799716040,4.288609583594554,1.025828773879621,5.030994835347745,5.684264933628736,2.379546640438300,2.418465168725628,3.091870932425003,3.771830980805897,7.309676884185461,2.978226753413361,2.707157322686186,6.955002726146905,2.315654052385985,3.080917413397855,0.813776854706378,2.514698722724821,4.361283714863409,3.805381989433079,
0.318318419174077,0.062439186281310,-0.050286911019593,-0.676693822487707,4.230886294139073,3.970340347845347,4.847160522678266,2.094510343715531,0.885116534312938,3.267195791737186,4.692081967712399,3.746368723736944,4.904267269748511,4.732370987877649,5.474644373866131,1.557456620679811,3.190582592719574,5.714402868928522,4.462436945997214,3.462097602229675,5.246558924666273,5.266989745802770,-0.022326282826350,3.018516705286566,4.288664151227257,1.028325589800071,5.032727510087804,5.687973989913277,2.378863200678640,2.419716455297951,3.094093652162917,3.767660046524827,7.310551318781570,2.978651296800151,2.711376761341023,6.952963330008901,2.314359321528827,3.076737308877871,0.813275807358801,2.514078423585111,4.363781062135404,3.805381989432959,
0.316843765520391,0.062911397527368,-0.047109214477505,-0.676324429329420,4.231981608232450,3.969731458392642,4.847520523994327,2.094659688256012,0.885894789430387,3.267792932206637,4.691943236631121,3.746401651737262,4.904621719153904,4.732232921459812,5.473904079946202,1.557533705978686,3.190736548740645,5.714517673650512,4.462961847166496,3.462644202656233,5.248478362646976,5.266788092341048,-0.022963106888963,3.023071414049192,4.289132100271814,1.030618329602272,5.033205110587216,5.689931482553853,2.378781165948743,2.420353665135854,3.096563200188873,3.764746776325188,7.310877157846019,2.978357346802613,2.716031933283004,6.951611503487571,2.313646696149554,3.072910051478777,0.813332285139733,2.514092698257967,4.365542809384507,3.805381989432712,
0.315462335158853,0.062174423044555,-0.044085685249218,-0.676613039050814,4.232784029449179,3.969503146727803,4.847642705354560,2.094674427999632,0.885868701373707,3.268876955524563,4.692075526110614,3.746422617070538,4.904970735975274,4.732175205480957,5.473339922770218,1.557336521204762,3.190807013183770,5.714800147026089,4.463389238943448,3.464180064722161,5.249812869236839,5.266030563935104,-0.023742589275477,3.027470652896169,4.288921336132123,1.032641894143054,5.033734562685358,5.690140890105537,2.379418804748643,2.420412597577099,3.100403314863393,3.761894204785971,7.310747256780791,2.978547435908099,2.720482536763650,6.951593223439922,2.313433441524265,3.070536511997960,0.812909579733278,2.513707429816415,4.365957925612634,3.805381989432448,
0.313742158430470,0.061794254400855,-0.041106422496711,-0.677094359385981,4.233417945745523,3.969439456919091,4.847789829886240,2.094707493041088,0.885202059086544,3.270411737834395,4.692640446834035,3.746424494860378,4.905085916798282,4.732104600890692,5.473077474348681,1.556708967785693,3.190893244750234,5.715531692685704,4.463552211179795,3.465979566458558,5.250875147127357,5.264473257519917,-0.023862439790285,3.031169353816393,4.289275351136876,1.034994433769783,5.034310640827461,5.689370784916550,2.380434099884392,2.421539187919375,3.104164604068731,3.760016433024548,7.309938522913702,2.977977454732400,2.725276078689837,6.952214282495130,2.312151837106767,3.068920240610232,0.813891355258503,2.514657028242938,4.365734163584573,3.805381989432139,
0.311773244182702,0.061310488115059,-0.038827355923918,-0.677733061106643,4.233892728599645,3.969621458399089,4.847666927574879,2.094629948810722,0.883991201246813,3.272472692004085,4.694029296971232,3.746382260417614,4.904699396181328,4.732242602520636,5.473981705271695,1.555339761097347,3.190766883816438,5.717253649971723,4.462712024504144,3.468259340312306,5.250953868323767,5.263239574008422,-0.024336555615137,3.033769923983447,4.289548302917922,1.036464340711633,5.034235868096713,5.688101609881508,2.381521722652354,2.422740750321724,3.107068151226142,3.759283255912702,7.309556435380056,2.976826537335219,2.729082138566155,6.953091422868166,2.310777861163366,3.068152359690620,0.815764757649942,2.516481356892416,4.365209634330051,3.805381989431894,
0.310570609483900,0.061204039145937,-0.036428744941093,-0.678078812777808,4.234285114366008,3.969881374767454,4.847367286421094,2.094492870748812,0.882443982618484,3.274992839100895,4.695213188657831,3.746348594405716,4.904252430895220,4.732530480926514,5.475130456731113,1.554158348381044,3.190484932047970,5.719268127324767,4.461689273584946,3.470847897384052,5.250471704836808,5.260937035949637,-0.024888115746985,3.035883617296058,4.290118623772545,1.037460038222923,5.033609566693872,5.686047245193479,2.382980063487953,2.424178702924651,3.109846241089676,3.759490038781183,7.308089755683209,2.975250002684104,2.732474634188341,6.954611856867488,2.309173695894323,3.068445282379024,0.818350328411477,2.519097462230766,4.363970691251300,3.805381989431646,
0.309724859654736,0.060880417826439,-0.034290518161696,-0.678111086224042,4.234552794421253,3.970282830508316,4.846967737406345,2.094290925305026,0.880800622063696,3.278050510980258,4.696638970380210,3.746299972652609,4.903890607509044,4.732854668282866,5.475768003359820,1.552733687928112,3.190166972870294,5.720820270324221,4.461306419675488,3.474037225470647,5.249354096010630,5.257869790333455,-0.025637602721079,3.037636344747281,4.290188314875785,1.038214019685556,5.032596044608645,5.683854684571584,2.384434513175434,2.425868174695180,3.112393779576698,3.760510896658344,7.305633440187242,2.974247285872485,2.735707997781056,6.956388136365658,2.307352304205851,3.070015657297912,0.820485191011149,2.521351062023874,4.362447965223730,3.805381989431224,
0.308009640754158,0.057074808207820,-0.032417536492329,-0.678768195483851,4.234798703762148,3.970562519990215,4.846913339149182,2.094277296902331,0.878646083975281,3.281025038127317,4.698985364066008,3.746199294889190,4.903290757898088,4.732972950050953,5.476845623758034,1.550358596500112,3.190068924664083,5.722157868034481,4.460669123997181,3.478000992304729,5.248078644814559,5.255218178336352,-0.026321960195358,3.039104245117597,4.290781560171792,1.039373050717055,5.031908490744678,5.681215412841536,2.386142984708338,2.426634321979225,3.114592897860357,3.761350105745090,7.303569012625486,2.973188684586196,2.739273223667368,6.958435690127585,2.306465658056712,3.071388473087864,0.822024947140715,2.523095907087565,4.360687773343644,3.805381989431302,
0.306663445369508,0.053950666611331,-0.030443757053872,-0.679148665050108,4.234990684019311,3.970926059586858,4.846755885428372,2.094237240543003,0.876449818078816,3.284705051487615,4.700859138199997,3.746124729859841,4.902764170572155,4.733177258754815,5.477594642246364,1.548447334945196,3.189885825992871,5.723309796878135,4.460462468767054,3.482841167129002,5.246587478320873,5.253233029733546,-0.027058606321712,3.040308494415758,4.291097940149696,1.040368770427066,5.031334596142856,5.677682528138663,2.388271705628731,2.426818279899854,3.116567235605272,3.761831934986828,7.302063898879593,2.973086757373381,2.742358896895658,6.960949000691332,2.306162653158228,3.072212380829654,0.822405058183052,2.523817817513437,4.358476925900439,3.805381989431246,
0.304250304182295,0.051419393043160,-0.027596037117132,-0.680031362302304,4.235258962292216,3.971077723073832,4.846501095001147,2.094129509141859,0.874620091950561,3.287398028978295,4.702887827392749,3.746035039421745,4.902173187505281,4.733373283103050,5.478630560081356,1.546386788388678,3.189702619652679,5.724628090124201,4.459922635499892,3.486626648171306,5.245055051824313,5.250533687755719,-0.027493674399796,3.039992967100329,4.291675200945527,1.041036070650257,5.029718683669446,5.673542824542084,2.390645775865063,2.427058071058166,3.119152122938075,3.762129130143139,7.299912836588607,2.973340003987464,2.745684111870503,6.963670097261879,2.305771152417301,3.074272435925022,0.822507330409292,2.524287994141575,4.356095194056547,3.805381989431205,
0.302260588078613,0.050331945615206,-0.024832378691722,-0.681065606879935,4.236132444534288,3.970485696472029,4.845663389132773,2.093761343187376,0.874264931261282,3.287998977598983,4.704018020193153,3.746022260538023,4.901806696540808,4.733995845527559,5.479595931260798,1.545107424631406,3.189051479578541,5.725363561822145,4.459495090860173,3.488867893459600,5.242041200075939,5.247654843824447,-0.026000637217549,3.038345173842508,4.292020583091464,1.040282157382514,5.027432668253601,5.670573602911579,2.392540904731318,2.427014877511944,3.121923301720296,3.763242925691738,7.296889411008606,2.973483765651685,2.747090894138348,6.965922495108296,2.305691395666726,3.077995141929636,0.820778496339281,2.522983547285895,4.354206037546027,3.805381989431251,
0.300214102237404,0.047947856228885,-0.022352335715834,-0.682295030359505,4.237221396846524,3.969622848628089,4.844997249635642,2.093457720638854,0.874707614687992,3.287641165138902,4.705126809355658,3.746010209230902,4.901344323665299,4.734482767007369,5.480606817679972,1.543802322276224,3.188537985653587,5.726079620405367,4.458917060095332,3.490150183078246,5.238874633145279,5.245546513172394,-0.024341857098617,3.036159810834290,4.292364246496986,1.039111192730890,5.024151649763226,5.667659700705630,2.394370212489334,2.426199683958119,3.123930554846873,3.764539414328351,7.294594799013555,2.973957490557270,2.748223790499272,6.967982704591865,2.306352111995717,3.081697393671132,0.818533462555151,2.521083209611549,4.352558701114933,3.805381989431119,
0.298593553787460,0.044515353068410,-0.019924521990470,-0.683428855189851,4.238045699917263,3.968964169410468,4.844257875103793,2.093131101959717,0.874292174414492,3.288516804435647,4.706359836243203,3.745974135088352,4.900742649258159,4.735033353995813,5.481639441069793,1.542430448439376,3.187961590265290,5.726860015800992,4.458534192320327,3.493311156027213,5.236287086452075,5.243689363572976,-0.023060582555807,3.032764497939053,4.292181132324231,1.038438743937789,5.021057884198873,5.663492175351112,2.396746304645176,2.423964424923732,3.125489075791727,3.764590167519655,7.292603542112084,2.975394986099959,2.750033330004408,6.970731272520980,2.308411661814380,3.084775689642298,0.815426494004109,2.518440184904972,4.350200789252905,3.805381989431034,
0.297981293424094,0.041236953413941,-0.018755904428056,-0.683929664161127,4.238805462739046,3.968240417094031,4.843530125876863,2.092814734015658,0.873709665357595,3.289815918482593,4.707481388344007,3.745949090672938,4.900347771191357,4.735497213153949,5.482272064715357,1.541166709319675,3.187475213336796,5.727304441068752,4.458631093547652,3.497022637601994,5.234500115818526,5.241917273306988,-0.021574438359081,3.029563708929940,4.292586780709803,1.037834065963980,5.017306547927418,5.660549847788217,2.398629190827505,2.422010996306230,3.126187616155790,3.764441284285299,7.290815657532734,2.976288184101137,2.752350427167567,6.972842679280655,2.310228826404720,3.087176399110933,0.813045512381812,2.516355393570062,4.348465415543255,3.805381989430999,
0.299782209317772,0.042045274696579,-0.017230480820022,-0.683614641759205,4.239511090889586,3.967613927777422,4.843121040574958,2.092661328263082,0.873711563037622,3.290628667502277,4.707162765480237,3.746058458126695,4.900446284026544,4.735767274894727,5.481651764196518,1.541285921045928,3.187206849268331,5.727136724620076,4.459489286099521,3.501540396089927,5.232202087711899,5.238916505549459,-0.020966974676774,3.027647837644605,4.291912256380116,1.038401494229853,5.014790610352511,5.658155340857276,2.400219318106100,2.419576368118546,3.126566536877535,3.764237043882094,7.288016051090775,2.976787183506536,2.755783457120411,6.974998593166840,2.312513014836218,3.088341997495068,0.809553076521298,2.513160168936353,4.346862282109680,3.805381989431027,
0.302149689170620,0.043622824102372,-0.015504784832321,-0.682785769006937,4.240136286472648,3.967185610664537,4.842439945628502,2.092410146303338,0.873437928680947,3.292029521262844,4.705925954557041,3.746252595329751,4.900538582663676,4.736233099733602,5.480857710780248,1.542286130534581,3.186735061873351,5.727198609666232,4.460521887356012,3.506001049149052,5.229858527211970,5.236450537356678,-0.020493490568322,3.025936630221869,4.292098423723542,1.038150176717455,5.010982222732519,5.656496981665430,2.401451734545388,2.417003031773246,3.126724754259792,3.764876702657249,7.285869416118277,2.976734382650531,2.759023792783128,6.976727045256260,2.314920113701258,3.089831462394820,0.807302252657856,2.511052725783451,4.345714270581744,3.805381989431093,
0.304142066324975,0.044839590888023,-0.013836237906033,-0.682063353252604,4.240409103122317,3.967315737748868,4.841610240992622,2.092125046764115,0.872323943800727,3.294894600973506,4.704954593393993,3.746411631458160,4.900271369140386,4.736843331946980,5.480339489072538,1.543067638494811,3.186117279873050,5.727646825128569,4.461455126029994,3.511016970871877,5.227217905125118,5.234589653275243,-0.020196521845875,3.024560603055915,4.291750567183704,1.037350087251695,5.008087725599498,5.653986505491954,2.403029127108238,2.414476369000757,3.126695100122823,3.766255336441910,7.284371428568512,2.975995607904199,2.760745707050549,6.978755918265024,2.317282040048148,3.091253788255158,0.806158512052481,2.509917661203362,4.344192976351361,3.805381989431210,
0.305869125721240,0.045955812828393,-0.012334491778167,-0.681580387006454,4.240699991916959,3.967338783031972,4.840651452244967,2.091837366604155,0.871290479685852,3.297552060613612,4.704025319078978,3.746565743967289,4.900202323686169,4.737600334301054,5.479665544436322,1.543750631520319,3.185346686744913,5.727900804837756,4.462575825506588,3.515256697030780,5.224722636458731,5.231909301991524,-0.020273576812389,3.023148023621686,4.291265906830464,1.035950733725370,5.004593208213930,5.651405885701429,2.404579854864698,2.412131656467984,3.126286437234133,3.768012589976195,7.282049713401983,2.975723081637328,2.761816341949411,6.980966917423922,2.319477095202380,3.093592860468308,0.804957997844466,2.508831769146008,4.342454288956891,3.805381989431408,
0.308269200341615,0.046779790655470,-0.011769129046045,-0.680479727255091,4.241066531211595,3.967762158196995,4.839766953630382,2.091570067547528,0.870196923546200,3.301411179995292,4.702992952408353,3.746706380807689,4.899546364635373,4.738358055536291,5.479301874176851,1.544600272373374,3.184583474671996,5.728408356994124,4.463463411137502,3.519473444270678,5.221231151942384,5.229024141815946,-0.020203578809633,3.021153060852101,4.291357094330990,1.034922261076468,5.001185175506197,5.649323930689010,2.405847198634150,2.409951710559234,3.124876314707956,3.771374037072859,7.279452424596399,2.974690370133315,2.763029120495335,6.982697215459911,2.321601080123771,3.095519888751955,0.805000762856552,2.508966358888210,4.341121586241525,3.805381989431653,
0.310433227979587,0.047315112899519,-0.011344814203477,-0.679276451077104,4.241250921701216,3.968343152927514,4.838816028460958,2.091304612932416,0.868493055554627,3.305608306116920,4.702079906839666,3.746829669143450,4.898862525371858,4.739184309978974,5.479036177919495,1.545363854185564,3.183754498368071,5.729197823807819,4.464376847616641,3.523984960423127,5.218428825763762,5.226591382082249,-0.021000135334477,3.019423082132877,4.291958456121314,1.033325342668224,4.997606129456877,5.647682544912371,2.406902066824219,2.407793183680059,3.123167608965806,3.774860558600546,7.277572208587342,2.972834068773655,2.763875504152452,6.984240267574603,2.323672475704806,3.097171740563280,0.806738877559419,2.510671999784131,4.339992809553081,3.805381989431869,
0.312595461677791,0.047737413293573,-0.011009878719383,-0.678055357212473,4.241392263066741,3.968953305864201,4.837867278418993,2.091043512516756,0.866824705731682,3.309461568267609,4.701364179207340,3.746932929770510,4.898119167802448,4.739962001600884,5.478960205620067,1.545941062531192,3.182980810347619,5.730185384009541,4.465100198099408,3.527512507859517,5.215720619198280,5.225302132253241,-0.021189649231705,3.017086146755369,4.293019733446046,1.032602023307134,4.994917452054393,5.646688498035072,2.407607783888487,2.405951239368299,3.121665525829858,3.778889088586427,7.277122568432873,2.970472086240836,2.765004782776348,6.985484898579987,2.325417430198710,3.097863027015138,0.809903904406635,2.513684373386573,4.339124294833797,3.805381989432146,
0.314575992346284,0.048250108516592,-0.010864333522621,-0.676782481309302,4.241894278108394,3.969068772028975,4.837030153710051,2.090813271174509,0.865929536044089,3.311935084113268,4.700749482219195,3.747020511301546,4.897468011052953,4.740670602745463,5.479014474760053,1.546442000132755,3.182273222880884,5.731214730474524,4.465581402762272,3.529778548872891,5.213429408314473,5.223295676192332,-0.020737883605639,3.014243430925740,4.294098487079977,1.032302002290537,4.992890248878544,5.646485532060029,2.407987972286581,2.404325911067986,3.120350865282702,3.782042341264856,7.276155586427441,2.968741242447207,2.766286743811293,6.986258816641512,2.326930089141058,3.099014162671134,0.812713261346719,2.516327421230448,4.338725988964294,3.805381989432385,
0.316029849207791,0.048470903163589,-0.011067642888718,-0.675835080739100,4.242367618488773,3.969195618964183,4.836249821751332,2.090612106274916,0.864910129210310,3.314097123372711,4.700411675325350,3.747078575991337,4.896841228184733,4.741335817139136,5.479158277838713,1.546712455493486,3.181620670479535,5.732342926026169,4.465941409270344,3.531797246358627,5.211567117452464,5.222601374361062,-0.020256576798963,3.011262694635410,4.295103900489088,1.031937057915755,4.991414826420554,5.646201016226062,2.408444604896024,2.402583852175985,3.118715716050513,3.784776594822822,7.276474625552899,2.966973251584747,2.767435360354427,6.987073887898849,2.328532461445068,3.099495459923920,0.815646384127067,2.519041655509075,4.338290934683835,3.805381989432520,
0.317088861948654,0.048643305463697,-0.011318580557013,-0.674686746534439,4.243354752830236,3.968659403352931,4.835123000914014,2.090336693633140,0.864990112337408,3.314513908034905,4.700210405725343,3.747121497768789,4.896102695188279,4.742060838761362,5.479069866933122,1.546859432050131,3.180901694740249,5.733218718483173,4.466240982262327,3.532413275672993,5.211996685738803,5.221572676086712,-0.019442062427769,3.007820304117582,4.296452431402877,1.031284881220173,4.988460953870055,5.647971853692630,2.408232253637256,2.401035520483156,3.116855840890890,3.783731866536010,7.276527353173588,2.966032165246086,2.768631718800519,6.986496174875508,2.329962333980431,3.100932086834231,0.817494646216819,2.520581059831027,4.339381283029450,3.805381989432912,
0.317770236768906,0.048623684961583,-0.011271130391043,-0.673771626062412,4.244240268651460,3.968179793779091,4.833992481375775,2.090065431863823,0.864560829485016,3.314809218450241,4.700227877127789,3.747143256003147,4.895341675851937,4.742703278609770,5.479276431845253,1.546806647961327,3.180267332649128,5.734460120486827,4.466290576550803,3.533220035259891,5.212576103723134,5.220620229343244,-0.017898052767769,3.006001007398437,4.297654726913366,1.030868403604906,4.986056988128232,5.649631330592095,2.408048745348940,2.399670418867261,3.115963265707023,3.782043268587216,7.276888558458498,2.965051297810646,2.768964073375753,6.986155530195028,2.331171883562269,3.102559458678630,0.819675808286361,2.522411144419992,4.340238088621803,3.805381989433370,
0.318141139748798,0.048736999342143,-0.011407253591880,-0.672789365732980,4.245636339455227,3.967035771143165,4.833022790236505,2.089841008545489,0.865456598190630,3.313462049008604,4.700164514638347,3.747169788846304,4.894854693747024,4.743249180505880,5.478949405725313,1.546829557259734,3.179731203084692,5.735216249850073,4.466664818427244,3.531608620465775,5.215139584300003,5.221095035003601,-0.016366111829417,3.005320544113484,4.299143640867545,1.030453778335951,4.983560947299254,5.652844183968587,2.407417510756235,2.398676604591448,3.115190823336669,3.778389278446152,7.278614173671482,2.964888818968779,2.769712458553540,6.984913567911449,2.332021299135185,3.104063924112386,0.820751462651949,2.523148332186294,4.342023845367418,3.805381989433839,
0.318300700049434,0.048290385674449,-0.011297137334539,-0.671793420129897,4.247173222347595,3.965650925836557,4.832207559523026,2.089652514975854,0.866451737189981,3.311893473450495,4.699831646643313,3.747218981745758,4.894431295826235,4.743717643107852,5.478242232854654,1.547077897892474,3.179267790498487,5.735589927025933,4.467461847898788,3.530308738962144,5.218993231720205,5.222389461733417,-0.015009955532472,3.004685275444878,4.300790867373584,1.030451049218375,4.981201044907143,5.656073246273669,2.406941521109737,2.396996209898520,3.114628180871046,3.772759781867987,7.281357063685406,2.965433712142906,2.771068844091676,6.983589704143696,2.333573677753251,3.104628053032177,0.820651112830407,2.522744997094734,4.343952655067397,3.805381989434260,
0.318284265864226,0.047746247706031,-0.011168777282936,-0.670952650307814,4.248699316679694,3.964197768394071,4.831643215906165,2.089491570311252,0.867455342645851,3.310283903106164,4.699454439015233,3.747268873736818,4.894013320520900,4.743977911271627,5.477432582140620,1.547371940902161,3.179012109847069,5.736028627754572,4.468204427005504,3.528941201266484,5.222434424349372,5.223874620464977,-0.013853161843377,3.003652990412610,4.302253520086586,1.030951808756753,4.979623779835030,5.659141683625389,2.406418275797665,2.395233466516248,3.114144018157001,3.768016517131957,7.284243617957491,2.965882941863089,2.772690767472924,6.982394246770210,2.335199748178245,3.104683746966193,0.820797526667314,2.522562833908012,4.345786820812893,3.805381989434735,
0.316811309563931,0.045726286438418,-0.009963937440689,-0.670599070688463,4.250582122636256,3.962389070613548,4.833143700905583,2.089656381631333,0.870590874861241,3.307646770324813,4.698916667776969,3.747311438451253,4.894780788628076,4.744066810758145,5.473765641318084,1.547870236704485,3.178947198668147,5.733302172178820,4.470910884986226,3.526787009037454,5.224472112298065,5.226212505135035,-0.012884696916439,3.005155692832846,4.303143583253531,1.034812387268246,4.983813033519148,5.661031070948380,2.406257708123567,2.392529309146430,3.116407828070117,3.760571042336236,7.284919659052253,2.968309702734760,2.775398031384065,6.981457326271354,2.337619831465419,3.100267431172349,0.817281472283687,2.519424033931230,4.347538308707018,3.805381989435508,
0.316497221927466,0.044829900353585,-0.009292575266341,-0.669865455325527,4.252261375644228,3.960857355185484,4.834717547552218,2.089847440575225,0.873337741320119,3.305268971402097,4.698093881911903,3.747371320376641,4.895623146527448,4.744057974420623,5.469832603818809,1.548662112235348,3.178987331811896,5.730409071253647,4.473930088580333,3.525836449160209,5.226016735908454,5.228357375237769,-0.011641421727180,3.006896643925544,4.303815067258292,1.038832224341927,4.988479137715788,5.663436884644461,2.405873620709228,2.389767799555642,3.118806091115296,3.752902154109143,7.285738728886115,2.970929897707212,2.778227142574764,6.980556725773538,2.340098510297896,3.094768937097218,0.813338453892119,2.515801230494931,4.349276908296379,3.805381989436182,
0.318933912610845,0.044360465880544,-0.007862497751365,-0.668809518352540,4.254206340828411,3.959729606766636,4.837888538783945,2.090203494364266,0.877441370282337,3.305154364245798,4.697104983366655,3.747446952453606,4.898545564357816,4.742781888597678,5.461280418308528,1.549576465669559,3.180284316799333,5.723265718151795,4.481450112884783,3.524886541216372,5.228482225748357,5.226344793082871,-0.013052733466689,3.009056649504664,4.300792825528355,1.044110133769761,4.992778010789944,5.667225255258583,2.405188615996179,2.386735579753624,3.120677539824682,3.745417900281086,7.283045885665834,2.974074592180158,2.782445585269761,6.979596551175113,2.342831186418588,3.086873040375576,0.808535122673227,2.511136944079657,4.351101030268129,3.805381989436936,
0.321006867850835,0.043928977080281,-0.006381623571816,-0.667868357847897,4.256025612432441,3.958772681479371,4.840615402162473,2.090497933801893,0.881286305819321,3.305291428270235,4.696047846764119,3.747524801347216,4.901069441239469,4.741687807707347,5.453949774586954,1.550571968460223,3.181395746622695,5.717166141967645,4.487853405629939,3.523491011192170,5.230429008137235,5.223790796953354,-0.014328773377865,3.010526737583913,4.298507988973596,1.048995758262807,4.996354997271650,5.670622531937007,2.404618696098821,2.384032754764579,3.122082628333877,3.739090317723400,7.279879216315168,2.976703230273348,2.786519159265521,6.978651031712921,2.345274584494689,3.080506627809029,0.804422555758813,2.507201465569072,4.352854216659107,3.805381989437610,
0.322173360145990,0.043229313943728,-0.005256195082306,-0.667296416371001,4.257701714345711,3.957861100249124,4.843016154089380,2.090749386338657,0.884476295159142,3.305581537943308,4.695345397474116,3.747576535659986,4.903193042395590,4.740745441226870,5.447823512520570,1.551246228177485,3.182350222501127,5.712147069055505,4.493150727541029,3.522435015519802,5.231358261579881,5.221649949187461,-0.015479225001897,3.011409583266489,4.296367019534244,1.053561220012869,4.999536546785935,5.672549412397325,2.404537803365270,2.381214196336161,3.123235330674722,3.733789849765679,7.277189945037607,2.979294171562140,2.790656649947702,6.978317664033476,2.347847293498977,3.075087613270737,0.800515992494338,2.503561508962993,4.353918145703017,3.805381989438223,
0.323913857877394,0.041904084197263,-0.004848965708344,-0.667082191112381,4.259163215184583,3.957292208527307,4.845150233475930,2.090965532034733,0.887298979879978,3.306374285279020,4.694672501702861,3.747619259792071,4.904972316655828,4.739954204544745,5.443068698412250,1.551905409354297,3.183152638891420,5.708351281640743,4.497060535399825,3.521459614021992,5.231321387299766,5.220343132804199,-0.016900309890724,3.011605056347424,4.294088444015765,1.058011633056993,5.003802103300567,5.672816208360586,2.405124193703965,2.377639412676136,3.124186475083330,3.729557913997071,7.275147430361614,2.981740679446506,2.793783025320017,6.978813371125774,2.351211539175412,3.069890852378724,0.797021932655643,2.500467095216331,4.354061884781744,3.805381989438569,
0.326728196642720,0.041538150305779,-0.006881080298354,-0.666504974379088,4.260209854549072,3.957111224044156,4.846989199008209,2.091135815626301,0.889370220978160,3.307345722433658,4.693879247657332,3.747660769726434,4.906467666350277,4.739236914237924,5.439465447933866,1.552708526164446,3.183882442790546,5.705642286894187,4.499996369679862,3.520967460150326,5.230085704812841,5.219546667883770,-0.017901731357191,3.011249109514134,4.291215124436524,1.062014645024399,5.008936446918498,5.673463163904494,2.405447964813679,2.374660557500764,3.124411986623646,3.727316797141440,7.274478795608960,2.983332013748631,2.796449826692994,6.979222008545098,2.354067894019575,3.065339991557195,0.794955697164034,2.498779418067841,4.354236850294995,3.805381989438685,
0.329309607531087,0.042408471883655,-0.009042337957646,-0.666075873626093,4.261052912532154,3.957161038076360,4.848529335994926,2.091258091365611,0.890869382826623,3.308348016131580,4.693106156965746,3.747702034372191,4.907545391974967,4.738675818227302,5.436846100630881,1.553483002061150,3.184455324320166,5.703859123701723,4.502048316785221,3.520954988957775,5.227404130139822,5.217869136772956,-0.018896827663427,3.011008066214720,4.288579094270799,1.065216212323125,5.013301761624719,5.673508868137228,2.406013906617055,2.373124152044577,3.124318636964298,3.727216289888077,7.272941462348877,2.984479592690609,2.798348386115988,6.980002282640638,2.355471267382964,3.061811342877299,0.793501466109268,2.497648422603664,4.354134285147270,3.805381989438730,
0.331139182042710,0.043130354233434,-0.010959935687197,-0.665578756483783,4.261624358737225,3.957630007027871,4.849789829980397,2.091334849734410,0.891659864318695,3.309884199298078,4.692498957769252,3.747729750200886,4.908438885215862,4.738271796198250,5.434988668087771,1.554161376858631,3.184869476676201,5.702783488491921,4.503543690801266,3.521381792631694,5.224164657696151,5.215654577843398,-0.019792249445723,3.010977482848405,4.285831769928079,1.067612727358285,5.016807428309852,5.673345541840395,2.406526699859506,2.372032932203089,3.124151907086012,3.728551375237545,7.271027628710208,2.984927453006593,2.799614518278960,6.980827495370456,2.356395036162218,3.059039339146270,0.793186994922460,2.497733838636845,4.353888752519198,3.805381989438854,
0.332601400642098,0.043604451150461,-0.012238115466314,-0.665157264594157,4.262354919890126,3.957875556597918,4.850780425751503,2.091385336462745,0.892208280049010,3.311464890783034,4.692130796720818,3.747746368772547,4.909299690611820,4.738059694157111,5.433792492716104,1.554564088420866,3.185082469602853,5.702320413528897,4.504417944414146,3.521690848319174,5.221448498022134,5.213518104694916,-0.020694547380717,3.009605284580033,4.283960917456900,1.070088805256025,5.019198908138504,5.673373166876558,2.406964643122979,2.371213659735156,3.124317084477898,3.729422340934634,7.269227608025115,2.985395934035307,2.801555348134052,6.981417295674603,2.357105942270936,3.056796903503807,0.793293261648766,2.498315615091850,4.353844865048417,3.805381989439018,
0.333497951535441,0.044806410231845,-0.013902888213291,-0.665045408622084,4.262878671127940,3.958244082517801,4.851462029849523,2.091375251489655,0.892355781833081,3.313186351242383,4.691926688660473,3.747751349456327,4.909997805413840,4.738039545578152,5.433117038762594,1.554845758021884,3.185099187120526,5.702281032090925,4.504903828632792,3.522430204494227,5.218837131533276,5.211426027395903,-0.020979875362120,3.008265226520817,4.281951519714167,1.071664110354241,5.020858481683989,5.672638390387966,2.407685529049660,2.370860922152948,3.124058777445673,3.730935392225331,7.267471879145376,2.986103274531403,2.802872753057444,6.982427846839521,2.357340216722036,3.055851528169778,0.793098618839659,2.498728091348017,4.353384118101053,3.805381989439333,
0.334802804364802,0.046761053488634,-0.014994290273202,-0.664523055742755,4.263217351865335,3.958731902111958,4.852028908805918,2.091349768924194,0.892062292674192,3.315245860769789,4.691928163715281,3.747744169826259,4.910684256620161,4.738049529705934,5.432994577823645,1.554942557640834,3.185090340507957,5.702728659998543,4.505010764152435,3.523642139482202,5.215826763488225,5.210471479438236,-0.020606784414290,3.006924310903999,4.280055919753126,1.073023594852174,5.022344396849912,5.672397418404097,2.408171965596630,2.371278758678743,3.124896569315041,3.733352708850996,7.266737277410315,2.986370150999168,2.804359530433996,6.983114586466082,2.356876421322550,3.054843360802493,0.793747751034985,2.499895789444339,4.353122250113332,3.805381989439617,
0.334743520882344,0.048414435818675,-0.016334080044851,-0.664351171886640,4.263203664117838,3.959490640624230,4.852522649733687,2.091299417254242,0.890668329230894,3.317964715298532,4.691982855802488,3.747733089199466,4.911236100342787,4.738050658200455,5.433380958733753,1.554993365199503,3.185085985809814,5.703698786630055,4.504844546947575,3.525702697818853,5.213317529658529,5.209374700986114,-0.020386796373652,3.005807241934485,4.278852282751323,1.074671647103463,5.023176108042851,5.671271538449622,2.408938445578698,2.371615943197385,3.125847443784150,3.736148082011660,7.265922533997718,2.986006444786525,2.807281799467882,6.984077972017288,2.356498367479979,3.053783209001501,0.795299357887307,2.501899677546729,4.352507339164241,3.805381989439817,
0.334326211867166,0.049796298191235,-0.017454102475161,-0.664198268725720,4.263018866371274,3.960474439321922,4.852937428850887,2.091237559761122,0.888973513056547,3.320918133023356,4.692094900561941,3.747719242193778,4.911625972611113,4.738069368153423,5.434292506427913,1.554989654335536,3.185060670140596,5.705164331765312,4.504245720729182,3.527617326434505,5.210177906377555,5.207864649888077,-0.020304809387814,3.004725563350714,4.277846610627630,1.075846586945358,5.023741665802262,5.669794119148661,2.409811326307961,2.372059249646866,3.127222035679490,3.740014857548897,7.264769482357038,2.985101999106522,2.809855147035834,6.985095471405402,2.356053253901695,3.053104227650105,0.797570639591587,2.504592840056343,4.351794501857906,3.805381989440016,
0.334451232321195,0.050880395095874,-0.019120733511677,-0.663936427288767,4.262642171802617,3.961701676324544,4.853169697424870,2.091127500979109,0.886836775292766,3.323978119111576,4.692220827239221,3.747705914276675,4.911810267943558,4.738101838233862,5.435764708844633,1.554960850167346,3.185026069168949,5.707239765344474,4.503149473161576,3.529966393727333,5.207300723914422,5.206157271873858,-0.019800652835982,3.004121137121404,4.277308837387445,1.077323616749548,5.024463798005961,5.668415531189784,2.410701222968552,2.372223432896846,3.128036471540367,3.743731051345309,7.263456998893668,2.984131536492934,2.812157828339108,6.986092305065418,2.355959072283177,3.052568153684948,0.800416892428291,2.507871596099632,4.351087279585908,3.805381989440296,
0.334086190881252,0.052382800376087,-0.020987344841215,-0.663770563582146,4.262000889423752,3.963266474120618,4.853269517123608,2.090980243849471,0.883792100901795,3.327409194500808,4.692316551600393,3.747693783004379,4.911834897406103,4.738176305719008,5.437739606526620,1.554955001804142,3.184952132053294,5.709940354759148,4.501706329934457,3.533455391539268,5.204729913086875,5.204492713407212,-0.018767363502215,3.003462276430665,4.277171256046773,1.079423947759957,5.026056885205537,5.666264464607970,2.411894298494297,2.372523314874190,3.128848114160524,3.748201863207713,7.262458020383161,2.982494604687179,2.814857461149429,6.987436612990608,2.355756619326995,3.052186776736961,0.804473968902467,2.512204103432487,4.350030007092544,3.805381989440547,
0.332622875095705,0.053290359215689,-0.022204731589811,-0.663954633217367,4.261458439133658,3.964650145640231,4.853335184394655,2.090845032294181,0.880986151459777,3.330545682599139,4.692377665172840,3.747683170474851,4.911862341771992,4.738231298164434,5.440065734439036,1.554980472507502,3.184904643468600,5.712934137348999,4.499824727509711,3.536188552516050,5.201964389632145,5.206163238267322,-0.017939927680487,3.002402090747668,4.277529987032743,1.082474090182645,5.028369546408762,5.663492946671307,2.413229185965059,2.372461402811543,3.129967691236146,3.753250602487175,7.264876134116637,2.980796623192785,2.818767476417891,6.988846638537452,2.355878217487729,3.050683957850628,0.808563716176149,2.516560874755216,4.348871878893839,3.805381989440798,
0.331154233615386,0.054403357309605,-0.023219578219773,-0.664016436923017,4.260803091609584,3.966094880256538,4.853286437853538,2.090708752518367,0.877801894886705,3.333836086932854,4.692838152013635,3.747649911557125,4.912007745681211,4.738377883346095,5.442620722329252,1.554640529838470,3.184770926837290,5.716178287956060,4.497800961993029,3.539267881609985,5.199782517739205,5.207957999941456,-0.017454851810080,3.001801686439403,4.278330476129470,1.084938360790657,5.029666946383070,5.661117829326856,2.414419712403470,2.372826291534972,3.131289427681094,3.758389807088860,7.267475323405883,2.978533466770477,2.822828316323906,6.990034040725445,2.355578826755531,3.049500477797101,0.813376719200615,2.521517319852293,4.347895501491454,3.805381989441017,
0.329242345691222,0.055321904598700,-0.024378172523039,-0.664163422378113,4.260531020620939,3.967026583226378,4.853135630996001,2.090560629526969,0.875435083761478,3.335855428652308,4.693283826227618,3.747617548413496,4.912157137354461,4.738588803770851,5.444766529962521,1.554308657408204,3.184566349834744,5.718978516336711,4.496205990087432,3.541195229367080,5.198071500518647,5.211015958659272,-0.015932004350707,3.001075803662110,4.279147454153609,1.086579636641991,5.030702000693354,5.659294533342928,2.415489467027528,2.373065159829235,3.131914714383962,3.762485904304675,7.270918667162488,2.977117680404290,2.825698523331281,6.990926978008831,2.355368361869233,3.048423329603366,0.817206894799774,2.525405620290618,4.347233846715794,3.805381989441008,
0.327134623285718,0.056112916298964,-0.025220077159741,-0.664151892980477,4.260794446218578,3.967290925878426,4.852964071922961,2.090420392088562,0.874121196800622,3.336697647797911,4.693817342005323,3.747581029369882,4.912355666218511,4.738768774049526,5.446595754953477,1.553885161183078,3.184390396633206,5.721437818216600,4.494763629900729,3.541511645713010,5.198139458747274,5.214190177235452,-0.014832892613346,3.000160469314599,4.280878353760935,1.087932694647637,5.029595635663239,5.659078938713766,2.416026696741735,2.373208561276030,3.131902158556595,3.764245391164702,7.274401312060138,2.976465131857622,2.829544740236580,6.990829133594499,2.355266657786679,3.048899459318659,0.819778973684598,2.528078916120244,4.347619940946580,3.805381989441067,
0.324999299171560,0.057201700805429,-0.026328934563650,-0.664139385713464,4.261012500631011,3.967595507182117,4.852565133447812,2.090233565727020,0.872814713053864,3.337411018765873,4.694456521160014,3.747533999613585,4.912710551678051,4.739123662478328,5.447862513289143,1.553410349593979,3.184030683015179,5.723369854711241,4.493843880434261,3.542119002110061,5.199588873452013,5.215994251492520,-0.014186188792460,2.997915413569901,4.283206978336703,1.089389163736042,5.026963514202398,5.659294549629115,2.416484593115001,2.373759215318322,3.131998853530847,3.764572116957422,7.276667788918019,2.976204956034894,2.834543348083195,6.990566018337052,2.354736562208718,3.050443014201927,0.821747839226078,2.530067295327344,4.348193011952457,3.805381989441020,
0.322686952981051,0.057765288915178,-0.026730126527681,-0.664353269480516,4.261851443905754,3.967138513405851,4.851999051701101,2.090006732595691,0.872738843395900,3.336638912252697,4.695145897173052,3.747486647787895,4.913148684450326,4.739516726130962,5.448374463276361,1.552865940631385,3.183626694897727,5.724690652981017,4.493403592627104,3.541258230085399,5.202376676644960,5.218916827687806,-0.014044157933688,2.996429287699501,4.285365224675167,1.090403281306537,5.024887225117212,5.660095739604111,2.416832883533025,2.373938899161023,3.132277800338863,3.762972123631434,7.279863222848737,2.976804573074128,2.839044911199929,6.990059926135222,2.354560263740391,3.052795806206532,0.822267000193549,2.530506507407663,4.349151715010922,3.805381989441185,
0.320677948794854,0.058008615293639,-0.027117350164480,-0.664632616209771,4.262599602991252,3.966817375002291,4.851319684270772,2.089781177682482,0.872688307151739,3.335963643898196,4.695691062588750,3.747451059400512,4.913542210751818,4.740040324121094,5.449268329283702,1.552425830637862,3.183089133978848,5.726260385049240,4.492614830531497,3.540732847820641,5.204894067810890,5.220111815245823,-0.013961335287904,2.995061559009103,4.287904889015227,1.090370812298353,5.020739803692019,5.660186070798864,2.417533253079401,2.374832128577823,3.132567348156922,3.761773932465276,7.281458485667328,2.977857322990475,2.842627773082146,6.989860049241191,2.353691062969892,3.057728860320583,0.821866784014154,2.530099816785908,4.349798554951076,3.805381989441505,
0.318732315721112,0.058441856531991,-0.027420077268930,-0.664877450001495,4.263444560827780,3.966407306149258,4.850763106340145,2.089589018137506,0.872963938716574,3.335150211998192,4.695908651560579,3.747427566332322,4.913982517677622,4.740518463651474,5.449807408788605,1.552328814293872,3.182592660576089,5.727515775384527,4.492139821018951,3.539987479477323,5.207372153116539,5.220580527329970,-0.014005658415810,2.993704614051595,4.289679315850642,1.090154697641132,5.018455475947187,5.660181903805809,2.418383351102978,2.375577643074680,3.132371200525092,3.760135127736683,7.282057150154545,2.979188050628620,2.843806091158521,6.989644174739652,2.353027917552935,3.063186918754538,0.820751063891906,2.528897145327026,4.350436532232562,3.805381989441730,
0.317040684581221,0.058479717112388,-0.027612777240323,-0.664994336730554,4.264717769226623,3.965320420813791,4.850143627793915,2.089383513863818,0.874465147521869,3.333426659218081,4.696197186276421,3.747400287509311,4.914915332058252,4.741033918431383,5.449464408856062,1.552154426482668,3.182041466314705,5.727863058975441,4.492307305580053,3.538094925913472,5.210990120148624,5.221887423243451,-0.013307003638880,2.993178024464975,4.291375007264234,1.089834077081193,5.015678698872726,5.661470756003859,2.418820136631026,2.376664964836528,3.131899269067424,3.757564904791118,7.283090109931833,2.981535013127652,2.844736554794300,6.988924448030554,2.351982095048423,3.069061011876344,0.818289210804472,2.526335489276738,4.351654139259541,3.805381989441776,
0.315320203100638,0.058122871789405,-0.027658152056825,-0.665591094896420,4.265766234431498,3.964431938051177,4.849500459779730,2.089174407949982,0.875147136829074,3.332218588617752,4.696383614950995,3.747379477717562,4.915841189338654,4.741551031240949,5.449289626137102,1.552072314582543,3.181489766421973,5.728463096580191,4.492390413884435,3.536617793862375,5.215280529494063,5.223058970954238,-0.012133729923176,2.993674544293584,4.292462838671653,1.089391450132727,5.014410906728858,5.661555823275435,2.419871672831473,2.376966989968435,3.131975135444228,3.753950541948388,7.284165925429934,2.984253345693753,2.844212065835700,6.988982137601853,2.351684227453033,3.074553414210061,0.815439048359054,2.523397606323965,4.352066530864315,3.805381989441925,
0.312200417998448,0.056966637608855,-0.027132203367372,-0.666918837013310,4.266842769895057,3.963462963572170,4.848824498812782,2.088941675888726,0.875871750309831,3.330646587570781,4.696969840153383,3.747340727890948,4.916437308437346,4.742060552936107,5.449443315202937,1.551557312506288,3.180940921977284,5.729483065481671,4.492054915885769,3.534714879867668,5.217737402944024,5.222957841505517,-0.010081083622694,2.994559219999299,4.293231974648156,1.088938233445718,5.014488173115453,5.661004243217318,2.421143951138781,2.376970145477269,3.132483990469409,3.752278368223703,7.285553405033966,2.986318848344448,2.842171026634717,6.989207952546024,2.351627290739902,3.079572461073920,0.813222533190739,2.520840804318000,4.352309150961985,3.805381989441776,
0.309126899230662,0.056395650571738,-0.026795652720054,-0.668193898050710,4.267851434227206,3.962616427142216,4.848028863956874,2.088707287394797,0.876156230589877,3.329378306406585,4.697420862270578,3.747307947475588,4.916944169007047,4.742680137970858,5.450139636053349,1.551201700177016,3.180283510905442,5.730876073394154,4.491213102591739,3.533223890411127,5.219781486642630,5.222050806797338,-0.008468391829125,2.995838252826806,4.294062641963087,1.087783791588054,5.013023473734935,5.660089234669019,2.422488635873197,2.377441601169750,3.132865767772880,3.750843574959737,7.286093442703512,2.988096081370190,2.840140392564666,6.989623083109830,2.351102653644775,3.085050796729319,0.811621412388022,2.518928946448594,4.352292754851086,3.805381989441550,
0.306185236860279,0.055493206793250,-0.026530087449772,-0.669352355086801,4.268774999602759,3.961873231534454,4.847255108345463,2.088481742516749,0.876152431552279,3.328092670273072,4.698050464421829,3.747261867648576,4.917377061621909,4.743279492287330,5.451046998794204,1.550684283865232,3.179643884065908,5.732440718385149,4.490243107024166,3.532059569246661,5.221952543613663,5.221651440406600,-0.006352539714387,2.997015089148021,4.295031545484005,1.086179967867639,5.011423975192878,5.659445106949113,2.423780949055301,2.377891717840242,3.133254946082512,3.748889079697291,7.286898381218084,2.989409976004733,2.837424307450604,6.989854864089155,2.350612950553913,3.091469131227220,0.810247052676603,2.517135595287030,4.352446704660688,3.805381989441509,
0.304071756831119,0.054773649339759,-0.025777694903967,-0.669998119343483,4.269566766271311,3.961337821003895,4.846554667572288,2.088275470515378,0.875728506769853,3.327264231473304,4.698691887102527,3.747213416939567,4.917660198327633,4.743824416119484,5.452000257400238,1.550158642956247,3.179061547936260,5.734078607022187,4.489412166936107,3.531786501277991,5.223857230899553,5.220992323655270,-0.004830294718403,2.997831191599884,4.296089947572971,1.084991234577741,5.009744189207784,5.659206348157182,2.424840292031200,2.378651007759513,3.133462274516214,3.746949842277790,7.287505050773704,2.990310075790958,2.835580631768834,6.989987600402240,2.349797347015755,3.097634921900150,0.809527464190681,2.515966292295901,4.352644356902969,3.805381989441248,
0.302387201742955,0.054363630400371,-0.025296176918694,-0.670510806546433,4.270468203458273,3.960688755348596,4.845909192754893,2.088081453468897,0.875602220102144,3.326114936193617,4.699135137459599,3.747176101281835,4.917977705236078,4.744305022744840,5.452915110771289,1.549829948322044,3.178538822971254,5.735673499196881,4.488573814840156,3.530899615633950,5.225075317631011,5.220196717751850,-0.003615969547743,2.999559539593811,4.296709010745109,1.083403438864746,5.007803597781683,5.659238542197357,2.425768906975024,2.379614806975740,3.133202807949247,3.745091787067087,7.287617632125613,2.991362259072204,2.832873758561294,6.990067207609231,2.348815858190093,3.104003276162882,0.808590808906074,2.514634002958932,4.352885088620683,3.805381989441056,
0.301215332527621,0.055169675837333,-0.024780846973586,-0.670577064984760,4.271277701221539,3.960037433943366,4.845435205760419,2.087938519433715,0.876003679173571,3.324459331833063,4.699283754678492,3.747156950760781,4.918818238282571,4.744672012883935,5.452901311559087,1.549798343199081,3.178145412952270,5.736439871428600,4.488597409907422,3.529925108398723,5.227119363161507,5.222109675216169,-0.002424385160988,3.002231580298111,4.297027847676684,1.082312358349368,5.006837994836316,5.660508248433404,2.426307275496010,2.381168313711114,3.132246644167485,3.742906216443749,7.290581491429658,2.992750036108631,2.830738861712376,6.989657699782404,2.347228049672979,3.107966647482769,0.806789916618034,2.512299475400871,4.353674361985615,3.805381989440924,
0.300289106613520,0.055997029400666,-0.024690740748694,-0.670409603038271,4.271883270288686,3.959714396790462,4.844960690733313,2.087804982999845,0.875978777114783,3.323702314683582,4.699320192053960,3.747145946557453,4.919503426407704,4.745006081139212,5.453169162824913,1.549872126186309,3.177788529436093,5.737396021292562,4.488438559768762,3.529574118865637,5.228564233241130,5.223245263602009,-0.000971595507006,3.004693181653987,4.297228512112103,1.081504012877267,5.006278257750553,5.661571873924911,2.426821071954282,2.382533044019402,3.131339661123682,3.741613958471661,7.292789165883381,2.993713075723512,2.828362231094913,6.989280838363533,2.345840394539641,3.111455925477016,0.805806611200957,2.510715503274707,4.354357819626369,3.805381989440846,
0.299547423930995,0.056952271388780,-0.024767169538919,-0.670071984475091,4.272506290681068,3.959397757107006,4.844548385120688,2.087694130621676,0.876057486692335,3.322629265554993,4.699111968158371,3.747148871415413,4.920039878773057,4.745262043447583,5.453534966502204,1.550192827538234,3.177515781761851,5.738505585918361,4.488124839874092,3.528584302135028,5.229701523220042,5.224794596486181,0.000740430634859,3.006678099439059,4.297513223983942,1.081402906743641,5.007155693736944,5.663024457494213,2.427094593903481,2.383751662863236,3.130406482372964,3.741170533099492,7.295494643602196,2.994166504964353,2.825742228147744,6.988700809197771,2.344617679825834,3.113634471814327,0.805997218507912,2.510220393721375,4.355226317053639,3.805381989440854,
0.299315499132183,0.058287064005470,-0.024775994785220,-0.669681605091781,4.273355139985193,3.958884765849358,4.844202216935306,2.087585858074826,0.876401908563139,3.321338849726315,4.699047844008460,3.747140251507789,4.920442506108301,4.745478534561740,5.454087339838019,1.550373846682051,3.177278172914814,5.739769193507300,4.487519666726398,3.527164367298010,5.230641253009956,5.225552964475505,0.002903707483658,3.007843476246651,4.298278473719225,1.081173209244729,5.006710478193612,5.664556188171365,2.427340274948326,2.385290951852872,3.129650288599356,3.740979055684817,7.297491793475898,2.994501151403595,2.823165485509171,6.988063509034355,2.343064183174279,3.116518390415915,0.806460697030606,2.510016234053167,4.356146693101618,3.805381989440781,
0.299726894272430,0.059459368597601,-0.025385555350593,-0.668950980287537,4.274102285726729,3.958588876598671,4.843861702595747,2.087483683992711,0.876397805436240,3.320650770406573,4.698882292777188,3.747135689483712,4.920649973359695,4.745697841606083,5.454885634250735,1.550652682979570,3.177041347017172,5.741259144550476,4.486782380649104,3.526143289590813,5.231086726217279,5.225802015335577,0.005324410719740,3.008548160936428,4.298821058404918,1.081152930474850,5.006845342939828,5.666245859285212,2.427479069212307,2.386569096921510,3.128345034585938,3.741059702173696,7.298994953068820,2.994598943883466,2.820336377426756,6.987374374788085,2.341800111883535,3.118922661456017,0.807600865210741,2.510514086858056,4.357099835901356,3.805381989440691,
0.300496043258457,0.061058056900843,-0.026433637183667,-0.667964477957537,4.274748360232454,3.958592532201771,4.843416488182389,2.087368526119743,0.876158108301143,3.320981110064101,4.697967886484687,3.747177565055741,4.920740068471314,4.745986402593416,5.455231197459202,1.551669446323966,3.176727720979141,5.742555190532070,4.486548447615267,3.525297670934003,5.231050942716863,5.227998285906700,0.006873764581111,3.009172401601213,4.299209423261333,1.081094201279235,5.007356436612927,5.667096441736512,2.427997539787528,2.386521541243122,3.126832628753415,3.741301820411864,7.302275622322764,2.994821193736472,2.817067088633812,6.987166911627243,2.341891917168666,3.118871875667221,0.808354283314539,2.510706585998825,4.357631234602881,3.805381989440733,
0.301354761718350,0.062384946392185,-0.027345090523906,-0.666960485337793,4.275646996193524,3.958357507657189,4.843041288116103,2.087267851572016,0.875937436100643,3.320980122274375,4.697014948183398,3.747226370580143,4.920389851024643,4.746231968957158,5.456496196189085,1.552677800734314,3.176463157096456,5.744585985465364,4.485405461198650,3.524231922193871,5.230144032746022,5.229740831654339,0.007615798344863,3.008488926145825,4.300111698527787,1.081386326005469,5.006979407973980,5.667640646034477,2.428446832280724,2.386231815019084,3.125554689166129,3.742453552857680,7.305199048198936,2.994259420796679,2.816268787208737,6.986995781071697,2.342209419355116,3.118155323567442,0.809878927232002,2.511705604258174,4.358057348865271,3.805381989440807,
0.301736019103653,0.061840256233468,-0.028516679378207,-0.666637890553908,4.276522907098953,3.957982353060167,4.842782711928064,2.087189687082939,0.875768230682678,3.320541417618359,4.695989343480566,3.747281482072198,4.920181958308286,4.746383526861495,5.457681888652866,1.553733052161061,3.176307412274063,5.746550294872013,4.484266985816859,3.522866306556111,5.228942332850323,5.235054156125723,0.009804927762669,3.008357788288202,4.300782953293780,1.081842398087677,5.007566319792724,5.666747800631291,2.429465405757718,2.384357331842287,3.123770600645953,3.743899809549128,7.311273176841294,2.993864604721491,2.815464991841973,6.987636827173164,2.344053563055273,3.115057439811046,0.810494761790890,2.511873504800300,4.357702183334518,3.805381989440841,
0.301955895581095,0.061224803024626,-0.029526869808701,-0.666284449303725,4.277212303787251,3.957865505676172,4.842456931861867,2.087115910617831,0.875105563547888,3.320512894672210,4.694890900029956,3.747342788514240,4.919866219449237,4.746597894170120,5.458929249516855,1.554820213421096,3.176090280252589,5.748756311890594,4.483161006591994,3.521563370970279,5.228171664230422,5.239718765263847,0.011140948449516,3.008249425678457,4.301276621014549,1.081208468730267,5.008241543464451,5.666337757601773,2.430216294732444,2.382478038587264,3.122124991904895,3.746325280660804,7.316842074889302,2.992516026003569,2.812972156987216,6.988039315230533,2.345893577544318,3.112100810653621,0.812929386967939,2.513681775449011,4.357549903294435,3.805381989440868,
0.301857195242640,0.060515903795057,-0.030461491147023,-0.665943712538330,4.277930650282053,3.957814535376484,4.842143633214255,2.087044253320133,0.874462538900389,3.320673139435486,4.693921223309043,3.747399069998033,4.919216895226930,4.746784622333800,5.460503263669988,1.555769493892744,3.175902718307009,5.751214409619975,4.481814935379401,3.519702381869371,5.226595407818103,5.244148878442177,0.012548062605011,3.007815476840254,4.301926490493067,1.080974255019141,5.008691680388439,5.665826807248756,2.430829904012535,2.380771289836347,3.120530669364032,3.750004693545983,7.322240896436141,2.990790787265943,2.811232927172379,6.988358322112862,2.347570087664266,3.109015730033470,0.816274893828044,2.516472525621130,4.357425310443475,3.805381989440916,
0.302174196830035,0.059455820713484,-0.032395864462918,-0.665052991696123,4.278465648009768,3.958000651224723,4.841747712265163,2.086964829596426,0.873034746656752,3.321870904867643,4.693117291839961,3.747444909666100,4.918548258076661,4.747011093988413,5.461801721205199,1.556568359145887,3.175672449642425,5.753500883229314,4.480975680491127,3.519588955665235,5.225723384111368,5.246467385624729,0.014324411933672,3.007429945392058,4.302801776565734,1.080447291735644,5.008235374691361,5.665759545944912,2.431307882678273,2.379236543171915,3.118762141516828,3.753170496517932,7.325605338842730,2.988638175084668,2.808995918947739,6.988531148096722,2.349093905088746,3.107441537514140,0.820389422432300,2.519928208177889,4.357442332042173,3.805381989440743,
0.302430187068686,0.058749541249148,-0.034309948763794,-0.664281400272800,4.279007159660080,3.958126684475169,4.841371891333980,2.086903110557132,0.871703829395540,3.322643863199569,4.692166658463083,3.747495764278566,4.917902860601115,4.747249414498352,5.463128803178531,1.557526222733029,3.175437587203231,5.755835120407441,4.480006209314192,3.518975990701696,5.224716962732606,5.248574657961080,0.015519658121554,3.007598377208214,4.303857741796859,1.079580768001087,5.007224356998217,5.665908673796213,2.431655786664733,2.377927345233779,3.117240175422909,3.756481222061924,7.328818263712402,2.986315638702362,2.807143391684247,6.988600042835903,2.350388873197938,3.105403080308578,0.824793929342889,2.523645713478012,4.357552553602229,3.805381989440614,
0.302353419494971,0.058182879348157,-0.036303833070460,-0.663723067103151,4.279338717369436,3.958413546390717,4.840975965762991,2.086846016907232,0.869947758720338,3.323502693795433,4.691294231154610,3.747541464182758,4.917238489710389,4.747503016830946,5.464428786743237,1.558412654395897,3.175187487456496,5.758332059158104,4.479089489455180,3.518528552627652,5.224395212899209,5.249677693814949,0.015774128417607,3.007573738901226,4.305024695339804,1.078178852508590,5.005996782931027,5.666220501095785,2.431946177584475,2.376789928731884,3.115592131216244,3.759965066381132,7.331143097979534,2.983504764795919,2.804841773307298,6.988699726918611,2.351486825273607,3.103560290107865,0.830248431616646,2.528298202019955,4.357653330654294,3.805381989440462,
0.302434430239327,0.057162604579747,-0.037998673649871,-0.662973835001458,4.279621387262381,3.958741707981545,4.840515987951141,2.086791070673852,0.867638431671936,3.324828907711550,4.690695895011121,3.747572813153832,4.916498592691804,4.747805683032341,5.465396792611796,1.559069877578011,3.174884375176509,5.760589866987910,4.478695226736081,3.519427493853229,5.225368904403360,5.250167527320278,0.015669064890518,3.006793235635822,4.306829216178633,1.076622286416131,5.003348444909506,5.666990741125987,2.432142562899783,2.375775036487823,3.113792418283499,3.761958253078715,7.332867278425569,2.980662493821381,2.803404636533990,6.988695501269879,2.352436592742787,3.102909623188126,0.835656182629524,2.532876757595471,4.357915183266251,3.805381989440298,
0.302100152696125,0.055996427279495,-0.039185993782300,-0.662207921876652,4.279945072945677,3.958959648845640,4.840308416664017,2.086741665433025,0.865658224234482,3.325794365701780,4.689974476163234,3.747600471474280,4.915813653571155,4.748131445493133,5.465940593605458,1.559867909642956,3.174558953139614,5.762472682144886,4.478544620276702,3.520292593573580,5.226858596279737,5.250787249659012,0.016228991777448,3.005590686000006,4.308641310408758,1.075184345832972,5.000956808564187,5.668053331327334,2.432192782105020,2.374594827177572,3.112989493336521,3.762912357139755,7.334927838405734,2.978268136095641,2.802186344937013,6.988560748589690,2.353486158291973,3.102249978687650,0.840522650459780,2.536927652518697,4.358371685270189,3.805381989440179,
0.303262712258698,0.057414261151185,-0.040045790949960,-0.660825997453246,4.280000319757612,3.959460958469791,4.839973590562891,2.086691342786149,0.863292289841109,3.327171932942777,4.688745761621951,3.747647210500920,4.915350789364425,4.748526356229117,5.465874176454714,1.561130085775426,3.174155796186237,5.764221157349331,4.479034401526972,3.522165016731561,5.229341516609366,5.250674021861165,0.015861789961564,3.004203041554004,4.310441826542458,1.073611125319804,4.998295960907058,5.670047037625164,2.431870107281576,2.373232985633500,3.111687107167489,3.763046374277228,7.336351569167220,2.976063634666871,2.801128859795762,6.988335584284457,2.354698591327846,3.100486737373851,0.845174582975082,2.540705793348505,4.358999232005652,3.805381989440003,
0.303813281193614,0.058239122581095,-0.040462281594281,-0.659662965841620,4.280395796007162,3.959511898438659,4.839434867448127,2.086654719291259,0.861578964181484,3.327467149241173,4.687874469858951,3.747686979495620,4.914895724491049,4.748833556881014,5.465455360520934,1.562004639819941,3.173843378751038,5.765530425592312,4.479794198236380,3.523469035896643,5.232689334715885,5.250143711066653,0.015897778271787,3.001898635873478,4.312541951063860,1.072074370513788,4.995060935599717,5.672172015958744,2.431479542174380,2.371767825859954,3.111053792448425,3.762079962181261,7.337281861173342,2.974132637978513,2.801141731586505,6.988023013273237,2.355978723263827,3.099147239048987,0.848909790041993,2.543616405465297,4.359774778897749,3.805381989439688,
0.302643829997467,0.058208939817001,-0.039662638505131,-0.659395050765686,4.280817553329991,3.959321516153953,4.838877658780324,2.086632767316666,0.859943389052648,3.326979418912696,4.687076484877569,3.747722659987327,4.914472754755859,4.749107161882349,5.465315256967043,1.562810063069993,3.173572467427734,5.767195026707895,4.480185076533266,3.523934821337241,5.237349026283725,5.248744937838780,0.016336921711918,2.999734883094512,4.315189952291994,1.071366143184909,4.992453960018505,5.673553695884856,2.431437801206698,2.369823491068066,3.111681447279265,3.759287339510345,7.337266300368761,2.973016323077993,2.802624111335069,6.987976089550113,2.357678551017480,3.096279729712828,0.851850376780601,2.545881268352042,4.360337900698640,3.805381989439388,
0.300629497733897,0.058067854502655,-0.038386675254030,-0.659541742088891,4.281559709016291,3.958717707436493,4.838286768733408,2.086618590632222,0.859141731454894,3.325294368104609,4.686464638311787,3.747750926130669,4.914137134373163,4.749337547606022,5.465189653218051,1.563442600890174,3.173340118749119,5.768800485510785,4.480441251796251,3.522784102225899,5.242894790568080,5.246568072557720,0.017135011546966,2.997928486228200,4.318005460019498,1.070749917985628,4.989529678381905,5.675182370518064,2.431375337336143,2.368109973164616,3.112683960212597,3.755021568991446,7.336421065586834,2.972515708588391,2.804178745683227,6.987708888853356,2.359167873432491,3.094491250663634,0.853829248917068,2.547231366625386,4.361195876507862,3.805381989439279,
0.298889283451126,0.058496615254188,-0.037274713405970,-0.659570673792542,4.282602115712903,3.957673957180927,4.837609833961847,2.086604526344540,0.858928884167067,3.322690701167018,4.685742445562209,3.747779843686378,4.913841570437990,4.749636174254973,5.464800077621580,1.564206511553204,3.173017516137494,5.769853444134527,4.481024055787383,3.521946561524602,5.249007108764359,5.244270856436968,0.018378061458413,2.996590747104116,4.320181066727346,1.069734253510619,4.986905727102863,5.677012970633419,2.431354965902887,2.366848600890373,3.113895570876920,3.749581514881978,7.334455221389557,2.972682182564390,2.804191794920846,6.987261214805794,2.360238453337073,3.094158396094864,0.854454296318080,2.547152823213045,4.362287637548879,3.805381989439179,
0.296890914747072,0.059115657699816,-0.036729846981472,-0.660100848267415,4.283769266622541,3.956431333289447,4.836955646167081,2.086591638975660,0.859049639107662,3.319465523468371,4.685149452238130,3.747803885735844,4.913465281786562,4.749922054995710,5.464517905981131,1.564865176085916,3.172697206984211,5.770893221511117,4.481463588258725,3.520979942431139,5.254500895066050,5.239853669795068,0.019288662660452,2.995496602219395,4.322005105591288,1.067965205259038,4.983198336880339,5.677256822646046,2.432045644643873,2.366412808434440,3.115084265130850,3.743633443105274,7.330200438666924,2.973608631723791,2.803175151650745,6.987596427008333,2.360529313653398,3.095867602694420,0.853501214151653,2.545621594217463,4.362635085218336,3.805381989439084,
0.294430376577141,0.060643959515571,-0.035964944214812,-0.660985341353188,4.285032388684582,3.955104978531832,4.836260598719346,2.086585473349206,0.859881077399195,3.315260988273355,4.684852790083387,3.747823888354465,4.913342944271760,4.750202200653611,5.463584883372929,1.565186059147681,3.172379063878439,5.771329346737747,4.482277865890558,3.519129821185210,5.259927761222426,5.234017358105109,0.020252302203899,2.994646126106334,4.323103268800051,1.065890221852144,4.978512762317306,5.676741859456160,2.432913464998666,2.367193628479635,3.116787312027597,3.738982331348435,7.324492848983325,2.974688098021866,2.802647077447782,6.988509430498508,2.359598804885910,3.098904367976187,0.851730545580072,2.543336966716932,4.362450938727305,3.805381989438918,
0.291891910334706,0.062743180720009,-0.035084841433997,-0.661992322611119,4.286226060535003,3.953909876400613,4.835709208500985,2.086578217149157,0.860749624062024,3.311208883200788,4.684509357289817,3.747842981605388,4.913241333616326,4.750403880455051,5.462601371850403,1.565555926411518,3.172145733780283,5.771699106197592,4.483064328632129,3.517052649209191,5.264774701427296,5.228617912388205,0.021387351961220,2.993791449711880,4.323882496151859,1.063965926776651,4.974887129707938,5.675976332274297,2.433903810404715,2.368364019836829,3.118688779018401,3.734762262059143,7.319295764841668,2.975608236822883,2.801014250619304,6.989538530239226,2.358293840112220,3.101598977221990,0.849899326600609,2.540931101803587,4.362154708889095,3.805381989438885,
0.289815534427663,0.064604965624551,-0.034350959227995,-0.663077044798776,4.287258902507525,3.952929195333001,4.835551762706678,2.086548820961157,0.861819206682595,3.306769249761050,4.684039454969568,3.747863793996080,4.913239995931598,4.750331600693176,5.461132094085812,1.566014258701573,3.172198944644439,5.771626484939302,4.484151567807761,3.514835231322616,5.268861597491918,5.223330372387075,0.021642824262995,2.992668963722637,4.324506346199244,1.062821446548998,4.972466920219380,5.675541041443664,2.434596221464815,2.369024110299534,3.119370030664247,3.731259929904255,7.314455639425567,2.976263642788058,2.800194541851238,6.990794753819687,2.357472750100226,3.103259170637933,0.848214767433527,2.538595373817721,4.361745759449795,3.805381989438914,
0.287662927113595,0.067232391222906,-0.035270478589679,-0.663681516500608,4.289259922080842,3.950958820240248,4.835325993254974,2.086531620604145,0.865476756092607,3.298385524839210,4.683765718018660,3.747879993124077,4.913532334368908,4.750319298271021,5.459991614418708,1.566280259783596,3.172193253574787,5.771776075394244,4.484349882164143,3.511673818649678,5.271856226713240,5.215064242182081,0.020427389462145,2.991549680371146,4.323781341361721,1.059848020178342,4.972007756903276,5.678962054936643,2.434023120773394,2.370235040593996,3.121545094032784,3.728256706809685,7.309380565443260,2.977128188002233,2.795173901015624,6.989364935448672,2.356047796171261,3.109187744613192,0.844930831368835,2.534089120812600,4.364188125930039,3.805381989438706,
0.285298618332777,0.073207138524854,-0.036402398011810,-0.665562317920988,4.291073223231883,3.949146575281921,4.834921799880951,2.086525632883441,0.868301537867389,3.290590618775975,4.683146054021240,3.747899157345087,4.914042782255621,4.750483112578100,5.458547173662669,1.566933634622094,3.172003434252394,5.771416612203367,4.485090940963535,3.508936770960136,5.275275110791880,5.204273632695205,0.017820948714159,2.990263729430237,4.323182395056347,1.057372386964807,4.970612894036960,5.680246157396650,2.434429100179052,2.373147802842995,3.122515135737145,3.724953264998899,7.302046013776834,2.978528323514734,2.791426723153873,6.989562229838024,2.352898433342696,3.116495100321644,0.840739710627135,2.528888100105918,4.365035160076477,3.805381989438581,
0.283184773836871,0.079943930209346,-0.037302803511577,-0.667250042176206,4.292781762988606,3.947399744839752,4.834256740295777,2.086542085720411,0.871305321803397,3.283127308612065,4.682384197037826,3.747919257827399,4.914779962848278,4.750838380784614,5.456798894284862,1.567704865468340,3.171609970659733,5.770893269107758,4.486181063946092,3.506065688533383,5.278203212745016,5.193626461583723,0.015923295640944,2.990639216772673,4.321517539696253,1.054076429483292,4.967970979094824,5.681424898808090,2.434844761616195,2.376018267180426,3.123048304366126,3.722897813680376,7.294383173457363,2.980514996738043,2.787076765088297,6.989946706345670,2.349785157165356,3.125222783064976,0.835776153332229,2.523204201806927,4.365679168268689,3.805381989438563,
0.279816833446892,0.084114461933298,-0.037270155587273,-0.669472640709566,4.294202356102231,3.945953150573275,4.833681282321121,2.086558428704531,0.873748294920961,3.276462076513393,4.681954749889426,3.747934783432177,4.915192746077896,4.751130936712169,5.455895957611717,1.568147864725591,3.171289942384171,5.770979930512857,4.486515600680733,3.503118404955213,5.280030688831495,5.184577808741565,0.013976021379806,2.990707069844703,4.319703507289842,1.051516330472948,4.966610631890524,5.681255091608910,2.435614881243445,2.378020952684619,3.124088608743568,3.721780658223995,7.287999191619914,2.982252014695500,2.782699050116345,6.990745273812315,2.347527789778184,3.132726040107315,0.831520246006986,2.518326935819824,4.365891822777331,3.805381989438474,
0.277291078483283,0.087258425112967,-0.036836112271454,-0.671269138955856,4.295244496151347,3.944926193815850,4.833079902490956,2.086578371347069,0.875118528069303,3.271941804549363,4.681815020306869,3.747946276964772,4.915432034357851,4.751468411781619,5.455294232023627,1.568333398107502,3.170925318100370,5.771256146092113,4.486742064163604,3.501813464140267,5.280717990985277,5.175769053834104,0.012402400584300,2.991132389865992,4.317953975162906,1.048519708237054,4.964051409141169,5.679878447230707,2.436809507928841,2.380124751642667,3.125528044142113,3.721347513446313,7.281468392745736,2.984189012988377,2.778529351037344,6.992224062342151,2.345226147085476,3.140290922000192,0.827405330805736,2.513774094093566,4.365266313227010,3.805381989438281,
0.275499144971380,0.089140557246913,-0.036140634520868,-0.672868104948755,4.295947472112157,3.944473677808133,4.832584856900452,2.086589620757662,0.875399941228062,3.269750884044882,4.681538629383762,3.747958342071149,4.915450774163893,4.751727423918878,5.454445199525235,1.568600296516371,3.170644756420212,5.771444948424296,4.487428494116180,3.501873594169608,5.280527289745014,5.168606306691307,0.010916983551834,2.991408909265466,4.315761320681248,1.046468856030546,4.962797730015565,5.677261243002543,2.438394751723290,2.380600100011338,3.126132230243701,3.721642991187473,7.276497072248977,2.985709162823123,2.775137664020630,6.994529172237678,2.344511297725413,3.145917985789111,0.823881518326891,2.509930875120131,4.363787881836616,3.805381989438141,
0.273925899450856,0.090594327226475,-0.035454790108860,-0.674295273151101,4.296336379937848,3.944406738734270,4.832109270074840,2.086603474574722,0.874543046185325,3.269520277391269,4.680934285130768,3.747972283573687,4.915178223645258,4.751980520448538,5.454290307559292,1.569126793828699,3.170374994691442,5.772076852181216,4.487717817345368,3.503280508394519,5.279465272732308,5.162816985267479,0.009661673449875,2.991502511951895,4.313759777711233,1.044654920798315,4.961784559913583,5.674093612439576,2.440095454360582,2.380647683894954,3.126274882188072,3.722817904707071,7.272713013955490,2.986651285976951,2.772337353941166,6.996992929514360,2.344233441432703,3.150325071041160,0.821455246597849,2.507252111535617,4.362006846138296,3.805381989437926,
0.272371120822694,0.091970953641563,-0.034916455981107,-0.675560016155130,4.296662719879563,3.944637995563864,4.831679234539566,2.086616554994808,0.873632889540065,3.270195390002704,4.679875550518537,3.747988672206422,4.914608170100918,4.752199173117975,5.454938774585742,1.569959922221755,3.170141775969816,5.773421622869922,4.487262912084032,3.503693831312799,5.277035354020896,5.157302206824248,0.007990720782943,2.991395187026863,4.311912362111056,1.042445833226981,4.961125977453515,5.671009695645360,2.441691692403747,2.380506176164924,3.126966570374626,3.725843184606080,7.268964339794908,2.986208047665989,2.768896569774512,6.999115597218114,2.344215351390122,3.153742685932470,0.820794154479576,2.506235576745075,4.360462049285098,3.805381989437808,
0.272035107744445,0.089397933782663,-0.032579094005529,-0.675548061706090,4.296882859419521,3.945044904784853,4.831403573280464,2.086616613065467,0.872532138876543,3.272460917560493,4.679025475914689,3.748003162407208,4.914083563546003,4.752297044638839,5.455092702745343,1.570607029500693,3.170034445077698,5.774375424007236,4.487354355634559,3.505924016612111,5.274355684954753,5.155410178506989,0.009397572843328,2.990622823857359,4.309614168806434,1.041237804089741,4.961510123710339,5.669559952992559,2.442309860533100,2.377375598930391,3.127625362359636,3.729049907117272,7.268112290438232,2.986532552172606,2.765509654998191,7.000020512147799,2.347173816179859,3.155380286428715,0.819313625686702,2.504504746254993,4.359900373622314,3.805381989437914,
0.271710889021745,0.087128179721151,-0.030302571621610,-0.675531744563206,4.296982573328184,3.945710837370524,4.831041811335369,2.086638061284964,0.871363941901124,3.275197555301986,4.677206867441267,3.748016799927998,4.913294017862514,4.752392280859769,5.455589325417642,1.572244749202162,3.169935772341408,5.775664613434444,4.487177079103135,3.507504148659985,5.270565160141294,5.155586655972528,0.010201290242763,2.990197097622330,4.307406295716900,1.040363647466876,4.962857563564399,5.668093170853541,2.442937067713771,2.374021258832663,3.128735693230320,3.733733720175408,7.269273841597604,2.986253053329615,2.761819533387367,7.000924420944113,2.350339374454253,3.156429098764167,0.818898956281041,2.503734444982435,4.359369264077229,3.805381989438128,
0.271518119499841,0.084747054174982,-0.028416674014443,-0.675495543187751,4.296962562554887,3.946504563566497,4.830725139511974,2.086654002446564,0.869908772223841,3.278236900350405,4.675327225592539,3.748028087921348,4.912403097178222,4.752502947134446,5.456165826254313,1.573969111888201,3.169823282259152,5.777013284608841,4.486986742108494,3.508857728442096,5.267132326244701,5.156914061057134,0.010950599061292,2.989744119239742,4.305510828778155,1.039852475751685,4.964457490218160,5.666959369334606,2.443356163207942,2.370466094123978,3.129895362857742,3.738817296803643,7.271622025511302,2.985478672347825,2.758085287963423,7.001743771290367,2.353724385410481,3.156594030699202,0.820009758772611,2.504424062311986,4.358890185986346,3.805381989438265,
0.271710424809680,0.082134966338652,-0.026691197864199,-0.675258824396839,4.296848639676225,3.947512509286232,4.830336417657234,2.086689728606285,0.868486138235369,3.281639934137192,4.673646637759909,3.748038190903265,4.911394573147379,4.752648808019062,5.456921562586977,1.575488771681721,3.169678801012696,5.778491422769234,4.486571365162574,3.509541336976527,5.262880224017596,5.159323307835080,0.011629482077985,2.989508186392206,4.303837009344716,1.039031476568978,4.965800316432522,5.666212156653464,2.443484857155354,2.367243199864440,3.131200715618439,3.744903367660112,7.274794007590121,2.983779526514521,2.754540611385941,7.002503346428756,2.356802216029690,3.156294173549501,0.822326603627486,2.506304886845719,4.358398054410235,3.805381989438412,
0.271490942792526,0.080275307378222,-0.025458816127128,-0.675245210734446,4.296782198785883,3.948492998916115,4.829816430354104,2.086742622138241,0.867297872600232,3.284915098032939,4.671537202105410,3.748037924743481,4.910365258331624,4.752937487051815,5.457953903768985,1.577433473095024,3.169396845403062,5.779944216602379,4.485991056370488,3.509588587858298,5.257927617459828,5.162014315863694,0.012212513302923,2.989386401962543,4.302038101126510,1.037986918449791,4.967366661917940,5.664945020787984,2.443809228883623,2.364230116388476,3.131898027472211,3.751245945840409,7.278241321726261,2.982350869008650,2.750645579316261,7.003506887714062,2.359651988742248,3.155263390977264,0.824381530988375,2.508067475532711,4.357642837358505,3.805381989438630,
0.272250594580085,0.079529250830846,-0.023274533437059,-0.674842140524593,4.296668411336451,3.949427536224007,4.829169686638993,2.086816720656274,0.865970861442558,3.287858241542718,4.668532266116921,3.748007325767367,4.909469816691749,4.753330914665726,5.458842014967070,1.580070148866277,3.169005810511458,5.781535101224698,4.485460330448243,3.510124677537104,5.253086875819524,5.164275973918839,0.011851912359629,2.988547667115199,4.300434104064818,1.036877532179242,4.968537756103749,5.663859797320453,2.443964338905493,2.360395320191978,3.131577573019236,3.757312092381894,7.281773910237929,2.980557314940020,2.747127544617662,7.004578542279024,2.363290159687137,3.153267725333093,0.826847091071664,2.510111296348359,4.356918883326060,3.805381989438992,
0.272926719027281,0.076378790222018,-0.020723629019505,-0.674507947092898,4.297766282698922,3.949357116870573,4.832404653880131,2.086150217166082,0.867826282029104,3.290816809671050,4.666784037838354,3.748009014003263,4.910108975688648,4.751138286579004,5.455065597908321,1.581515776265542,3.171199661974494,5.777420955903134,4.487830579147420,3.511681992115990,5.245846899907687,5.166129426300906,0.012726493094958,2.984867481620483,4.295646186641635,1.036927508869181,4.971586386588928,5.660191673667275,2.445525081936658,2.353126654491543,3.131637444503594,3.761232384716159,7.284854472003139,2.978458561914601,2.745704704947442,7.006738097424715,2.370331559122114,3.153879161119026,0.826030988247082,2.509581096472591,4.355326954096921,3.805381989439177,
0.273794709715791,0.073482566692595,-0.018932962070756,-0.674053122664854,4.298889747825461,3.949129870858464,4.835277833382213,2.085557355774811,0.869279810944963,3.293666233780834,4.665155164063152,3.748008674031690,4.910724847317670,4.749152959902642,5.451543022229734,1.582870163526090,3.173186079646849,5.773664073823991,4.490125338487077,3.512934636851474,5.239691182109718,5.167751648587899,0.013958949428661,2.981587341650422,4.291544315506185,1.037458515064837,4.975035906543100,5.657447092384158,2.446806378327604,2.346526512292431,3.131386165540026,3.764460281155456,7.287722732040777,2.976542806262733,2.744348520124914,7.008475905969795,2.376733270608048,3.154452841220522,0.825582557847167,2.509298553273980,4.354140092056152,3.805381989439435,
0.274907225689148,0.070993064748943,-0.016819270074668,-0.673072822239163,4.300034716126168,3.948815444747863,4.837790555575205,2.085026940997957,0.870555533896105,3.296244461711160,4.663625340916397,3.748005045151392,4.911109475429427,4.747421753409490,5.448247290748911,1.584137155017622,3.174916676194380,5.770294799468615,4.492447770710212,3.514324532542544,5.234833623495143,5.168668118855972,0.014117457068990,2.978135482895269,4.288246200906682,1.038043545297158,4.978380985973300,5.656095870940850,2.447611024615476,2.340643225333692,3.131333059492820,3.766699199459970,7.290003347035532,2.974313022791827,2.743294787151973,7.009460692278455,2.382434642127988,3.154895202192910,0.825864648179763,2.509558137214066,4.353720401766923,3.805381989439656,
0.277243558941295,0.071338683172413,-0.014124477759333,-0.671516309002653,4.301070469292096,3.948513123884315,4.839955342226826,2.084554322727712,0.871474696926956,3.298722571396555,4.661491481449928,3.747965465497346,4.911596063554871,4.745925825431482,5.445276565114566,1.585967891145666,3.176416684488704,5.767608479034197,4.494412058514603,3.516522317633823,5.230340591668699,5.170395407364177,0.014018221101645,2.974943179010212,4.285085273504069,1.038285896119632,4.981121489844032,5.654960526466403,2.448307378840934,2.335380969407646,3.131361086741050,3.768311502686839,7.293224447234291,2.972622343918526,2.742335921140528,7.010438789552774,2.387518376585986,3.154203618677737,0.825907220461934,2.509575630427285,4.353295503882846,3.805381989439800,
0.279548769117104,0.071267212253491,-0.011804266388055,-0.669987228432107,4.302208117489427,3.948260484960675,4.841914776900770,2.084132294917492,0.872694007060216,3.301153703055447,4.659282303869408,3.747923958479487,4.911798394833144,4.744586483466144,5.442852773622397,1.587932370092703,3.177763802960868,5.765415851288357,4.495922920496555,3.517544559035609,5.225733703701166,5.171066532439791,0.014710726467980,2.972036791690058,4.282509283951117,1.038573018371531,4.983657864101807,5.654178440508945,2.448889949102073,2.330222908212303,3.131264043736003,3.770238011263318,7.295437911368933,2.971258396921200,2.741594373416727,7.011104777919826,2.392527344865684,3.153285426239059,0.825987292905281,2.509653925511825,4.353140651599337,3.805381989439922,
0.281626310929367,0.070914344940261,-0.010011257515925,-0.668502758742961,4.303326290973755,3.947941009643000,4.843580320171837,2.083744537350960,0.873537433797102,3.303474172366376,4.657414755795418,3.747891627621972,4.911917614669789,4.743403406266207,5.441257059379767,1.589581519884506,3.178951229565296,5.764015388528182,4.496639288898350,3.518791271944917,5.220654165769274,5.171922189171369,0.015220450937496,2.969025938947802,4.280336079241104,1.039272927844076,4.986061602020571,5.653141612925876,2.449444233056056,2.325216692056897,3.131177618082911,3.772249362685634,7.297694200831875,2.970099184300215,2.741933666317077,7.011881924114236,2.397400683774781,3.152249266151703,0.826333807229910,2.510030535939078,4.352800883262692,3.805381989439995,
0.283878117114355,0.070198715970800,-0.008706364953279,-0.666884151102857,4.304549452411810,3.947467888389287,4.844941718784822,2.083362424436913,0.874894762894131,3.305177389443341,4.655510379757404,3.747854682843306,4.911996951260502,4.742364585754431,5.440191852093053,1.591305864703621,3.179986109503241,5.763054021267185,4.496991612455853,3.518668731596391,5.216777249172805,5.172692256840637,0.015901642932117,2.965967309644810,4.278956097197428,1.039890230790677,4.987216783584535,5.653212835827061,2.449581622717524,2.319785899563986,3.130858061829569,3.773507847731122,7.299711048292010,2.969129415977045,2.742533720610976,7.012010219240761,2.402707320084977,3.151723535471670,0.827121117415114,2.510876964796685,4.353058956394402,3.805381989440053,
0.285903271869498,0.069416894493767,-0.007595578338853,-0.665167253381148,4.305660006438562,3.947148748099539,4.846100418135537,2.083009632938552,0.875754742615768,3.307333510917158,4.653588242553352,3.747810119286088,4.911890953582524,4.741409715303817,5.439535851945603,1.593071304994205,3.180942901140935,5.762458502562143,4.497230400281714,3.518907015122393,5.213360924319085,5.173821085082378,0.016665845795482,2.962474538281996,4.277993329447810,1.040645373957593,4.988081914904383,5.653595919448198,2.449628510512317,2.314658725068692,3.129962499531630,3.774579360257404,7.301979902001016,2.967974557261617,2.743476901117058,7.011765862339439,2.407769966249193,3.150766605726904,0.828478703990787,2.512212180758416,4.353590928556423,3.805381989440048,
0.287941203839534,0.067859197283882,-0.006451652862268,-0.663936217409502,4.306596832215361,3.947066441474641,4.846965362559688,2.082649787891319,0.876351323481988,3.309329712559086,4.652094584836666,3.747787273990367,4.911829656297768,4.740601275683900,5.438997272465268,1.594427287888260,3.181751943781502,5.762043339121639,4.497245594486869,3.519185589342690,5.209793169940308,5.174907050919191,0.017421637225564,2.959389086916469,4.277010695744714,1.041505238476119,4.989327279697477,5.653435000547955,2.449837891463948,2.309998983494250,3.129403729989281,3.775086706726160,7.304123369720405,2.967339192713872,2.744540445887160,7.012057921777253,2.412384367977571,3.150029161835473,0.829351519746652,2.513106227062120,4.353569383026197,3.805381989440069,
0.290785161044612,0.066280307809558,-0.005346378804593,-0.662518052712934,4.307611299624491,3.946788301650176,4.847654423051908,2.082298845110637,0.877335620285756,3.310272316180011,4.650778430557081,3.747770204532219,4.911971028844139,4.739928072126123,5.438313188338696,1.595628975443491,3.182417462126400,5.761487097668344,4.497266491486662,3.519677716322348,5.206237113501936,5.176700033059979,0.018649754220353,2.957412174836881,4.276072975807398,1.041189317895824,4.989077602131169,5.654616192156254,2.449484235246786,2.305027078765828,3.128810654037498,3.773832303474741,7.306780364776872,2.967650083683433,2.744379182854679,7.012160482099180,2.417283282839135,3.149730856178802,0.828575167230522,2.512390900085883,4.353873455855577,3.805381989440302,
0.293347724507496,0.064954094372789,-0.004514287024028,-0.660888356078214,4.308844520278308,3.946137221878297,4.848313104244350,2.081994396706184,0.878533628465986,3.310639521042166,4.649733426174299,3.747757484867103,4.912284688436876,4.739268189804680,5.437274725901334,1.596542151014658,3.183067705781288,5.760709311542911,4.497621180378848,3.520267355684433,5.203949577154265,5.177859053493325,0.020302877067707,2.955105524763334,4.275599235620183,1.040930490465944,4.988945015935276,5.656670098539137,2.448943944902500,2.300553390870776,3.128404295693881,3.771485297438841,7.308873896923569,2.968209878044216,2.744598520970038,7.011762523548257,2.421673984363721,3.149364422802892,0.827337096889436,2.511090167491273,4.354691895886655,3.805381989440623,
0.295317197704972,0.064003296401043,-0.003929857302642,-0.659623126011761,4.310017175679178,3.945361947074812,4.848855752227420,2.081709586727036,0.879450400949583,3.310928018050832,4.648720762160084,3.747739960075750,4.912579727681818,4.738708873920872,5.436443617526114,1.597434390466007,3.183618872680514,5.760226133283468,4.497912185760010,3.520606642615088,5.202876148782387,5.177449392442152,0.021227349312103,2.953393151708345,4.275454637749319,1.040811756803740,4.988718693318362,5.658731155608407,2.448522163070952,2.296871541712757,3.128259142305395,3.768183217955772,7.309364060916245,2.969131270755491,2.745204672043175,7.011295748869599,2.425305612607441,3.149134079367014,0.825824413066743,2.509572281886193,4.355595201257910,3.805381989440810,
0.296542702269459,0.063220547278065,-0.003202041149704,-0.658648656578449,4.310915641725447,3.944946598685856,4.849268895061148,2.081426975515259,0.879825289208849,3.311470339817089,4.647769727146242,3.747721081148658,4.912659461753034,4.738239535511036,5.435857415059999,1.598274052477827,3.184083930827170,5.760176017772755,4.498114640114898,3.521154457152304,5.202501617701543,5.177273471711947,0.022588670643574,2.951508905350229,4.275743720703296,1.041172705586759,4.989440679766673,5.660100876859985,2.448309739319255,2.293644083228639,3.128483479750006,3.766429195839065,7.310176672480644,2.969458049008319,2.745110693737721,7.011005567307118,2.428467801402857,3.148833513923640,0.825726229874882,2.509341696665228,4.356321637336894,3.805381989441058,
0.296760411722767,0.062085274529105,-0.001614565991865,-0.658224814549532,4.311632910585305,3.944603128826579,4.849594648224837,2.081159738505576,0.879788408107024,3.312031579295930,4.646829382927192,3.747698187058001,4.912681709489399,4.737835673133269,5.435828264739026,1.599110396055375,3.184487933745427,5.760595913667713,4.497834201776514,3.521546719996055,5.203075652788502,5.176838203190818,0.024642290837757,2.949903594696421,4.276422703318072,1.042128012536174,4.990877350191073,5.660793084222663,2.448432260832438,2.290478893252316,3.130142034071450,3.764181757028044,7.311496535127632,2.969969599983317,2.745399333332773,7.010940914442320,2.431514950126052,3.148236558427477,0.825303482104493,2.508762300282339,4.356825868276063,3.805381989441409,
0.296917967960029,0.060490751913007,-0.000246028467583,-0.657977524427820,4.312231887330589,3.944387769737737,4.849938048547799,2.080943817279778,0.879604591813872,3.312480048993138,4.646061800116283,3.747674699800238,4.912707583067433,4.737500544417765,5.435710109396203,1.599763953307820,3.184826640579990,5.761049638731206,4.497705045193702,3.521627386837416,5.203681847743968,5.178558634021978,0.025815453936504,2.948921465446282,4.276623720683533,1.043619270034747,4.994033994987360,5.661133652415134,2.448660665960786,2.287288981248481,3.131935184718145,3.762227593286297,7.314684569102101,2.970414452660464,2.744976824057728,7.011185909816371,2.434526632371085,3.146536076751238,0.825232614175956,2.508466172910933,4.357001491792548,3.805381989441706,
0.296908906795949,0.060092118215465,0.001268222882423,-0.657695721817789,4.313200872257656,3.943772091072608,4.850138021186601,2.080730750777084,0.880476457790862,3.311342855541394,4.645212653589741,3.747639120153131,4.912894097187917,4.737295873280141,5.435323460798180,1.600518619956932,3.185026833001166,5.761330619284635,4.497646701111266,3.520733723905991,5.205334625183109,5.178816546978622,0.026181092609943,2.948793077462923,4.276752821633899,1.044437830925072,4.996567262610631,5.663081107133526,2.448367347268681,2.284656542376821,3.133581904472121,3.759365625189856,7.316586849332387,2.971342495179856,2.743519710782005,7.010538242011851,2.436977881427920,3.146527056083880,0.824488358164515,2.507356839683196,4.358157282212684,3.805381989441968,
0.296764659050912,0.058980809281081,0.003664286904071,-0.657351702427648,4.313978003641223,3.943077540270069,4.850155370900009,2.080485042162241,0.880716503148296,3.311067424928911,4.644462040634434,3.747611813512950,4.913268206491642,4.737086451929397,5.435528676127976,1.601191567409874,3.185233042920826,5.762223788858138,4.497111299537375,3.520376941683465,5.207195806706683,5.178481961608042,0.027336687577410,2.950039437192277,4.277137794701949,1.046504842526295,4.998665462824346,5.664882081968099,2.448213454625282,2.282223343417794,3.134110310983797,3.756416565215201,7.318183446573334,2.971961465923372,2.742614004754585,7.009775469834378,2.439332118014104,3.146201816079953,0.824509010556246,2.507166846164683,4.359326489800552,3.805381989442255,
0.296309650212874,0.055843767553166,0.006164086841611,-0.657480527972164,4.314860182702572,3.942272704225910,4.850382531782882,2.080374850644258,0.881170492570908,3.310035779615577,4.644622528727820,3.747661358389825,4.913373379932467,4.736789487755835,5.436160724743742,1.600957214584558,3.185544127008801,5.763069907963064,4.496153884568062,3.519887456691142,5.209227642260088,5.177927485007199,0.028497129556898,2.951281432699524,4.276969875618152,1.049049319959435,5.002148077135748,5.665876228870999,2.448382441555770,2.279465020890405,3.135201862678805,3.753322356070038,7.319237448441625,2.973160967195264,2.741617776395503,7.009412888888231,2.442000206519189,3.146071097025330,0.824135476081829,2.506634696558613,4.360091195161339,3.805381989442546,
0.296093347265082,0.052890626718867,0.008259804188904,-0.657613132524793,4.315656166385998,3.941539247231612,4.850429644288025,2.080207115724428,0.881584851502839,3.308770545467154,4.644940321719178,3.747721293817935,4.913532038835565,4.736559706424069,5.436784172219712,1.600563282232839,3.185783628147824,5.763997214721243,4.495172864870914,3.519236984862327,5.210648962090682,5.177214999813341,0.029830670436467,2.953044576408236,4.276626451061174,1.051498421169468,5.005760395129826,5.667044519251093,2.448394045176638,2.277400388558055,3.136302720954164,3.750927157593795,7.320038790183180,2.974076813216629,2.739756702778134,7.009201467330763,2.444001217989518,3.146581832054063,0.824195691901074,2.506473561229337,4.360772376678049,3.805381989442873,
0.296165957953449,0.050384311046348,0.009325133189835,-0.657728302000913,4.316393436086416,3.940907472212447,4.850454259137315,2.080056447523226,0.881785706309677,3.307898944534452,4.645075759931838,3.747761825260337,4.913564697139949,4.736352731081600,5.437587112080525,1.600358894673716,3.186001883904476,5.765029594309527,4.494097105257210,3.519368733288508,5.210649163605588,5.176393177044561,0.030597098429618,2.954994124900033,4.276176018338870,1.053283587377462,5.007880156363739,5.667149441665118,2.448788393783850,2.275781920454181,3.137877797755967,3.749589472007366,7.320297547994152,2.975656973357663,2.739139468945594,7.009511898165163,2.445587535544483,3.147120791774866,0.823225371746617,2.505446664561405,4.360918101007952,3.805381989443182,
0.295790170962167,0.048026870281106,0.009803044412824,-0.658053937434806,4.317126501403671,3.940201223164488,4.850418195559683,2.079910409388968,0.881878859371718,3.306488974249965,4.645223817015345,3.747796196021207,4.913536099013311,4.736222003158574,5.438655613499230,1.600112304523336,3.186140957198209,5.766322378509657,4.492878231302540,3.519417216699270,5.211026458647800,5.175225233537197,0.030680603641501,2.956908693542081,4.275472783925637,1.054515961460821,5.010179019794787,5.667420677427885,2.449115537182342,2.274170310361831,3.138669874302302,3.748038026421554,7.320240429145233,2.976980839344312,2.737733328447769,7.009754030905680,2.447124316072879,3.148201994823576,0.822549233683953,2.504624205134007,4.361127329389318,3.805381989443582,
0.295404768855282,0.045572454328364,0.010300220252827,-0.658305511110762,4.317787450027222,3.939737229450447,4.850295580475756,2.079741274761144,0.881801336785984,3.305432475239053,4.645383464656022,3.747832308366572,4.913170991370122,4.736098395092537,5.440203941721776,1.599868446635493,3.186276080891570,5.768065204525750,4.491293558837816,3.518947862408130,5.210641648310401,5.175376726727211,0.030798342726963,2.958448656089393,4.274856196800470,1.056448464616526,5.013705354379111,5.667719524264684,2.449358229425719,2.272432815573133,3.139458903414179,3.747892826520247,7.321508722230125,2.977629216325710,2.736048226711262,7.009926434337881,2.448776765090810,3.148343950336926,0.823165498442553,2.505026794860763,4.361370597746442,3.805381989443902,
0.295261952818022,0.043650650506090,0.010724333694274,-0.658460871389514,4.318456595033533,3.939266656652745,4.850061717555771,2.079539464979529,0.881766308187551,3.304325912202279,4.645710823547416,3.747877671116354,4.912802829788963,4.736021419817937,5.441473268770432,1.599454302220570,3.186364298564588,5.769591939003107,4.490033955100409,3.518268037825682,5.210154836892147,5.175700685594349,0.031074943638869,2.959729529989027,4.274229691480710,1.058358586272623,5.017198929490710,5.668282923658190,2.449502179436795,2.271587968080454,3.140120196134199,3.747872440133587,7.322914492735214,2.978175440030300,2.733873047837364,7.010138313620029,2.449567010491426,3.149301339812906,0.823890757913775,2.505504976046184,4.361650680512763,3.805381989444258,
0.289946687797646,0.041888138774983,0.014971377822512,-0.662467725763688,4.318723109248640,3.938992395810122,4.849767389923296,2.079325528920903,0.881250810030358,3.302910192010740,4.645927810605329,3.747912651600488,4.912525561802857,4.735930516714210,5.443088223810912,1.599171435788893,3.186465867306980,5.771471715192567,4.487858103668173,3.515828059731715,5.210414380308773,5.175213295518452,0.030784606942995,2.961025913916347,4.273097716764223,1.060066681618005,5.020104074646589,5.664508209219915,2.451281900633377,2.272303518387762,3.143095962491600,3.747187828389953,7.322846981447518,2.979475827527784,2.733408083452476,7.012753311260031,2.448753349863969,3.149986482523971,0.823294522119591,2.504847347449110,4.359495991736845,3.805381989444631,
0.285088727215423,0.039978168931216,0.018396106935987,-0.665955770915722,4.318955400608893,3.938855069228286,4.849471807867944,2.079132576853362,0.880473582291981,3.302099324876216,4.645725026973821,3.747918575720671,4.912168878091170,4.735838222479871,5.444466071129177,1.599329109561137,3.186574962888814,5.773228147641082,4.486089380667784,3.513730355061756,5.210640775007609,5.174511898560779,0.030987180994570,2.962262509538570,4.272349558431551,1.062074532110337,5.023162145106498,5.660964427104162,2.452945710540473,2.272198126467369,3.145718201123348,3.747040363638509,7.322612642879665,2.980275990701894,2.733301982488632,7.015111944000574,2.448811122880881,3.149467182235175,0.823364349865524,2.504821307679023,4.357557650881628,3.805381989444858,
0.280607471230133,0.038469760415991,0.021865852004057,-0.669075872193203,4.319239071957846,3.938840749374193,4.849063323519871,2.078913351894150,0.879686957491357,3.301972651629964,4.645781651692849,3.747949485733460,4.911740812882488,4.735878500123853,5.445807651589964,1.599266024882054,3.186546637066070,5.774959767530529,4.484525854933506,3.511374790365464,5.210417632358945,5.173268193631050,0.030783049044456,2.963156250202629,4.271946477312766,1.063639044160541,5.025155987962977,5.657550013058082,2.454582484490675,2.272466153887220,3.148885474110258,3.747776170596778,7.321786010444200,2.980554151796166,2.733358226729010,7.017251862780117,2.448583461906523,3.149554945994897,0.824111137447185,2.505483782940853,4.355786939325205,3.805381989445169,
0.276671744958279,0.037168260031236,0.025112074877054,-0.671956024594111,4.319558606924494,3.938815348840834,4.848672627127847,2.078705023984663,0.879071543779668,3.301895502189251,4.645847782602137,3.747979319994552,4.911259006384045,4.735930491750112,5.447484381984999,1.599199607407041,3.186504626081376,5.776884583118147,4.482683493288796,3.508766928557607,5.209815931674553,5.172852894372787,0.031692448487613,2.965020833754085,4.271476808173361,1.065127191715294,5.026860164957667,5.654182132270156,2.456220621724628,2.272678844451671,3.151670666922251,3.748224473773845,7.321404690766896,2.981058238873850,2.733376887225039,7.019286672303410,2.448426778432690,3.149939380741003,0.824351730760308,2.505732441703869,4.354068924085269,3.805381989445467,
0.273268047748152,0.035961885568664,0.027974931397010,-0.674419660743061,4.320042018495887,3.938501361486221,4.848199527239428,2.078490395477282,0.878707071940275,3.301185396926726,4.646016992245223,3.748024190380930,4.910846958123757,4.736089640967646,5.449215415513933,1.599082083964104,3.186350216547829,5.778857719440367,4.480824155218700,3.505881175852541,5.209374777130665,5.172979330466227,0.032012423963299,2.965482180229093,4.271709063118752,1.066519496570002,5.027006012946630,5.651740091965074,2.457369226196464,2.272736350706107,3.154009466271908,3.749070812204124,7.321671085972401,2.981150557077481,2.735049489158806,7.020988585709880,2.448393845514221,3.150318933538837,0.825356805805476,2.506760600805788,4.352660724007090,3.805381989445718,
0.269831232221221,0.034497926356844,0.030052029869279,-0.676626781334220,4.320616286666447,3.938136265404995,4.847679704567641,2.078273564873081,0.878590334194949,3.300378463603082,4.646035016281624,3.748052140173384,4.910401534450751,4.736320504195611,5.451082459599940,1.599110904176927,3.186116354685820,5.781021206430490,4.478817934623492,3.502296960631605,5.208956154758225,5.172281180646192,0.031817595514669,2.966011333362867,4.272726260937295,1.067655876740803,5.026293254211964,5.649822843550762,2.458242793179456,2.272464746847418,3.156069049852400,3.750250215912569,7.320983898521461,2.980769412484495,2.737417160530896,7.022330422089271,2.448663078813741,3.151219008901808,0.826965707385136,2.508428370529361,4.351575105903658,3.805381989445955,
0.266899200750901,0.033028626225784,0.031918512813828,-0.678322378896219,4.321531822699770,3.937458074535317,4.847304205677033,2.078118330765776,0.878963206069825,3.299328353726289,4.645958710955266,3.748079799946639,4.909951942309873,4.736521733252609,5.453114003734727,1.599259483243495,3.185910425438612,5.783291994752515,4.476479185797473,3.498037681775507,5.208648758056555,5.171648052468541,0.031031354225773,2.967006800483109,4.274088479739826,1.068962183171352,5.025485944504371,5.648882301603250,2.458783477410497,2.271837411205894,3.157643095137751,3.751010880004837,7.320065193884828,2.980869306512294,2.740165952945226,7.023032537638636,2.449294919321965,3.152281600385745,0.828076286168683,2.509669635117856,4.351123235096949,3.805381989446158,
0.264745830565800,0.031850948791588,0.033681150842573,-0.679489078464712,4.322525670785458,3.936668244533709,4.846963069534358,2.077986574144238,0.879635918659474,3.298005826724199,4.646167434502983,3.748132080562139,4.909589018164252,4.736701129285446,5.454484020344670,1.599135544695263,3.185729943799436,5.785093591336069,4.474678412182818,3.493944251716611,5.208530680447807,5.172107906714379,0.030197876982119,2.968137774437839,4.275457168563744,1.069795964331708,5.024158568395293,5.648981094274989,2.458828663669986,2.271915111425631,3.159253780358763,3.751679036789634,7.320410182346111,2.980903725946653,2.742900251444071,7.023483380955188,2.449218042209452,3.152653637595492,0.829372490161738,2.511005216388845,4.351015779610344,3.805381989446377,
0.263630646244893,0.031093107621220,0.034729931161723,-0.679316837402708,4.324096436655396,3.935234856067030,4.846855155118266,2.077965695056518,0.881491399780330,3.295664289324068,4.646428500124031,3.748188668183650,4.909554108030258,4.736794399275768,5.454693845873349,1.598945448036348,3.185640517608400,5.785835685089654,4.473976648377995,3.489394428690349,5.211324691082453,5.172647934378203,0.030089907607213,2.969401366021624,4.277461104669173,1.070998284783118,5.023418222977538,5.652341410039187,2.457941685466577,2.271509484810743,3.160518952704758,3.749238625399600,7.321049362678742,2.981608107161319,2.746042956048210,7.022025418343415,2.449614005640616,3.151221241069299,0.829689375337800,2.511152617959033,4.352898670483738,3.805381989446292,
0.262593489762145,0.030268543158455,0.035608397610057,-0.679276333643462,4.325547191331607,3.933859985003719,4.846750795867386,2.077968409044154,0.882940019850187,3.293471928109502,4.646278858343646,3.748202846338932,4.909484972520984,4.736907892261809,5.454800609302435,1.599143598240637,3.185540996218135,5.786646914063904,4.473434267531633,3.485441569130047,5.213675936763599,5.174526157712503,0.030144600531602,2.970721831968175,4.278748195523963,1.072118933654488,5.024169381824084,5.655402342158011,2.457276441814911,2.270800589789403,3.160947833491349,3.747254873823534,7.323116191374049,2.982097637958898,2.747919506416724,7.020885432857653,2.450275070586634,3.149518355096148,0.830118697290531,2.511229928487541,4.354497992974149,3.805381989446118,
0.262520773496755,0.029521983060843,0.035679045458825,-0.678980801085251,4.326758667645323,3.932810958557946,4.846549187686362,2.077934013904205,0.883834384585312,3.292086190069724,4.646219205051110,3.748208220604654,4.909645606994618,4.737017731688427,5.454071002311917,1.599214037014280,3.185443126149521,5.786745237830250,4.474037251426932,3.482272230794495,5.216780459015367,5.176623423527222,0.030195417477797,2.971870739955363,4.279705615487580,1.072656685566928,5.024077253321793,5.659051124459536,2.456425177710087,2.270480687591730,3.161778933725166,3.745319628346909,7.325502200810786,2.982700963235661,2.749064446788935,7.019992375799336,2.450487134576895,3.148586160666951,0.830579379049529,2.511296514700866,4.355855437496271,3.805381989445902,
0.263136682147925,0.029356530285445,0.036606872247480,-0.678008990762089,4.327996284775799,3.931743012686156,4.846401344925510,2.077908681981824,0.884458279294599,3.291774329321302,4.646037587284308,3.748194985587470,4.909877919580525,4.737078054363485,5.452831866214126,1.599360453451211,3.185390434578898,5.786228714662544,4.475470091157545,3.480177359964788,5.220260921535228,5.177798585028887,0.029777595973346,2.972558848850319,4.280927990544030,1.073095131396337,5.023289839309052,5.663194249691397,2.455427841529450,2.270394311699260,3.163080414213419,3.742400595121349,7.327131406613898,2.983685333144477,2.750269577522414,7.018871793982740,2.450491053133729,3.148132263219134,0.830474449593570,2.510911202489727,4.357411045283940,3.805381989445793,
0.263394277885968,0.028563813149531,0.037256907178382,-0.677727994327179,4.329450295987467,3.930272096481263,4.846420576973087,2.077959812800951,0.885236027127282,3.290302684195435,4.646337160209060,3.748229315922846,4.910188077377318,4.737027593658900,5.451798360067760,1.599060035128695,3.185467017355760,5.785618549459841,4.476587416684896,3.477686703802099,5.223127838822832,5.178884657309216,0.029306677299780,2.973082285440973,4.281786989069868,1.074085853717432,5.023924883264268,5.667003447868757,2.454786166338526,2.271416385244962,3.164417901223844,3.739310665740692,7.328579024171893,2.985202758407396,2.751236833888791,7.018042833029544,2.449416665635446,3.148563268543387,0.828795670858333,2.508987811245307,4.358789127346226,3.805381989445733,
0.263826020982412,0.028108844132899,0.037788929689147,-0.677441107703353,4.330855698686739,3.929083438673356,4.846471711482565,2.078018007917071,0.885916692905839,3.289411343328347,4.646606161636789,3.748265442988633,4.910275618095996,4.736985572039660,5.450973009896464,1.598797522042396,3.185535349642528,5.785229281064003,4.477537506947955,3.475330518220518,5.225630541445677,5.179445742480221,0.029445816326050,2.974049339978581,4.282195260504168,1.075463122990195,5.025878608479738,5.670234922146995,2.454380243736050,2.272472395814503,3.165883327206435,3.736472064869370,7.329690136728558,2.986907878374980,2.751835592040902,7.017447804223847,2.448302157284960,3.148541618454925,0.827162012246635,2.507143884358440,4.359924636637518,3.805381989445655,
0.264761740830351,0.026374432242993,0.038260814456238,-0.676931562837603,4.332111132211131,3.928140198744539,4.846562096501922,2.078092129134747,0.886049838651249,3.289417892119963,4.646936269322298,3.748304145444658,4.910136324594848,4.736944921767367,5.450359695308351,1.598473022234341,3.185607840081835,5.785079545431779,4.478379727351554,3.473853469146363,5.227930120298950,5.181500713182793,0.029326198061816,2.974438948878350,4.283092674377627,1.076682439963256,5.026949637873654,5.673264067318660,2.454002545815406,2.272463208115624,3.167221206959033,3.734258185271410,7.332152569520805,2.988065041956078,2.752829657456672,7.016846966657617,2.448241099451781,3.147787953072933,0.826325299364813,2.506095373603781,4.360975205792470,3.805381989445547,
0.265731578629267,0.024553827941741,0.038988289570663,-0.676314036135881,4.333327645844283,3.927319238436521,4.846456558383309,2.078099608785868,0.886214083302028,3.289483827597965,4.647107523487296,3.748326002501665,4.909903805138526,4.737053888057654,5.449945581421089,1.598298072649092,3.185514841286853,5.784940662609213,4.479193649208729,3.472334358131908,5.229008412476222,5.182970407623054,0.028718824638674,2.974998555311922,4.283582777285373,1.077697209443118,5.028595075110296,5.676223798568319,2.453559591266114,2.271762970273625,3.168618093595145,3.733235090797744,7.334067745793444,2.989050908137527,2.753112039199009,7.016101070359739,2.448897457284431,3.147189002552835,0.825789206786056,2.505286145027544,4.362060671771125,3.805381989445465,
0.267649863085387,0.023294334327011,0.038736761211504,-0.675055458357070,4.334343585445699,3.926804998738937,4.846444909502409,2.078141830062388,0.886151714406101,3.290696052283619,4.647331836709084,3.748347491274655,4.909691313357156,4.737137812240478,5.449171439350706,1.598062724669916,3.185447297764462,5.784506866390149,4.480381381335084,3.471595075822866,5.230114965773613,5.184069816112680,0.028825115206472,2.975896902843801,4.284103779591352,1.079110424522046,5.031015430868244,5.679701724974676,2.452927693932574,2.271234021600533,3.169453422351161,3.732320069286315,7.336061079049923,2.990264139283675,2.753705809373270,7.015175215131504,2.449400090885669,3.146493731542031,0.825115273055012,2.504417860878656,4.363312806205832,3.805381989445392,
0.269278274010159,0.022037318210831,0.038556735668986,-0.674135609503734,4.335037063196883,3.926594632829331,4.846387772841942,2.078163527051024,0.885300012380170,3.292724077367874,4.647810711041637,3.748396956761257,4.909321245129150,4.737250469935202,5.448735491227716,1.597624030925880,3.185356010192891,5.784502592988476,4.481345225943002,3.472256995027950,5.229784009950471,5.185704772832412,0.029398881259341,2.976665051638336,4.283406615166685,1.079916321621665,5.034153315805441,5.681707792377019,2.452787389661600,2.271178832566810,3.169829660972876,3.731652383166724,7.338488022383094,2.991672841124771,2.752601282714932,7.015092381653488,2.449422464607237,3.145590844315064,0.824129662701190,2.503390839814009,4.363645944967901,3.805381989445314,
0.271206206670037,0.021134471319061,0.038104957198042,-0.673172956940806,4.335673115756391,3.926590489602262,4.846307347140145,2.078168127716330,0.884218537977893,3.295125786953663,4.648288753028475,3.748447304654714,4.908716965959442,4.737369452279753,5.448735879376627,1.597184280199962,3.185256521164665,5.784884077989272,4.481936338313976,3.473060183566574,5.228845784334785,5.186844190411878,0.030120307336186,2.977008827816556,4.282685383982024,1.080679431460106,5.036849177485117,5.683261535619237,2.452770528931815,2.271540341818786,3.169983278984879,3.731797550667001,7.340441006267698,2.992857660761527,2.751289015763403,7.015231586251843,2.449043660734770,3.145319891759655,0.823729411652115,2.502948618059286,4.363739264378809,3.805381989445168,
0.273380858749870,0.019402382531754,0.037481120674056,-0.671992884196299,4.336267071164833,3.926622927815997,4.846211960718190,2.078167556402921,0.883152117282031,3.297767240567079,4.648895693272046,3.748509496304387,4.908007820985698,4.737470633349249,5.449103568270870,1.596621008648431,3.185173192990649,5.785486618978163,4.482196014492097,3.474258143175162,5.227343371340660,5.187078580678201,0.031085724627886,2.976976783091505,4.282502082686570,1.081618338930916,5.039044135846491,5.684424328882577,2.452823779701910,2.271945861149366,3.170084630770536,3.732870615453814,7.341556586631752,2.993739194914323,2.750653663073864,7.015434461507651,2.448621326473265,3.145711325454441,0.823600850356725,2.502776205873404,4.363751686474290,3.805381989444931,
0.275663900446332,0.017985964237902,0.036677234729782,-0.670849218300799,4.336823627159172,3.926793716914137,4.846268035527325,2.078224567680843,0.882281238399633,3.300298159927635,4.649145138261530,3.748548645950999,4.907218975793605,4.737534754347295,5.449552720300271,1.596429329102201,3.185129542891533,5.786223563955693,4.482252214841130,3.474794473418543,5.224896318399039,5.188006528610552,0.032055316696547,2.977822024265828,4.282173437044871,1.083052240266944,5.041813689761687,5.685392347274037,2.452843094154511,2.272029628953067,3.170336668773424,3.734973871190703,7.343366576786317,2.994364093393538,2.750136729234870,7.015884714668927,2.448523114428932,3.144973002059070,0.824033511719685,2.503197982288195,4.363499087710466,3.805381989444756,
0.278043371115620,0.016533999862612,0.035556073214470,-0.669702991312233,4.337254176336842,3.927357500940413,4.846274719315545,2.078264295585150,0.881121629369015,3.303596065363987,4.649207051757086,3.748578981914590,4.906061023586715,4.737621159871414,5.450838496479213,1.596444350515283,3.185071806993327,5.787705451410735,4.481609712634314,3.474952338497103,5.221397628339209,5.188924354540719,0.033596021412128,2.978341391952408,4.282195307776876,1.084761829439632,5.044444372580814,5.686190616622611,2.452819262441027,2.271753406721833,3.170310766366284,3.738891346054305,7.345259618605636,2.993886062635223,2.749754557376158,7.016336345997634,2.448798247965662,3.143730378905988,0.826195170210995,2.505296061594029,4.363187781252766,3.805381989444644,
0.279977461676434,0.015039568435549,0.034166199227362,-0.668732794075872,4.337577471085243,3.928056000372383,4.846082078542286,2.078260941446866,0.879744290834586,3.306935457577287,4.649367817523863,3.748613630979706,4.904895898678234,4.737889083013183,5.452103793263774,1.596345220250060,3.184825944348042,5.789288443907830,4.481056872589447,3.475116226001343,5.218122691026648,5.188777680857453,0.033850549417001,2.978395500561029,4.282528407421252,1.085625097535235,5.046586981080657,5.686828348304003,2.452850290146960,2.271169434301891,3.169795207934559,3.743369313592602,7.346199919949405,2.992704459622610,2.748755150881013,7.016788344108700,2.449349491039898,3.143197168862934,0.829217861155494,2.508143012349636,4.362883163120051,3.805381989444640,
0.281997406784603,0.013328257865701,0.032663594276390,-0.667825385244322,4.337887737971748,3.929025675846691,4.845861412333368,2.078238216601772,0.878698205921712,3.310053039785248,4.649380777862437,3.748637775177053,4.903533263058535,4.738146097484813,5.453556339889491,1.596399714332634,3.184590373006491,5.791014577355974,4.480244301174687,3.474373111136373,5.214406166747438,5.189398765734402,0.033884591318687,2.978276139404188,4.282699898455131,1.086366718161503,5.048610995189326,5.687344666549794,2.452796060316755,2.270167470029358,3.169963197291907,3.749002487823741,7.347799791281802,2.991210666515752,2.747430006985675,7.017305716301946,2.450269195658364,3.142302246417486,0.832604446126054,2.511330918936468,4.362485137888816,3.805381989444681,
0.283761210285407,0.009960886058815,0.031258337818094,-0.663576896224484,4.341236420220119,3.926014033631905,4.845843147770916,2.078256414834227,0.885597069442138,3.305903063232925,4.649957021642622,3.748711411023779,4.904110257820546,4.738186995959646,5.450400540091067,1.595943936019666,3.184534874958017,5.788630102952530,4.483401803485816,3.469134513267479,5.219235743282369,5.188805095940143,0.034320828920166,2.984395995145450,4.281561337747392,1.087216625545225,5.046887535328612,5.694586708857810,2.450128652047148,2.266786719493523,3.169847615675941,3.750957930257283,7.348741738901515,2.995748799973055,2.746451842309519,7.014007017700421,2.453183647705870,3.147465981401763,0.830829067494377,2.510742721221212,4.366154700107974,3.805381989443928,
0.285953968638461,0.006698562068244,0.029762874588929,-0.659484596473347,4.344227419139597,3.923253119385567,4.845653031154097,2.078211218043446,0.891937700585799,3.302244829477964,4.651041920965628,3.748807156178525,4.904958237448414,4.738238647160969,5.446540853305838,1.594917070903175,3.184467698120161,5.785714475230790,4.487181160875301,3.465833008875840,5.223481842113470,5.187968194101733,0.034306182954741,2.990034823090781,4.279817743264236,1.087623017358488,5.044651083323020,5.700911775668787,2.447714177825555,2.265313600470229,3.169805064564884,3.752225488759255,7.348954389330362,3.000355226063190,2.745738405527496,7.011606622272541,2.454234626742422,3.153687237175023,0.827883166613638,2.508882190014131,4.369146923750013,3.805381989443432,
0.297059160104904,-0.011073326577882,0.039337287334097,-0.649244316092257,4.347706526649399,3.921110397080903,4.844670612480279,2.078130241238864,0.901203299684533,3.301363265490002,4.657492790321436,3.749436516298968,4.908721244654282,4.739254969904827,5.436379937115984,1.589426612488223,3.183419191051152,5.778802205474120,4.496154844247263,3.466480765396438,5.224627452855195,5.189488463002331,0.035965513865288,2.999958407281796,4.275402962830266,1.082163225817451,5.040296647682178,5.705647130676150,2.446032240838832,2.266506979736401,3.168994074353934,3.751201564784556,7.348505582164459,3.002961285791959,2.743180949308435,7.010202314707099,2.452651902669173,3.158314206004118,0.821340421110425,2.504179743199127,4.371482776285774,3.805381989442849,
0.306387770098487,-0.026911199581707,0.047226566640257,-0.640201059028737,4.350546386085723,3.919430300263798,4.843830315925609,2.078047624466294,0.908864573882051,3.301129150552283,4.662947800465913,3.749971044673334,4.912063546082394,4.740104702912787,5.427342119892097,1.584684602957732,3.182542436742740,5.772824980550041,4.504150550853356,3.468309703785231,5.225924341320041,5.189712204445374,0.036987533202281,3.009098038661242,4.271606182955041,1.077329599840229,5.035464597198799,5.709349238279647,2.444730148710334,2.267607581425314,3.166944607817837,3.749686175629297,7.347158979645506,3.005789075524236,2.741542116245616,7.009289588483425,2.451104159398608,3.163348123746486,0.815074202778323,2.499619921046913,4.373354657886466,3.805381989442272,
0.311585291293163,-0.040582717320775,0.052652138285978,-0.632865541190337,4.352923796141059,3.918262431749282,4.843066014788999,2.077972436835219,0.915280923253782,3.302087732276556,4.667784088001791,3.750446213116359,4.914897271921891,4.740879644555518,5.419872828228024,1.580438865206738,3.181744242680948,5.768227331481838,4.510725210214305,3.469924068908698,5.226698760387150,5.191055524278035,0.039143581890244,3.017541004187256,4.267930517643117,1.072170989811953,5.031161451801881,5.710888206048601,2.444299332900550,2.268950864863718,3.164840754618620,3.749195195930373,7.346298183532856,3.008416648424387,2.738807697739821,7.008775254870420,2.449348227008730,3.167582690907335,0.809675358899879,2.495825464929868,4.374808711135089,3.805381989441721,
0.314104608536552,-0.050889735670139,0.055870312105675,-0.627133236591456,4.354831170651161,3.917495601380637,4.842345629351072,2.077899661359647,0.920291623976189,3.303730569424816,4.671987730568006,3.750867716946427,4.917230609326484,4.741602987611421,5.414094903740426,1.576730656948271,3.181003312560529,5.764865186919176,4.515931645114693,3.471479285671816,5.226927465954835,5.191519920170796,0.040551751526922,3.025203680426702,4.264513269291110,1.066981319908103,5.026289258665525,5.710655129169509,2.444514776887125,2.271165261026344,3.162993430460573,3.749468524811126,7.344883301948023,3.010540109207372,2.736523054445793,7.008854513696753,2.446766853396255,3.172033256476383,0.805413806257178,2.493116574346331,4.375603305893544,3.805381989441157,
0.312515463615476,-0.061283843133183,0.056879434626823,-0.623340438429582,4.356682974428962,3.916617649114706,4.842029621964159,2.077915830667517,0.924768551148655,3.305297275567273,4.676371772229844,3.751258539116030,4.919026714408735,4.742057843511727,5.409669696275365,1.572775465111313,3.180550867432228,5.762047603099155,4.519811570733659,3.472031932730043,5.225146729483889,5.190990842248574,0.041882772199242,3.031869541351566,4.261468650159914,1.062218184586583,5.021452747124013,5.709230183878020,2.445215376595860,2.273006795582245,3.161344434309612,3.751382249024831,7.342508874348416,3.012837903099539,2.734656520669704,7.009079419999562,2.444580572761321,3.175808089354050,0.800686811220048,2.489866468593746,4.376186525619193,3.805381989440621,
0.311038852289011,-0.068732924738680,0.058318522127698,-0.619706833199420,4.358121338432016,3.916138826646367,4.841677892978150,2.077924542367954,0.928437843872875,3.307197561055025,4.679562065702499,3.751605969402633,4.920695548044800,4.742501687219998,5.406008292527154,1.569975193993854,3.180118996464373,5.759990992173158,4.522999743707799,3.473033510901508,5.222534573711341,5.191238836573913,0.043279536420214,3.037728423916034,4.259119335570690,1.058264657633139,5.016747333330682,5.707904689131217,2.445779982340681,2.274956211447313,3.159825993985762,3.754171581369787,7.341162131317981,3.014888943932853,2.734228315422692,7.009225869414466,2.442320845672710,3.177981413495158,0.796660495624077,2.487283755806827,4.376751066423227,3.805381989440280,
0.304979888577904,-0.076867501459314,0.056082765754292,-0.619814751965035,4.358465247165002,3.916701792208644,4.841156972322748,2.077882372473909,0.929253265425813,3.311209497688067,4.682393347989107,3.751919274240546,4.921488553371770,4.743061037628214,5.405125758898169,1.567404481410366,3.179557457695572,5.760302265371861,4.523594881657210,3.474409875372812,5.219459138838503,5.192609213213114,0.046265447288235,3.042701004248823,4.256966174843002,1.054349971015836,5.011161325024214,5.701087578689518,2.448490982600110,2.276524534713446,3.156779634046178,3.757139120316011,7.340247614413880,3.016986411825026,2.734304615098025,7.011829750138574,2.440436192115726,3.181059500647891,0.792854560160018,2.485161299499785,4.374609327020996,3.805381989439787,
0.297525963179678,-0.080802513868065,0.054878078348717,-0.621145025763063,4.358445142347302,3.917572081605071,4.840787026081164,2.077868566357879,0.928973955278575,3.316108527834899,4.683886160924047,3.752211575512445,4.921983558458430,4.743583100420553,5.405493618749597,1.566165981635447,3.179040816279260,5.761295603400171,4.523343044908529,3.475829485717312,5.216399841404533,5.192833954582511,0.048850168645980,3.047376623540237,4.254729540787813,1.050873999075847,5.005485083482649,5.692261429965368,2.452056351121541,2.280122188344508,3.153593022350946,3.760171056680197,7.338427944829723,3.018976441225171,2.735131964787414,7.015196029735900,2.436616783990740,3.183858105913473,0.789884826995832,2.484123870537183,4.371669546052266,3.805381989439254,
0.291344537902472,-0.084130291387281,0.053641400804386,-0.622200265764195,4.358220669023311,3.918630661806175,4.840433865095780,2.077852513752402,0.928128691735977,3.320727568510404,4.685294404695204,3.752473225208248,4.922360207007022,4.744077757725365,5.406391120836341,1.564989768307369,3.178551531200583,5.762783332035641,4.522601941748099,3.477356816263721,5.213081646706477,5.193323069875995,0.051873091560107,3.051857213891943,4.253046845487883,1.048416000601871,5.000697030555171,5.684733389303048,2.455097529495229,2.283253336533213,3.150825952044485,3.764567500150258,7.337323899952198,3.019730262744372,2.736184948847829,7.018200942657323,2.433258567190691,3.186269441995226,0.789149136001827,2.484977642477690,4.369066342283519,3.805381989438781,
0.285929950900213,-0.086963575100729,0.052674395621120,-0.623061263342346,4.357562226792135,3.920228065815850,4.839988468318219,2.077816068905957,0.926143121229955,3.325909799138964,4.686404357434603,3.752711333874628,4.922363919497223,4.744568384495166,5.408683708367695,1.564092307224447,3.178070979077991,5.765578486081592,4.520688799543975,3.479778978483685,5.209512495419619,5.193718768212510,0.055536613268899,3.055958466425750,4.251746226436539,1.046791403767176,4.996271496793541,5.677919705073593,2.457764756922909,2.285993401383074,3.148598810583887,3.769971290392171,7.336568354067686,3.019128044397656,2.737169834046181,7.021049380096422,2.430277775996750,3.188257097302762,0.790843524708101,2.488125749295963,4.366522610512520,3.805381989438314,
0.281674465402781,-0.089759805282206,0.051725498669293,-0.623846548310483,4.356893767143173,3.921805459311964,4.839582533154378,2.077792176770141,0.924111399143314,3.330677721280803,4.686995813517124,3.752933101740924,4.922463928834593,4.745019037342205,5.411026188054898,1.563704368747814,3.177638906189713,5.768446065009234,4.518702392489051,3.482833698706958,5.205679448581839,5.195359552997957,0.059028641190483,3.059686156494631,4.250506020232566,1.045362764689282,4.992027772205149,5.670852791017762,2.460596243338613,2.287713445989713,3.147132784015980,3.775394279328110,7.337324244090836,3.018203175794250,2.738328579818308,7.024203901744383,2.428313507496652,3.188707657075037,0.792393027060220,2.491088719125987,4.363618837215659,3.805381989437833,
0.278128588383927,-0.092256286879367,0.050713910853439,-0.624605376498515,4.356155243792663,3.923358070766444,4.839227121786415,2.077774016021981,0.921778095308747,3.335346598593830,4.687555389447725,3.753132801689997,4.922594429816366,4.745442112437290,5.413533945143446,1.563319840842520,3.177234629500992,5.771437077810745,4.516595349044611,3.486049154747170,5.202047873786737,5.198466799147811,0.061840439172165,3.062960675610852,4.249668611090986,1.044068303979078,4.987846610114262,5.664235796036619,2.463288689064381,2.289569586556961,3.145644359689500,3.780882430453316,7.339624566916006,3.017006553660232,2.739710085383508,7.027225004192737,2.426249095959602,3.189046673600449,0.794258691506328,2.494208740868385,4.360855950209030,3.805381989437337,
0.274528804323209,-0.093728811852790,0.049959764763066,-0.625895990719403,4.355232013724353,3.925047055933950,4.838896990572866,2.077758572202637,0.918946994569671,3.339996840475365,4.688019648896621,3.753313142747257,4.922462027644310,4.745792650920957,5.416733516193127,1.563018496733216,3.176906233642262,5.774999709835587,4.513838516572262,3.489550395847082,5.198562880458764,5.199709600279465,0.064645407362498,3.065325118131131,4.249089450617590,1.042951701327629,4.983342618438249,5.656718511747094,2.466343420507481,2.292335064892517,3.144614738196853,3.786235558258685,7.340126081331735,3.015751613555179,2.741086589721312,7.030731243522576,2.423289144247568,3.190068186463382,0.796176511310828,2.497347051903931,4.357573946587992,3.805381989436747,
0.270784298181052,-0.095110582932942,0.048726008751409,-0.627303406496073,4.355628311192742,3.925374302607372,4.835347330158725,2.077606963251310,0.918823670168131,3.343741829410732,4.688980426947534,3.753456352257934,4.923167741798411,4.749095143839387,5.415977334533748,1.562424730665532,3.173567166825268,5.773237311311703,4.514359024646417,3.493847771461178,5.189863047320390,5.200456365592775,0.068504856033055,3.062348239066785,4.246539902812607,1.039659542242193,4.977512448906857,5.651096011102293,2.468313719068099,2.295505287382813,3.143216637646502,3.790465365044582,7.340273139718549,3.012737590219985,2.738917448514874,7.034234033829980,2.419830885949070,3.190529991682859,0.795018140345810,2.497421579622895,4.354717899658771,3.805381989435844,
0.267308266003203,-0.095861698331092,0.047648122951601,-0.628494273371572,4.355909342671181,3.925755138796277,4.832101282035004,2.077480925755455,0.918252603261300,3.347211067036346,4.690178202108250,3.753577666397441,4.923727908519162,4.752065514264914,5.416209945301136,1.561543325885861,3.170569981166840,5.772435318200555,4.514006000438431,3.497893972294660,5.181936942021407,5.202031426497280,0.072416982021356,3.058677530818938,4.245264499253102,1.037432609355702,4.971119763864781,5.646055730289651,2.469980071299646,2.298915487070139,3.141505236554468,3.795000811530018,7.341420543433118,3.008955512946774,2.739181780647579,7.037305469946683,2.416171934639587,3.190800609450188,0.795758888744490,2.499200927696232,4.352168812524876,3.805381989434936,
0.264398949319773,-0.096467645270948,0.046539780014620,-0.629425348528658,4.356235861830545,3.925890465547002,4.829335161851271,2.077351590120463,0.918055322806757,3.349537650921014,4.690849107503901,3.753693353559780,4.924594628069712,4.754728354146011,5.415982131866745,1.561202355104914,3.167885860712550,5.771363756832887,4.514020546636891,3.501318799427858,5.175900065943765,5.204352774301125,0.075477603089885,3.056585159893528,4.244092176716064,1.035921502043203,4.966763839891684,5.643093048062058,2.471099350956416,2.301623799519211,3.140632706312021,3.797602497616923,7.343262879097560,3.006342406929132,2.739206905067251,7.039479898333296,2.413205119742746,3.188536112741703,0.795476572926458,2.499722504772115,4.350509890910177,3.805381989434135,
0.260746285445245,-0.096139322926654,0.044505472501279,-0.630647239640117,4.356292621388359,3.926141882695795,4.826943790562756,2.077220893627198,0.917492648187518,3.351502680470207,4.691665431408349,3.753789751167669,4.925367659497240,4.757032060339289,5.416433327474541,1.560725657989292,3.165565667782270,5.771004201877526,4.513430583869394,3.504662661037969,5.171295899443028,5.206130071615942,0.078169402937672,3.055514477691815,4.242782735759852,1.033914544542412,4.962170606730215,5.639757248896553,2.472362398659998,2.304778825934836,3.139009226900860,3.799397119094884,7.344845020161629,3.004436186001409,2.738345328816641,7.041556552023648,2.409712621952835,3.187353887717786,0.794741036913076,2.499629014070540,4.348921282579107,3.805381989433218,
0.256999019381505,-0.095441198752698,0.042063787188903,-0.631840742425851,4.356341754518146,3.926409228769381,4.824952836417369,2.077066167086252,0.916937857676667,3.353227221657811,4.692300004041344,3.753881086161537,4.926044141330140,4.758983407840425,5.416994976364179,1.560370647070559,3.163603924340940,5.770865976327232,4.512747786798537,3.507102036700160,5.167847241664544,5.207962597977161,0.080337564158639,3.054816223099278,4.241864172823811,1.032241052873990,4.958396977360475,5.637214843928636,2.473384946994832,2.307853124977871,3.137621137449555,3.800691765944590,7.346518852550403,3.002203507387899,2.737624833021325,7.043120827824408,2.406333921777815,3.186002622563611,0.794692526158159,2.500048941561442,4.347792870712222,3.805381989432529,
0.253370939344787,-0.094633106850942,0.040040289012838,-0.633078290722810,4.356292048353247,3.926809756814178,4.823093218801557,2.076960115879268,0.916007971523026,3.354959316966860,4.692776286218616,3.753964466844271,4.926497597651290,4.760751953897621,5.418105478175410,1.560155803214819,3.161828638578085,5.771378527893249,4.511698202348631,3.509316719956234,5.165076137979298,5.210096803306923,0.082537863383579,3.053194557140498,4.241608620022286,1.031095085210356,4.954617645168083,5.634792706565522,2.474335243152662,2.310607824167900,3.136809216860280,3.802302226969130,7.348684430960361,2.999602449846563,2.737564780662842,7.044642568751510,2.403284940462487,3.184313292979757,0.796079854537446,2.501841899294768,4.346645824763591,3.805381989431930,
0.249141365618382,-0.092818207783791,0.036941126832860,-0.634694765204629,4.356264187848829,3.927147111046859,4.821582218762382,2.076830433658772,0.915037670936504,3.356274858419937,4.693202666002286,3.754042538841537,4.926864345030705,4.762187680174829,5.419328964129921,1.559880367643249,3.160394764892005,5.772094174312601,4.510501905887075,3.510913805023729,5.163331821810416,5.211740595106024,0.084077207722184,3.052595677466472,4.241996088801746,1.030222874132827,4.950623177017015,5.631998492291263,2.475455768899617,2.313812923786069,3.135250637249060,3.803269319648147,7.350477826729495,2.997279333866483,2.738601953462938,7.046278339342131,2.399759029382141,3.182541566382012,0.797545563719243,2.503678346051272,4.345406777536671,3.805381989431665,
0.245187261969910,-0.090704637231766,0.033921332627052,-0.636097518954419,4.356387316093168,3.927327371852936,4.820298479045284,2.076657118608657,0.913868125860095,3.357666302404506,4.693667525175783,3.754108445213729,4.926971410421905,4.763461952588221,5.420933195052675,1.559585065534148,3.159128445579976,5.773180068113775,4.509054559908118,3.512593829611383,5.161733480548069,5.213797942917759,0.085511441494033,3.052864548478808,4.242398882678327,1.029086667676738,4.946101657380339,5.629375788353440,2.476483322404193,2.316994951623582,3.133927332149236,3.803809155473470,7.352707094028225,2.995094560878373,2.740516394918890,7.047693393571794,2.396279938503767,3.180478876849969,0.798961216359855,2.505426029703759,4.344345866838077,3.805381989431573,
0.241335193057354,-0.088769358023741,0.031412214253990,-0.637392666535943,4.356623970625332,3.927452142920649,4.819122832529009,2.076512835093030,0.912704479050418,3.358839251090663,4.694043998944047,3.754168885333597,4.926894630277400,4.764620169642049,5.422777105832756,1.559358103009219,3.157976945993579,5.774555297290947,4.507413550926734,3.513744355022585,5.160768828019760,5.216019016422094,0.086911153288560,3.052827131850881,4.243448446681662,1.028240157968592,4.941604203423500,5.627102801233232,2.477455927346139,2.319781400443776,3.132375042128539,3.804499964864505,7.355109682368523,2.992772897971446,2.742533475191181,7.048812439838756,2.393259941500297,3.178678110349181,0.801045679120277,2.507727189372562,4.343555006600553,3.805381989431460,
0.237935621219107,-0.087163010950587,0.029199051153499,-0.638472847997006,4.356657557915626,3.927793868687180,4.818032976109852,2.076399467644719,0.911121511446606,3.359823253297818,4.694419890344089,3.754220771820731,4.926623675099632,4.765658411863099,5.424958141593159,1.559121839677574,3.156945451198161,5.776452347215411,4.505554804567373,3.514747882210002,5.160505930270177,5.218489765860466,0.088834054238981,3.053218822482655,4.244490329387286,1.028529386379331,4.939631491699167,5.625621263125965,2.478194771379450,2.322071043392933,3.131414449339886,3.805687844388400,7.358038543826592,2.989915466016355,2.742722256981546,7.049602965501059,2.390719128013295,3.176577244559036,0.804645101955690,2.511305828650847,4.343077560908381,3.805381989431210,
0.234753851820754,-0.085447148123481,0.026911513103122,-0.639491395524184,4.356908370096554,3.927790325675528,4.816783266067184,2.076372605608071,0.909837834006456,3.360096375059182,4.695045270927094,3.754249633978961,4.926646720118964,4.766847226603233,5.426566242469953,1.558768390615298,3.155739949598545,5.777905077675643,4.504120550636913,3.515921833110454,5.160921526824847,5.219593151148239,0.089356112007528,3.053587373394948,4.246035103640386,1.027993398124444,4.935896189253225,5.624547335623191,2.478896813038483,2.324740779398953,3.130428176602110,3.805846822519116,7.359458223924232,2.987770042164355,2.743044136156491,7.050328811451342,2.387788870494070,3.175452595580873,0.807131271780972,2.513756068019884,4.342785203171381,3.805381989430938,
0.231725384780157,-0.083691093018305,0.025075120243132,-0.640505537976856,4.357242265789166,3.927676421525133,4.815554096773555,2.076418747819527,0.908713982685968,3.359737975297116,4.695800792394974,3.754270328328559,4.926587845785282,4.767924346210640,5.428301216626352,1.558247805998874,3.154637342749949,5.779554949476661,4.502511497282006,3.516657158863697,5.161144778327339,5.220540790543346,0.089809714586220,3.053937562444260,4.247414592683901,1.028012660631074,4.933674027780661,5.623767872423635,2.479536764678843,2.327258280753069,3.129623492844044,3.806246540096346,7.360673624902835,2.985615471488107,2.741967434393618,7.050903061908205,2.385039231026813,3.174888884423524,0.809810537295119,2.516236344033266,4.342672248844983,3.805381989430641,
0.228751579095647,-0.081906728336959,0.023137872199741,-0.641391442414280,4.358027888478466,3.926970498624707,4.814415846157329,2.076484256172308,0.908463765690509,3.358063978573160,4.696841535154297,3.754272955615662,4.926791186554118,4.768910319070493,5.429450315854841,1.557438355612521,3.153618446157901,5.780743833604192,4.501277961064617,3.516426620042617,5.162754745511027,5.220908403581955,0.090156551840520,3.054556295815550,4.248979999275865,1.028339647315200,4.932551040944444,5.624898190900757,2.479643781436637,2.329330285139723,3.128952613126981,3.804735345397563,7.361381398786829,2.984700839669117,2.740419336898547,7.050531888294060,2.382738731313444,3.174381697905132,0.810802044927415,2.516888141247359,4.343586266979537,3.805381989430232,
0.225709161155789,-0.080358906301616,0.021544689801734,-0.642234888014907,4.359757601896144,3.925139662869100,4.813166686934939,2.076714187014874,0.909533026227543,3.355024887140145,4.697778222624296,3.754274830216151,4.927422304589119,4.769886355765608,5.430845727324949,1.556701656025946,3.152594687774580,5.782258884107267,4.499252805773779,3.513882725117663,5.165079858484368,5.220184342464284,0.090703423540079,3.053200518063625,4.251861510166767,1.028408451047513,4.928461913386357,5.627053695827190,2.479237338832925,2.330619763003798,3.128335173242780,3.801680415802289,7.361031833877822,2.984483079621661,2.742024557324364,7.049563713587852,2.381241285770560,3.175343524208708,0.811482722023861,2.517441088072228,4.345067224652770,3.805381989430048,
0.223346703826571,-0.078667094882902,0.019727670519939,-0.642542148893280,4.361317728211707,3.923510036223470,4.812034139168869,2.076925187229498,0.910215800360358,3.352675083226383,4.698537737984672,3.754275720151905,4.927920317720177,4.770765958001702,5.432385782363374,1.556147537293595,3.151669415777012,5.783960183073154,4.497272970976481,3.512215975409691,5.167967282999044,5.219595028671791,0.091425937458563,3.052046922244746,4.254629610496568,1.028553228661432,4.924678066675809,5.629949288761369,2.478544798243385,2.331836592514933,3.127434983130576,3.798235815987042,7.360894954966261,2.984117063417832,2.742925570479580,7.048170838645214,2.379857385585340,3.176117828660525,0.812635991607436,2.518369115820008,4.346924463300591,3.805381989429967,
0.221099699859688,-0.076922479887550,0.018221491304860,-0.642681088963819,4.363232412746310,3.921590938235373,4.811029118947576,2.077102261995456,0.911363211226757,3.349649254680839,4.699158352068824,3.754279309103260,4.928236028615669,4.771557273522371,5.433747194016867,1.555718748409236,3.150830170207309,5.785487144130903,4.495406926703332,3.509718464843763,5.171681116395602,5.219632049160812,0.091898548196806,3.049865508716986,4.257914880615542,1.028702612496144,4.920196379808234,5.633506126290661,2.477605973683119,2.332957789263042,3.126693298625492,3.793954270334788,7.361301315336823,2.984149388443559,2.745390330346932,7.046419415665401,2.378556892577806,3.176960888820590,0.813660889857435,2.519144189812968,4.349110145775762,3.805381989429982,
0.219323777714314,-0.075335359330453,0.016618512614050,-0.642674919840833,4.365059310063982,3.919970786015760,4.810070979312085,2.077309102555470,0.912322615992399,3.346870844070757,4.699723517038683,3.754280857743618,4.928190714381905,4.772240146494572,5.435157980131301,1.555337195647814,3.150100150576399,5.787192361182362,4.493570719260364,3.507278977592487,5.175091796390086,5.218648543446200,0.092958306250216,3.047977217903502,4.261001413834640,1.029332245052345,4.917164743380102,5.637126554363934,2.476731948745509,2.333841202489666,3.125961021804825,3.790553567631215,7.360791499601002,2.983889317574167,2.746458114276218,7.044647950999623,2.377521714561031,3.178179087625053,0.815351469013976,2.520431211040076,4.351330610312954,3.805381989429930,
0.217445662139686,-0.072894930175893,0.014995572598908,-0.642662157102655,4.366935796366013,3.918191190746684,4.809257778460072,2.077447148346819,0.913222236695157,3.344042378791392,4.700381539403728,3.754273610694827,4.928246518565302,4.772831761521981,5.436615026634449,1.554856631788273,3.149474304493025,5.788870444496754,4.491745957232912,3.504879698090688,5.179723216379803,5.217387917987392,0.093505872728451,3.047313952854591,4.263956024786327,1.029884809401865,4.913919183326509,5.641492678198003,2.475587944909921,2.335323463615000,3.125560527956193,3.784956084552239,7.360441668047888,2.984353008959164,2.748080453484990,7.042436968366436,2.375913055862151,3.179108408408853,0.816184047687865,2.520903790393753,4.353954878745835,3.805381989430079,
0.216012669124994,-0.070430799092958,0.013637640693668,-0.642388370658746,4.368992581222489,3.916159127275809,4.808637776063393,2.077511268742939,0.914271601982337,3.341347310912167,4.700941446973494,3.754270977890069,4.928518176926207,4.773275634502067,5.437601413771013,1.554417973031295,3.148999045657412,5.790078902465002,4.490482151977209,3.502541488067635,5.184678813813092,5.216234135493576,0.093823752109073,3.046578113009295,4.266968803332502,1.031033594115055,4.910990433367901,5.646358014407902,2.474272107894726,2.336756900631223,3.124798330722863,3.778607119851440,7.360407591449349,2.985238034828344,2.750864212428436,7.040010322406443,2.374305440506566,3.179403652453710,0.816330994461784,2.520678596966789,4.356810091806172,3.805381989430036,
0.214921244718476,-0.068130051115876,0.012522417660017,-0.642267926298617,4.370683612488633,3.914388347968312,4.808202950911377,2.077491043739585,0.914630874559648,3.339197077400264,4.701265339724197,3.754279881858713,4.928798573038063,4.773569438262919,5.438757687713885,1.554180949258388,3.148684987582417,5.791568176894023,4.489180543678455,3.501353943667318,5.188527202721278,5.215925708886615,0.094575906279161,3.046123536605387,4.269373623490254,1.031003781021954,4.907473889201044,5.649943083290252,2.473473547005806,2.339158930513020,3.124167288456550,3.774593031795464,7.360863577334485,2.985522216093042,2.752298717546441,7.038343351504896,2.371771347349688,3.181082020817718,0.816405361414655,2.520334532806074,4.359069535326955,3.805381989430164,
0.213643380334847,-0.064395892442341,0.011455398077901,-0.642745932308474,4.371966537003299,3.912972362666223,4.808084890194777,2.077348477335166,0.914872720278230,3.337155169648423,4.701157624838445,3.754318481119508,4.929115624954180,4.773581783210282,5.439532964243598,1.554223850451849,3.148655840660775,5.792807588039813,4.488176110427976,3.499851816198491,5.192829453624849,5.211219434746376,0.093866326079878,3.045805876873112,4.271592552540810,1.030282340595563,4.903494080543535,5.652106174475739,2.473241474108315,2.342580002022105,3.122715977563172,3.770612819075899,7.357132433349950,2.986204900993408,2.752559852008177,7.037659904094605,2.368206104998224,3.184240591882784,0.815831719800178,2.519414774975199,4.360394389639297,3.805381989430269,
0.212088216629251,-0.061129072833143,0.010057850915602,-0.643273584978569,4.373748891016964,3.911170125580663,4.807895123703673,2.077255301163497,0.916082820446814,3.333888101632654,4.701139979133814,3.754344365053256,4.929532535674358,4.773678377404679,5.439905775866144,1.554254065560987,3.148545461669219,5.793762582990575,4.487422456559661,3.496474406973615,5.198622866655705,5.206543361590668,0.092794481799617,3.045497998945257,4.273693326386055,1.029665378033847,4.900026808926607,5.655665700508848,2.472533945983381,2.345518824918918,3.121504303301295,3.765686619366348,7.353664350091233,2.986895229155800,2.752741084715521,7.036226004475929,2.365136547257313,3.187189307758629,0.815469758836173,2.518657130640660,4.362481366581664,3.805381989430280,
0.211552078642906,-0.057999854597464,0.009483777177333,-0.642849703824614,4.375033964140000,3.909823945357627,4.807667077927247,2.077204061686546,0.915966739950480,3.332190593583500,4.701051463183740,3.754369123258645,4.930099430073243,4.773808352922360,5.439993375317671,1.554387706152179,3.148403795546304,5.794501658791646,4.487371776722065,3.495643061412727,5.205464570031173,5.202091873244530,0.091032618027859,3.045282614007953,4.276214966865425,1.028803255028717,4.895922556294806,5.660553491188566,2.471397019531829,2.348177592656509,3.120880482653243,3.759282170244266,7.350616449543040,2.987586244203462,2.753500965124909,7.034146889734676,2.362371506948232,3.189394077807733,0.815347004517913,2.518054471806560,4.365193331770966,3.805381989430095,
0.211405861348141,-0.055178163779650,0.009077317142951,-0.642310740275956,4.376126971208874,3.908863868601808,4.807480971777491,2.077156470896192,0.915720920786065,3.330700124277483,4.700862524539802,3.754398407482997,4.930427510685185,4.773897198875733,5.440352741322997,1.554599143602897,3.148300726956772,5.795503928827620,4.487089104307823,3.494654847376900,5.211229975881340,5.197697767733950,0.088414496725231,3.044712796931569,4.278449503538675,1.027417199046615,4.891972766637487,5.665449399892994,2.470107276513775,2.350430519318211,3.120185351175400,3.754380551774446,7.347844014953272,2.987542839847663,2.753490914972548,7.032195950754256,2.360002015565332,3.191217247557986,0.816442372266186,2.518649291822061,4.367692826254571,3.805381989429939,
0.211238994086574,-0.052441659914911,0.008783288714040,-0.641868873545042,4.376970985335323,3.908234409662926,4.807322883287489,2.077124031889456,0.915143922774154,3.329823551777148,4.700718852059881,3.754420028564668,4.930538388008922,4.773953594726643,5.441035325960020,1.554805117572317,3.148243514016348,5.796826351835006,4.486639963204694,3.493940666007266,5.216282461672368,5.194257302166422,0.085633241365272,3.044083558965194,4.280552655751970,1.026179430102104,4.888713230366994,5.669755704174163,2.469055559149527,2.352585279688831,3.119640017288057,3.750775904534130,7.346034344622920,2.986960045157915,2.753399329889663,7.030556143370633,2.357739732059851,3.193239740105502,0.818297827219284,2.519950648623734,4.369870475717724,3.805381989429807,
0.211072936142998,-0.050418927873177,0.008574078584964,-0.641615043105534,4.377518975535371,3.907902193004731,4.807300439377094,2.076967207257043,0.914364212586635,3.329197745279294,4.700369282133487,3.754446846762644,4.930667654405525,4.773932047625167,5.441441869364373,1.555238473159891,3.148268838098493,5.798021830647376,4.486391968640686,3.493190893535368,5.220807848189973,5.192875549843683,0.083517960508915,3.043521417326966,4.282148333947544,1.025866755400931,4.887915296643516,5.673523463250851,2.468211162441145,2.353856858369973,3.119771142706586,3.748201092310050,7.346336547791879,2.986414819168800,2.751728196495361,7.029339829195862,2.356338217684311,3.193877252810353,0.820763243382243,2.521832054116615,4.371601534261267,3.805381989429670,
0.210894334109878,-0.048167974504018,0.008402339318797,-0.641589853257890,4.378000778315659,3.907568294618385,4.807369975982859,2.076746149907240,0.913157069257278,3.328882796799367,4.700037484948802,3.754471786130496,4.930715509172883,4.773849307074197,5.441802948829435,1.555637645149855,3.148361253272379,5.799205975970611,4.486264233422192,3.493386348757696,5.224980826669575,5.190753426007235,0.081133421003346,3.043472791059506,4.282993140209811,1.025527384706046,4.887928275195190,5.676294741268746,2.467804582929606,2.355299770781296,3.119786718510751,3.744957046362236,7.345594943433944,2.986381169867641,2.749219728872184,7.028695337331667,2.354794748105471,3.194579217394134,0.822377490754900,2.522890844083009,4.372747721037572,3.805381989429542,
0.211346296386384,-0.046504704102707,0.007602379037102,-0.641454906310420,4.378335291877632,3.907671805041649,4.807272786463423,2.076715391574881,0.911660747536667,3.329187364063932,4.699865229922475,3.754489177729008,4.930493781613347,4.773796807719220,5.442050249121592,1.555858223711237,3.148428620377314,5.800477570854688,4.486271601574551,3.493664847751692,5.228948941537070,5.189818573764716,0.079173310212235,3.043578132265023,4.284295465641833,1.025723738175921,4.888222691176522,5.679310408588761,2.467250852633031,2.356861343640628,3.118955156585806,3.743048790575807,7.345907124023942,2.985260938450677,2.746759518978650,7.028162340151822,2.353256717182004,3.194691829348904,0.825431360017564,2.525265527956721,4.373827039999718,3.805381989429432,
0.211825215694786,-0.045334180443581,0.007011007889475,-0.641422629963706,4.378611831281795,3.907701367746047,4.807230756551742,2.076641973929783,0.910148416214621,3.329190208619043,4.699818691547502,3.754500872776771,4.930273840097188,4.773684556542352,5.442368957614392,1.555941164483509,3.148559831930329,5.801809005218575,4.486190289541303,3.493775974186662,5.233066290528923,5.188830526268960,0.077909200864791,3.044441199685227,4.285483123173250,1.026516753970258,4.889513428652143,5.681910525261295,2.466901017840152,2.358124950499748,3.118733680450403,3.740960660133873,7.346158974048396,2.984427295452898,2.744408651392867,7.027915915717166,2.351980520410577,3.193923380271906,0.828109105576064,2.527274731643292,4.374676391088705,3.805381989429508,
0.212275887045189,-0.044729691127138,0.006306616537564,-0.641251832843029,4.379103957682268,3.907550020446894,4.807609664915010,2.076159494779925,0.909176406969007,3.328942826542892,4.699431307515405,3.754512171979335,4.930114407528842,4.773645877174416,5.442055496200946,1.556422760494171,3.148621550067009,5.802517926858672,4.486457417456836,3.494114736377666,5.236567154232471,5.189298350701232,0.076547694810152,3.044685507922970,4.285857186493431,1.027380254879132,4.892983178923057,5.684493052260463,2.466513839149577,2.358644202333057,3.119672581172675,3.737837136201213,7.347077903759833,2.984506712463415,2.741909140334906,7.027721025783634,2.351396458089349,3.191738281348764,0.829675756913102,2.528198608651729,4.375541907779908,3.805381989429545,
0.212229938494544,-0.044023737210239,0.005816896648726,-0.641462274044087,4.379309710049467,3.907737639060535,4.807861712441799,2.075812716330334,0.907785567962890,3.329373218859613,4.699166099827130,3.754517660369924,4.929778334829185,4.773617595121697,5.442076877074355,1.556778895978659,3.148668448512363,5.803574714663530,4.486464743352415,3.494507713937202,5.239614020785814,5.189038111064202,0.075759319718311,3.044579994003680,4.286768884298236,1.028141312495854,4.895645647403534,5.686191581988744,2.466418544566400,2.359204869544173,3.120799286495445,3.735511778219265,7.347252596485293,2.984274798083011,2.740032038875773,7.027854627887862,2.350774966251879,3.190108216637055,0.831867734680295,2.529796048677944,4.376031782168044,3.805381989429560,
0.212763530136163,-0.043453798191738,0.005734558549277,-0.641239525007880,4.379340958390316,3.908103396574798,4.808052499051802,2.075538404334365,0.905945121898397,3.330441450897720,4.699063350620301,3.754514965943521,4.929381213730394,4.773614184394911,5.442197687846914,1.556979325399477,3.148695945091597,5.804782989711388,4.486556817553313,3.495552643797570,5.242825333437769,5.189713957738061,0.074638423516373,3.044595860365449,4.287565047647678,1.028585253254422,4.898156067659577,5.688566003808541,2.466067210581737,2.359851451771774,3.121651991977581,3.733119433118184,7.348593793733625,2.983741217374212,2.738086748757958,7.027683116689323,2.350058068201354,3.188201899437952,0.834464931569827,2.531750911737095,4.376803605326510,3.805381989429484,
0.215378359887405,-0.045583456767596,0.007193194064526,-0.640253942729984,4.379547640441769,3.908375770826591,4.807029820425020,2.075901374967851,0.905147449285822,3.331325166321382,4.700184090108215,3.754434185471613,4.929784507824699,4.774771859807571,5.440199238177023,1.556307357853339,3.147555362777571,5.804080788835918,4.488012155867651,3.498593762143202,5.242949765670341,5.192991345699776,0.075962025006240,3.043336990335680,4.286212778257777,1.027102238163299,4.899839956736280,5.691022942334570,2.465633252079585,2.362196410633359,3.122358872480131,3.731880091509577,7.350786530091622,2.983017619067033,2.732312627472019,7.027920911379587,2.347650166156761,3.187392415470744,0.834791917218984,2.531621498553674,4.377453772224825,3.805381989429422,
0.217472636764330,-0.046550226247885,0.007893174703223,-0.639839635807406,4.379725205373209,3.908608139191072,4.806120660608603,2.076242135026621,0.904196052205100,3.331924699098158,4.700819020235122,3.754381403724058,4.930215777242552,4.775788581339044,5.437999937983559,1.556042867536631,3.146537789316945,5.803144270833259,4.489592775911816,3.502059789912246,5.243193482488192,5.197066564920691,0.077375669699816,3.041298568626293,4.284829212760280,1.026317245062298,4.901714991859541,5.692370458272913,2.465645775846200,2.364044676309193,3.122042244343803,3.729972852292811,7.354083437800393,2.982812185220804,2.727509794467669,7.028813055606657,2.345666595667314,3.186144734475556,0.834246114689984,2.530657633412507,4.377463237971248,3.805381989429311,
0.219281927019356,-0.047109591615578,0.008688305323459,-0.639615921081495,4.380181288024755,3.908616418854278,4.805168932097319,2.076590856678101,0.903388124188142,3.332193146248935,4.701183507518405,3.754348009959544,4.930659932679397,4.776837113658454,5.436370886910313,1.555935333483578,3.145480100530123,5.802755841049039,4.490378923834513,3.504749939708238,5.243324777945791,5.200582157896244,0.078319401943562,3.039502993685113,4.284358976261200,1.025167302704973,4.902181442544148,5.693490192844635,2.465698216788719,2.365881301607403,3.122112753201418,3.728375345577589,7.356813020613596,2.982649452050359,2.723217413092657,7.029606224210728,2.343748961125735,3.185387601881177,0.833979314310821,2.530059297567210,4.377565996488896,3.805381989429297,
0.220513948727638,-0.047811247255324,0.010006785390194,-0.639513561029152,4.380560987767196,3.908742601781959,4.804426432111790,2.076771637062025,0.902560866025280,3.332401335926402,4.701274799487501,3.754324601328623,4.930771430260700,4.777714584868030,5.435348643841495,1.556096011303953,3.144597233457022,5.803024226277450,4.490605565667028,3.506696213447385,5.243841499269816,5.205414992109597,0.079530562927141,3.038291035730282,4.284299912058598,1.024374690182381,4.902978592224461,5.694522325832293,2.465778334906426,2.367094952615298,3.122855309803649,3.727161298437718,7.360998911688772,2.982218911998920,2.719199174731357,7.030277542421100,2.342394319951634,3.183769061615248,0.834447819819387,2.530161254606849,4.377767759325911,3.805381989429577,
0.221603421936110,-0.048224833948142,0.011097129614734,-0.639283524140338,4.380633382448592,3.909244015202379,4.803804153593498,2.076884822807763,0.900941987241134,3.333300449420903,4.701344349902024,3.754306061790712,4.930631065187093,4.778418990772014,5.434635183919422,1.556244089332000,3.143892813840294,5.803520115480950,4.490914468371019,3.509711151587173,5.244627924426110,5.210460975838454,0.081014064484895,3.036916714747956,4.284540751588232,1.024510197602130,4.904571825994422,5.695511982672723,2.465864947691359,2.368187470781077,3.124001098377688,3.725946028010650,7.365652731183904,2.981575121914768,2.715931246062716,7.031007695916343,2.341149620512620,3.181342552097995,0.835713378864732,2.531051179084863,4.377848939562632,3.805381989429930,
0.222384485845447,-0.048223457466938,0.012205510447250,-0.639845893034140,4.380633754294349,3.909865700204414,4.803356349221744,2.076850890170221,0.899138909772454,3.334289413266509,4.701133051235749,3.754298471142235,4.930449169886492,4.779027910488752,5.434068294270123,1.556668860207270,3.143288530304595,5.804128825334269,4.491006689804360,3.512157478938016,5.245128964270400,5.215172650216041,0.082321159853858,3.035619126217260,4.284840658978850,1.024455858762932,4.905463677923827,5.695620399690082,2.466311785562835,2.369168473867155,3.125309829126741,3.724602872613473,7.370038678841834,2.981182218337334,2.713543456837586,7.032216446884936,2.340058718210410,3.178324325713342,0.836686629683366,2.531729377596084,4.377371235087340,3.805381989430325,
0.222780565915848,-0.048626383543419,0.013603757276812,-0.640614787576571,4.380543924596737,3.910598949447039,4.802803289786459,2.077010031636616,0.897376320215138,3.335117777187210,4.700988411348883,3.754290679308863,4.930136864499990,4.779539164603264,5.434093409986778,1.556997553370014,3.142786503245592,5.805219368713016,4.490615443855600,3.514126668276160,5.244973630193929,5.219914491498277,0.083069196871407,3.034263501974738,4.284816900735176,1.024899611594075,4.907407593756696,5.695404825679953,2.466838396998357,2.369595872570083,3.127376169296499,3.723822561814603,7.374227601510181,2.980901510360320,2.710647864848894,7.033579928125057,2.339496379752453,3.174944810862483,0.837710432429637,2.532538688118171,4.376707065753076,3.805381989430692,
0.222485760576202,-0.048910726945424,0.014693221468027,-0.641523802638933,4.380733941808404,3.911092961430811,4.802529446091317,2.076894466787384,0.896292286268554,3.334844377943470,4.700870544329419,3.754285183463817,4.929678230431652,4.779879293397067,5.434239207707416,1.557260212237753,3.142466685474532,5.806414701828351,4.489948644910450,3.515037478852589,5.244254879564239,5.224053777228340,0.082893460571750,3.032013763556632,4.285272460861778,1.025622633985039,4.908867843775270,5.695014915832546,2.467286189699274,2.369354089996825,3.128620222082386,3.723579738974261,7.378214468992313,2.980727272757719,2.710024136571259,7.035083427698689,2.339579371907093,3.170130401496225,0.838602825742433,2.533277023329256,4.375943706535280,3.805381989430947,
0.221888447104760,-0.049749405375968,0.016052955584153,-0.642512798299841,4.381299554816335,3.911219513312155,4.802245357094243,2.076819867567135,0.895696433174484,3.334226031945324,4.700767546910216,3.754281478620134,4.929194764540453,4.780174154315636,5.434375752631127,1.557488562296299,3.142194782914704,5.807576670671270,4.489198692722267,3.514710334806043,5.244027407252701,5.228318045739042,0.082572766069965,3.029082360897744,4.286536877130686,1.026194224528739,4.908817941980367,5.694827923920331,2.467666845115255,2.368833738432734,3.129777176004520,3.723403517882985,7.382389192364192,2.980836175491298,2.711023347814238,7.036400011107235,2.339941336296562,3.164585301592916,0.839390204529358,2.533965743757652,4.375329357537012,3.805381989431015,
0.221904483063174,-0.050590455090617,0.017080463052624,-0.643257839838745,4.381679766547143,3.911611647934367,4.801949703241397,2.076792449192086,0.894925300936176,3.333916759534967,4.700715905479929,3.754275720896939,4.928699479983525,4.780431954674057,5.434428307135847,1.557655112561005,3.141958099311415,5.808642251028086,4.488634426996885,3.514803709686354,5.243785016096342,5.231582554368884,0.082681112169806,3.026969492378007,4.287421823406047,1.026955161163319,4.909113980928272,5.695088715447929,2.467844776194884,2.368334680891224,3.130985780098849,3.723189368435874,7.385610235950675,2.981208445150888,2.712093776018703,7.037631794089457,2.340297030637140,3.159114698165841,0.839821128110579,2.534309227100631,4.374780365955753,3.805381989431164,
0.221610524063547,-0.051758781643202,0.018324879994359,-0.644088563632328,4.382392927968716,3.911766754251741,4.801673904066747,2.076776542201844,0.894449604737686,3.333565965483660,4.701115153226500,3.754253765217340,4.927959965661769,4.780589261508638,5.434786119426596,1.557352092852892,3.141813680901604,5.809745851172735,4.487882004683011,3.513994904662807,5.243459092943366,5.234921526186596,0.082997140513322,3.024556123903798,4.288777417807824,1.027923183576523,4.908975435180112,5.695136478314664,2.468176197543512,2.367642688521037,3.132325937325394,3.723427899856087,7.388941711740770,2.981536898386668,2.714093148744118,7.038707231477514,2.340841073403975,3.154670305178646,0.840467574673342,2.534889193274723,4.374316091311539,3.805381989431271,
0.221330378279569,-0.053228818040175,0.019218577364038,-0.644344478343784,4.383280504508174,3.911609901102246,4.801333352223802,2.076873401232078,0.894333805303533,3.332680837235660,4.701690586771411,3.754223735648308,4.927453719931620,4.780785597127219,5.434872976954461,1.556864692108269,3.141605388547822,5.810604742043180,4.487487584086224,3.513583818542620,5.243793741811745,5.237606075589976,0.083409980734451,3.022952847919501,4.289583882027951,1.028684290040186,4.909131164050321,5.696151105471725,2.468305757993623,2.366900027001662,3.133559488538977,3.722606619172066,7.391517435623808,2.982657950210966,2.714566493320527,7.038990508076304,2.341447123732506,3.153347266463988,0.840349544003369,2.534457303227871,4.374649999262779,3.805381989431284,
0.220380978072266,-0.053781838547534,0.019305972488958,-0.644982049168520,4.383767314123927,3.911681363413375,4.801007767503892,2.076975988694540,0.893354040176027,3.332510379048675,4.702075784975736,3.754205414212278,4.927054659935854,4.780970198436215,5.435415501741697,1.556508247176305,3.141417127927372,5.811900555168131,4.486790188777070,3.514316390923846,5.244237917737782,5.239150195879212,0.083343441894063,3.021913428227634,4.289589492926485,1.029031848204803,4.909596777634179,5.696024726054737,2.468934361695586,2.366613980876757,3.134468416698556,3.720733869528410,7.392993039334309,2.984297924454765,2.713607352374079,7.039798152287407,2.341591330956247,3.151830364867477,0.839548126526847,2.533379234148922,4.374412398099238,3.805381989431222,
0.219853681837934,-0.054544166898418,0.019062489482016,-0.645257948543979,4.384563369305150,3.911564259469185,4.800435758159545,2.077415228701219,0.892877986852135,3.331997993369995,4.702682176859642,3.754178200357678,4.926521706232778,4.781207680659527,5.435637961222395,1.555922091990532,3.141167492767352,5.812841212911361,4.486356389725950,3.514927322195368,5.244213869186695,5.238895956870905,0.083572337658050,3.020632995739760,4.289935675045847,1.028579455215321,4.908067456498389,5.696316130525875,2.469348394495889,2.366313442938859,3.135385649116663,3.719438244501785,7.392577910571821,2.985880174205202,2.713009849791217,7.040299710254583,2.341756109410419,3.152001473846154,0.838207589201873,2.531734849942177,4.374454971318810,3.805381989431171,
0.217875081532271,-0.056688698935756,0.017087967110561,-0.646235066229082,4.386237477699299,3.910153642651157,4.800972828469298,2.076747338450700,0.894613842119532,3.327264568944484,4.704895791543974,3.754057099322436,4.926045852857928,4.780668244948495,5.435960756016349,1.553900357148700,3.141827740522992,5.812665964380294,4.485399485658365,3.512713858405208,5.240792331510115,5.236410947198864,0.082197869370742,3.017801890656684,4.291946708610233,1.027859010224432,4.907345782338437,5.699666775268495,2.468094555739793,2.369486626248175,3.136740542379564,3.721847099001124,7.389595057583154,2.985353176898536,2.711666344631624,7.039118878762241,2.338441796999513,3.151920766764701,0.835583271350259,2.528555203936381,4.375996063374744,3.805381989431296,
0.216072766455479,-0.058527627274105,0.015459247248131,-0.647354612931181,4.388152520053618,3.908763212267227,4.801643761079861,2.075870189726723,0.896221248344691,3.323546240262689,4.706813096935878,3.753950434446732,4.925361788549002,4.780198869310357,5.436090678310867,1.552160202004419,3.142417407410860,5.812444088062359,4.484692871535060,3.510487006981392,5.237748045403008,5.236447109442240,0.081138405977001,3.014896608722303,4.294321042238080,1.027789006445490,4.906751539012159,5.702137846821079,2.467187694487663,2.372306061597670,3.138222935404589,3.724420247250999,7.389333351050548,2.985073042837862,2.711802155429532,7.038341493572705,2.335466051633807,3.150374912857627,0.833239779906103,2.525736901837048,4.377152889196074,3.805381989431365,
0.214129995124521,-0.059640481548667,0.013671323063144,-0.648611406144981,4.389870030961364,3.907864323200380,4.802227132104281,2.075149197234101,0.897427050850316,3.320677390541237,4.708624118537870,3.753848794885216,4.924501607577906,4.779760495033586,5.436561643237938,1.550507722036175,3.142953122037817,5.812769882129840,4.483764044051441,3.508167708692636,5.235816703462847,5.234821534423351,0.079595425079793,3.012019307380855,4.296874588910425,1.026834232392943,4.904964559496361,5.703742334082056,2.466646564858674,2.375628805991743,3.139647808211450,3.727399730874438,7.387569742312255,2.984722627391110,2.711725927904792,7.037918582230742,2.331998012142632,3.150993040439152,0.831329846316187,2.523396936480971,4.377979882600585,3.805381989431663,
0.212548657914130,-0.060948731343779,0.011763953717653,-0.649714708343307,4.391586088217831,3.907056072722451,4.802764095653780,2.074480928612553,0.898682318610272,3.318117070677936,4.710257218982012,3.753752855764908,4.923691782006751,4.779375526482950,5.436925369922593,1.549029070206613,3.143429958221840,5.812993371569664,4.483059679760121,3.505401979945005,5.233640138941817,5.233669004101878,0.078328887280825,3.009209143565952,4.299105734010817,1.026177594353863,4.903771848298080,5.705271572973216,2.466157700299564,2.378366715375964,3.140910864262765,3.730953243486344,7.386432440528831,2.984240129353569,2.711528382505945,7.037539368885070,2.329138913142923,3.151165023401927,0.829903793730345,2.521592758817618,4.378748835880327,3.805381989431932,
0.210983482118597,-0.062004083850610,0.010043880759356,-0.650623060913404,4.392818290860550,3.906685959466556,4.803006608680166,2.074098446373511,0.898672177869869,3.316387570989102,4.711823427003304,3.753654161705366,4.922645459874711,4.779196733263290,5.438005032120663,1.547653991877492,3.143685709461306,5.814053254022241,4.481820081824994,3.504316461640608,5.232101535930627,5.231282508362098,0.076069893568812,3.007290859042661,4.301554384519441,1.025042259024302,4.901603595112624,5.706563947130362,2.465789057353061,2.380912071518551,3.141791336064340,3.733734106636314,7.384456572755760,2.983157986332640,2.711997247781996,7.037319382878478,2.326450584610286,3.151885862066244,0.829669765291892,2.520963732820034,4.379310237010412,3.805381989432176,
0.209649018447517,-0.062689712582224,0.008326653655331,-0.651446076964807,4.394148854767414,3.906406749516353,4.803145250413087,2.073846909624749,0.898902761560575,3.314840182291934,4.713463606524956,3.753552211045176,4.921447264306297,4.779030625354759,5.439278585795630,1.546172726360899,3.143919630430619,5.815379817259566,4.480374153283442,3.503015953710482,5.230090931459139,5.227341255633712,0.073912602930123,3.005577868079623,4.303557013108932,1.023936862927862,4.899053995704871,5.707247541086393,2.465614358764213,2.383880000141833,3.142110869343755,3.736287620976741,7.380789352151538,2.982508918888807,2.711638396517954,7.037414632006413,2.323396694690369,3.153535190154514,0.828916247788234,2.519956325250448,4.379540347801981,3.805381989432421,
0.208891535383263,-0.063326241380473,0.006171206985849,-0.652470484203871,4.395205265203224,3.906197083615835,4.803191187724865,2.073721164362293,0.898544770193052,3.313838811301260,4.714696277627900,3.753473097794424,4.920541842728776,4.778843829891277,5.440369281222494,1.545108308056507,3.144173315014386,5.816647570597510,4.479216947231613,3.503150256220286,5.227590056240325,5.224066648213142,0.072591893367923,3.004287079173259,4.305439130233449,1.024040460243056,4.898827995283122,5.706592263996284,2.466108309894135,2.385297076230216,3.143146037692786,3.738851321000828,7.377846806505035,2.982755912310801,2.711813937195689,7.038413001397147,2.321846969168357,3.152478017140258,0.827153536719631,2.518058360860351,4.378943556132544,3.805381989432484,
0.207823174830280,-0.064794996146794,0.004303916000813,-0.653477813874356,4.396133494893621,3.906155730319831,4.803573685196827,2.073225797499567,0.898343570802180,3.312998366690968,4.716384114945641,3.753345720231231,4.919498835772300,4.778595917370947,5.441411910085674,1.543578470687449,3.144494016221299,5.817504670390178,4.478068453373602,3.502815623582429,5.223962109287151,5.220222436279596,0.072051148335391,3.002826710530604,4.306739769976338,1.024097354166396,4.898584085460287,5.706796549312405,2.466047853065482,2.387271203104463,3.144580854479575,3.741767679199707,7.374614992316767,2.982681249899888,2.711833318695733,7.039162534720854,2.319712004180732,3.152183318218925,0.825724793424687,2.516517540250024,4.378518772036312,3.805381989432485,
0.207138159873536,-0.064161712597890,0.003174498709933,-0.653760853554454,4.397365393179294,3.905754736672678,4.803961444307483,2.072670901273901,0.899951304518838,3.310651906183295,4.718043132521275,3.753203760194501,4.919239084430998,4.778413006661627,5.441316534918909,1.542186918497489,3.144817613024321,5.817372216032436,4.477526503944296,3.502671825352286,5.220134184880837,5.215840249123027,0.073030435993126,3.002211550180198,4.305405986870916,1.024511754811037,4.900914701000871,5.708161724086359,2.465323323271145,2.390455354873998,3.146042290462770,3.745474038503771,7.369889739072909,2.984616335921578,2.708221269070030,7.039475081176927,2.316367371608066,3.153456635962391,0.821767684638280,2.512612246090020,4.378502122334582,3.805381989432616,
0.207388545234505,-0.063266754294121,0.001763789376936,-0.653680576233183,4.398229973423947,3.905651480467170,4.804235722234203,2.072264428520389,0.900519332054352,3.309521166828751,4.719293874842992,3.753099915556572,4.918946553129027,4.778231503943228,5.441063535653303,1.541170589805669,3.145130609109500,5.817252381899567,4.477407749701055,3.503852272684529,5.217560600140689,5.211338248449300,0.074512260174077,3.001733215453158,4.304747702734197,1.025781601592539,4.904191084737786,5.709401909356659,2.464848460755535,2.392703279398850,3.147383638154815,3.748018835984578,7.365210957395806,2.986440056828751,2.705494179661949,7.039990478740062,2.313970665057381,3.153354637011652,0.818614911918594,2.509488846945836,4.378297901893557,3.805381989432906,
0.207989601530220,-0.062677315212200,0.000174085070154,-0.653413618230504,4.399019697419053,3.905764403669043,4.805137897710930,2.071137196925546,0.901647429877226,3.308493177085309,4.719556817961871,3.753062297829493,4.918897624294397,4.777917329997620,5.440139285447708,1.541181984640339,3.145567775937160,5.816592196576552,4.477358212469557,3.504847729344963,5.214084984118871,5.207022765677939,0.076267532763025,3.001178087954400,4.303269674583367,1.027758619563417,4.908912220609647,5.710806165010426,2.464283073796521,2.394197238586225,3.148663022298700,3.749828739620688,7.360863381754857,2.988498597238469,2.702911509107310,7.040445622494359,2.312347033212788,3.152395124161602,0.815244695846018,2.506174319815931,4.378196436555863,3.805381989433193,
0.205842465352200,-0.066115350476650,-0.005428727548109,-0.655226842227363,4.398931889659734,3.906419076733608,4.805796276247243,2.070346164951862,0.901196445654105,3.308895360310729,4.720622407173867,3.752930352153579,4.918931485386286,4.777729619015407,5.439915390724287,1.540464519555087,3.145835112720812,5.816608845242519,4.476825909202971,3.505625036442777,5.210241214242415,5.203350747879994,0.079126939691234,3.003484318995735,4.302731908841388,1.029132350999309,4.915762137059589,5.707642267334027,2.465820650766166,2.391771474716192,3.142481429607984,3.751251689900471,7.356536885935372,2.989243732011165,2.700583395761553,7.042954665547170,2.314273809031129,3.150789441833199,0.810852360333559,2.501964156823789,4.376263502248052,3.805381989433454,
0.203951380046762,-0.069224181558065,-0.010495248956027,-0.656724381572740,4.398877158389626,3.907360130212351,4.806329222652455,2.069713821968305,0.900504375944194,3.309902175427072,4.721609950010363,3.752818756215530,4.918424206714031,4.777460091044330,5.440441777357540,1.539772627776442,3.146181782876230,5.817421911852667,4.475746791211723,3.506132423969305,5.206159313133817,5.200013031570910,0.082186990295821,3.005019781183278,4.302434329617571,1.030769947916774,4.922278947848656,5.704902678695105,2.467086327672591,2.389648393325783,3.136884356841021,3.753913652888108,7.352734683990929,2.988843491460465,2.698185921387196,7.045126292035479,2.315943551719803,3.149072101029313,0.808627917153485,2.499854483080632,4.374604672846702,3.805381989433746,
0.202436999461335,-0.072157336857319,-0.015133674169826,-0.657765920884230,4.399116274534549,3.907862740025217,4.806827479156105,2.069119397447398,0.900132293052267,3.310492571278720,4.722570317495351,3.752706125000396,4.918039460814891,4.777203091364091,5.440788157909954,1.539092868346090,3.146507842833608,5.818065442598185,4.474943318665594,3.506317984148593,5.203160960351008,5.197688816243001,0.085079791849497,3.005826358263017,4.302168422316650,1.032499092323116,4.928315534409993,5.703060328005997,2.468071827334693,2.387717364125873,3.131955260630900,3.754837035466622,7.350157721779560,2.989022003978167,2.695821096444786,7.046717788343734,2.317443531153547,3.147127094018202,0.806226682959855,2.497555512582962,4.373498011131013,3.805381989434249,
0.201572900257714,-0.074904363412749,-0.019633449153942,-0.658416616105550,4.399594377168246,3.908303803433496,4.807304259725266,2.068548095352521,0.899874886902349,3.311270792382807,4.723237026115429,3.752623548746292,4.917571163869064,4.776929386632929,5.441055600086163,1.538682117241630,3.146853662630483,5.818685672147712,4.474341808529244,3.506119993524715,5.200425216280865,5.196048046419566,0.088030048042656,3.006176070982107,4.302418043667559,1.034817742023770,4.934409409045093,5.701740543665553,2.468887150282933,2.385603251919098,3.127375190756846,3.756045536688633,7.348440944106938,2.988940820727370,2.693934784053866,7.047961054133260,2.319181903615267,3.144416166111885,0.804696486881696,2.496062673608797,4.372716371800340,3.805381989434712,
0.201025641486328,-0.077516573353784,-0.023938162685000,-0.658916221602356,4.400156829476257,3.908818063249008,4.807670570821581,2.068104919151016,0.899793546419872,3.311991753821269,4.723878057909765,3.752545622257231,4.916888552970139,4.776711735253825,5.441574419950721,1.538270577855564,3.147132441200885,5.819469687304158,4.473594971292351,3.505381334043310,5.197117370616511,5.194759222632603,0.090637062097671,3.006454252881004,4.302334324668375,1.037032170142010,4.940417932430889,5.700665686798171,2.469583331771583,2.383667846414701,3.122794996743811,3.757870083162246,7.346966396232908,2.988803828038049,2.691728429580886,7.048985263086071,2.320813516136187,3.142260217943112,0.803696314821446,2.495103089812640,4.372063874545650,3.805381989435219,
0.200394584831039,-0.080685527015286,-0.027738816509920,-0.659657899015880,4.400923263000912,3.909562802977359,4.810083324101383,2.065329096097938,0.901074842361468,3.314327696360126,4.723908061984397,3.752509900942993,4.918290939240666,4.776332546047458,5.438185539062168,1.538506417330386,3.147579856006977,5.816480731210564,4.476264433417123,3.504996201976674,5.194731788137987,5.192877770696935,0.094119823116131,3.008712660832038,4.299861559060454,1.046330466464734,4.956638173277785,5.699091359015914,2.470652632515763,2.381126563451695,3.119029663114816,3.757497430368565,7.344661939991288,2.990129565920568,2.687811226380205,7.050228987288420,2.323058553187419,3.136223407530764,0.800411132079499,2.492447680550119,4.371230964856074,3.805381989435617,
0.200273028959810,-0.083217560751742,-0.031773922199614,-0.659948025256556,4.401868068599513,3.910120417605251,4.812127808194040,2.062960212835597,0.902393207461675,3.316220046436575,4.724138113019740,3.752462643070075,4.919288531010424,4.776017651140746,5.435327183065326,1.538499695590107,3.147953591996197,5.814030519852380,4.478464451696723,3.504378344049826,5.192153396143975,5.189963758402000,0.098080936345632,3.010732962471171,4.297528704035336,1.054984019205542,4.971679987804784,5.698261160008576,2.471352331753419,2.379507951039511,3.115120426861695,3.757479329968405,7.341446953784196,2.991172322240937,2.683905460552309,7.051029049589625,2.324444592707388,3.131277621968177,0.798036995472522,2.490534272628862,4.370805250575888,3.805381989435941,
0.200602665282821,-0.085534038860247,-0.035680858616805,-0.660056914999122,4.402994361657019,3.910353671075653,4.813995939690428,2.060785449625567,0.903805260823999,3.317667574691975,4.724514863567410,3.752398912243747,4.920465361817788,4.775774000738658,5.432066264816194,1.538337768866831,3.148239480632315,5.811263137977106,4.481155308609269,3.503756352903013,5.190030603726703,5.186663062142784,0.101713465069422,3.012787613132478,4.294929622860431,1.063203702954217,4.986405649406165,5.697799387331547,2.472032600370693,2.378129765489222,3.111581831574300,3.757185228008255,7.337873254077099,2.992851477139750,2.679673727292466,7.051767331127652,2.325633091414276,3.128196755940048,0.795064140316677,2.487920229608605,4.370422736484231,3.805381989436266,
0.201227397615844,-0.088521350655161,-0.039200750243353,-0.659869023800146,4.403782576143130,3.910753804840995,4.815827826755558,2.058770724752207,0.904420589250051,3.319314638021978,4.725454272890439,3.752270138473226,4.921498203204869,4.775396682059800,5.429815892566911,1.537622440442590,3.148642885735124,5.809583390875622,4.482955023313659,3.504328971644117,5.187761158451281,5.182764060393835,0.105552520369408,3.015179057211716,4.292800874976614,1.069465222039563,4.997632092774407,5.696738651634830,2.472819189120262,2.377806183180285,3.108049638649447,3.757774771465825,7.333450325541654,2.994097537711963,2.676394131657973,7.052612962746272,2.325716862973330,3.127688978632159,0.792322541276404,2.485597284778934,4.369902869434624,3.805381989436609,
0.201738095481621,-0.091585168300259,-0.042295895590557,-0.659970932232408,4.404442939689792,3.911273939983568,4.817526893741709,2.056899852895584,0.904615929310808,3.321135245956341,4.726343578228883,3.752145891496098,4.922211612070762,4.775033216798554,5.427984697380624,1.536962546714093,3.149036262413752,5.808250028543357,4.484500190602754,3.505060252300865,5.185406636332357,5.179783906832270,0.108683814750483,3.017361041163562,4.290670989718501,1.075114589296356,5.008148333021814,5.695201027044841,2.473796153543708,2.377102604403784,3.104795473995393,3.758976630500375,7.330174951744509,2.994923690076189,2.673202032332265,7.053843767502220,2.326195867552660,3.126290126648775,0.790136835009421,2.483744083639575,4.369045750468737,3.805381989436873,
0.201941161656721,-0.094212992871234,-0.045295832040848,-0.660164783741250,4.405011422358537,3.911831833982229,4.819065668502100,2.055224769530570,0.904432938647013,3.323046474273302,4.727383898699734,3.751999809589582,4.922617038331172,4.774682373858683,5.426654140058976,1.536171043729041,3.149413759889095,5.807238275645537,4.485798471966055,3.506062605996147,5.183442866235434,5.177773407604550,0.111290438501855,3.019933719601565,4.288583545882638,1.079839288532227,5.017607999927801,5.693539494677607,2.474820543862662,2.376893694104026,3.101831763567781,3.760126000471735,7.328108452016500,2.995549787192358,2.669720305501634,7.055056198321875,2.326197738682976,3.125125584952494,0.788668473614250,2.482531553833687,4.368144507182865,3.805381989436982,
0.202458743621251,-0.096767207011540,-0.048165650472978,-0.660172090450924,4.405398388051386,3.912563074417588,4.820477784588094,2.053701336650411,0.903751828802173,3.325477325472169,4.728351628474343,3.751849033932559,4.922793001694399,4.774359437791661,5.425795733606948,1.535449973479975,3.149761588123027,5.806687046009650,4.486789910434329,3.507341187211776,5.181607630146506,5.175742386672262,0.113927556671354,3.022526872438730,4.286639286009997,1.084208918977321,5.026638850560717,5.692223189126104,2.475696677503353,2.376503950978115,3.099596183397355,3.761838456342759,7.326056798346450,2.995442832695863,2.665984672895557,7.056184957164645,2.326393670000516,3.124297566879545,0.788478613059854,2.482566237989113,4.367289432930709,3.805381989437143,
0.203110445470330,-0.099066045923609,-0.050800107778110,-0.660053486054237,4.405664437820647,3.913457103735237,4.821784034319577,2.052294716361545,0.902693781292593,3.328435987864742,4.729012091812727,3.751732363038221,4.922827867591917,4.774029412532125,5.425674667285717,1.535023690671344,3.150119762576507,5.806755417500185,4.487229776249126,3.508389044679048,5.179721778261260,5.174052973775960,0.116616357642311,3.025308871385387,4.285517095238783,1.088469465893701,5.034544177661666,5.691092148677047,2.476420527357686,2.376194732072813,3.097449050508104,3.764100415091462,7.324445445961277,2.994383885246390,2.663151226368834,7.057218031089133,2.326521933590510,3.123341133601735,0.789648060988102,2.483947609682692,4.366447488868421,3.805381989437108,
0.203895259226035,-0.101179322826916,-0.052960235840369,-0.660039293094934,4.406090824952059,3.913943773156425,4.822786995576916,2.051152022672478,0.901904931047905,3.330760199035276,4.729807101910617,3.751600331356178,4.923169702050893,4.773867418519184,5.425279317380166,1.534450683027707,3.150297041221875,5.806638362133436,4.487853006817819,3.509164944407368,5.178492097164481,5.172041636948120,0.118783852848559,3.027771853635437,4.285013229098269,1.092062543503816,5.041005634648498,5.689976525597171,2.477195707018148,2.376074016322685,3.095525199291654,3.765523918524887,7.322549453542356,2.993983584836045,2.660848049423611,7.058330738104720,2.326487536277567,3.123626071086500,0.790242656536732,2.484797633689124,4.365564925831290,3.805381989436829,
0.204610772001875,-0.102954525973264,-0.054949170758127,-0.660018775212750,4.406300617665404,3.914569288422567,4.823717049633186,2.050117861812617,0.900941416327099,3.333147423613470,4.730576010700700,3.751475220062877,4.923299017533676,4.773695179402371,5.425377618856468,1.533876567549335,3.150480132820758,5.806970844358975,4.488041944566066,3.509370974642279,5.176915286111319,5.169798931318738,0.119776250007638,3.029775955796853,4.285006029878935,1.094819920949252,5.046144347891127,5.688903254100708,2.477817926681345,2.376141659600248,3.093716302045873,3.768069254985453,7.320725461310582,2.992640378370793,2.659084411391860,7.059430642142876,2.326277028111376,3.124215555106467,0.792069264347116,2.486901594769392,4.364609816772692,3.805381989436543,
0.205123267806234,-0.104361342830979,-0.056895565249025,-0.659990250849161,4.406083145279759,3.915576080658184,4.824428129613402,2.049277498964876,0.899237599569626,3.335937890428609,4.731538013922179,3.751321124681235,4.923272383878673,4.773627236294920,5.425949048842597,1.533142909886058,3.150546976661330,5.807837955718141,4.487893600254387,3.509812808513193,5.176102699651691,5.167072526390748,0.118730675601291,3.030815837464337,4.285886987919550,1.096739311076090,5.050110576681456,5.688105631128016,2.478164206803141,2.376622396568634,3.092035686401362,3.771967255617736,7.319015986168590,2.989358536781995,2.657911440919298,7.060453495934195,2.325653360479470,3.125109433228382,0.796447131276275,2.491413197925525,4.363621281142462,3.805381989436261,
0.205660832022851,-0.105940487468110,-0.059051245409151,-0.659828042589657,4.405932193925940,3.916607954095268,4.825024600803814,2.048570143136546,0.897640703055669,3.338679107208011,4.732521284570406,3.751170078361078,4.923018477987987,4.773530501721062,5.426874139444661,1.532360632010621,3.150651496174182,5.809047221988412,4.487458303970246,3.509676582535215,5.174686460015791,5.165376136104370,0.117941285674405,3.032724598016091,4.286500482964141,1.099231631343089,5.054741023188319,5.687654371973304,2.478373425543041,2.376889089170721,3.090065602678203,3.776558208912019,7.318260015044540,2.985863938718333,2.656492510003697,7.061200683835749,2.325324550067987,3.124976261654689,0.801147098424514,2.496163603310031,4.362892957478548,3.805381989435971,
0.206097295409085,-0.107227252377704,-0.060936034147753,-0.659698527410485,4.405552287132337,3.917906538883628,4.825415120733280,2.048077517827616,0.895581623894073,3.341534227332911,4.733657165850557,3.751010113365626,4.922565030251643,4.773422125506977,5.428334298637788,1.531392542498487,3.150770342680679,5.810843526164229,4.486573684883666,3.509468204531083,5.173367125409986,5.164616371463739,0.117415794077502,3.034043705233793,4.287465451548115,1.101715909397858,5.058773710556946,5.687367190764149,2.478406439921481,2.377483846756161,3.088243796830656,3.782089041954828,7.318491459852627,2.981021445675046,2.654718201372928,7.061937687557831,2.324656771064081,3.124912317125979,0.807616311135761,2.502547422984085,4.362138275893992,3.805381989435722,
0.206514831542550,-0.107656773501376,-0.062664116311191,-0.659490774733888,4.405202550531838,3.919228353575219,4.825782158565218,2.047644637909731,0.893614054324344,3.344345596360959,4.735150038391041,3.750792262975203,4.922009274781610,4.773290986741642,5.430340493410586,1.530113240514545,3.150907998031193,5.813029725289293,4.485229310788565,3.509367051732304,5.171795703282607,5.164054137774387,0.116826928512514,3.034669416794889,4.288490441565212,1.103405812936437,5.061661124918508,5.686871526115486,2.478469058969037,2.379272130604049,3.086688793739898,3.787934783702851,7.318856558087065,2.976209438743725,2.653204285633783,7.062649002851161,2.322821406770841,3.124962675219621,0.814344442645899,2.509212240755315,4.361350616027699,3.805381989435459,
0.207199784606304,-0.108035087269649,-0.064401836333346,-0.659310148667612,4.405281046174898,3.919998441682603,4.826473642490066,2.046904981952206,0.892230022779554,3.346350695765560,4.735879156719965,3.750674093131920,4.921930119633204,4.773102857295625,5.431084509910123,1.529578224956144,3.151108333755042,5.814174097776127,4.484893792252812,3.509612451366955,5.170532798033416,5.163602166135139,0.116572771816387,3.035276600257265,4.288836746318577,1.106126757212323,5.065837312224231,5.686232858373245,2.478774133180829,2.379543125959955,3.086275779803290,3.792437875302142,7.319261015702573,2.972897593213867,2.653069905615635,7.063789106388493,2.322471290364352,3.123269275791894,0.818980761212633,2.513831434186955,4.360268937686824,3.805381989435198,
0.208031473954048,-0.107926925667572,-0.065991308121763,-0.659092624714660,4.405505596409003,3.920590682926708,4.826974828572372,2.046278639590033,0.891100022179157,3.348360678016102,4.736732581196206,3.750530203747873,4.922164509981219,4.773057086513842,5.431757979871512,1.528954315639564,3.151171383555152,5.815177572551741,4.484710747813427,3.509736683858260,5.169702641755178,5.161882211701532,0.115659016365296,3.037256481678494,4.288132026434411,1.108134241921134,5.070046535703999,5.685732314703610,2.479157378698806,2.380199588035917,3.085923003183066,3.795179354928556,7.318346923217090,2.971085501260186,2.651564545628209,7.064687400495633,2.321750191688047,3.122520596766341,0.822284323172369,2.517137431542841,4.359423825313543,3.805381989434982,
0.208575864508944,-0.107826172632151,-0.067231132962285,-0.658912836406850,4.405896899791497,3.920915896661311,4.827371188326171,2.045762290446473,0.890083431624428,3.349714478929085,4.737301600614631,3.750416668389030,4.922313828508972,4.773007772135262,5.432380426714801,1.528613112719194,3.151237604528289,5.816159418489734,4.484598506409938,3.509933441174899,5.170388028479353,5.160928402581725,0.114753041660109,3.039338326472847,4.287485489984972,1.110009329929464,5.074177638715112,5.685859633464604,2.479488608275501,2.380559950376593,3.085751715594431,3.795708005103666,7.318213114821598,2.970113805759096,2.650088511828011,7.065187307142769,2.321305142982654,3.121118314628513,0.824678695950532,2.519473131498533,4.359033292881662,3.805381989434839,
0.209067594641759,-0.107543441633684,-0.068183968792554,-0.658849782699457,4.406340821355701,3.921141242778786,4.827857983983785,2.045246244631409,0.888950976584436,3.350501800319864,4.737692150573277,3.750347568459959,4.922416480042388,4.772839634830647,5.433140936816587,1.528332521287777,3.151421097210115,5.817224616603847,4.484317847948192,3.510617227216251,5.171473709566035,5.159921159986212,0.113795207899278,3.040440768617584,4.286643444700804,1.111759950367191,5.077844364639701,5.685817548851191,2.479879624380701,2.380841723137316,3.085029823578294,3.795301830606543,7.317988035106886,2.969467600414090,2.648698477273969,7.065920920623781,2.320913899463168,3.120182618659979,0.826659450700260,2.521331483599709,4.358420801621793,3.805381989434914,
0.209507205263209,-0.106691917117460,-0.068822015967702,-0.658488015983883,4.407579700194293,3.920476686411090,4.828619385333200,2.044468494721585,0.889091606827766,3.349461569739951,4.738182848757180,3.750272002987767,4.922785090114635,4.772631972757558,5.433238951565724,1.527934406717473,3.151648118332505,5.817558617564428,4.484470902273297,3.509888564838875,5.175552288143773,5.158836674004640,0.113531026153382,3.041145709302072,4.286394618403657,1.114293087564739,5.081848494223049,5.687878040919725,2.479587258827876,2.382071399651694,3.083753712268029,3.791392162216560,7.317950342142576,2.970188910576351,2.649454826532738,7.065444414795628,2.319586569231331,3.118248541744414,0.827139863632312,2.521688805210180,4.359070328133371,3.805381989434958,
0.210331112243426,-0.105899949453961,-0.069330092366681,-0.657949588403648,4.409203663154392,3.919334192239277,4.829056932225851,2.043863807056314,0.889929512363708,3.347554222744533,4.738711716392260,3.750168702681551,4.923567180916959,4.772698679668692,5.432338856420569,1.527621997951099,3.151586179373409,5.817016343804121,4.485495744329562,3.508381200063967,5.181089816492433,5.158422253405439,0.114008998629508,3.043205041072472,4.286588241192115,1.115983123403818,5.083953738705135,5.690596575801484,2.479146208844332,2.383411501418681,3.082458742655961,3.786165799753177,7.318228597446500,2.972056617407205,2.650891785727000,7.064947826300433,2.318106860120587,3.117619141745353,0.826403320017343,2.520820415205068,4.359818128029810,3.805381989434993,
0.213921540490302,-0.100480235984733,-0.070930635921581,-0.655762868127146,4.412392267926483,3.916607161043815,4.831382248412193,2.041523351435631,0.894689878619125,3.341692039766362,4.737928828890096,3.750201511166784,4.925297158209450,4.772205076710954,5.428371563583185,1.528709459960462,3.152140451303628,5.813466621090718,4.487973479227597,3.505421276033619,5.184588862585890,5.158446645937825,0.113545744520085,3.044907431808269,4.286818210165082,1.120509580491589,5.089183928464576,5.697742485664448,2.476598993889362,2.387375151372334,3.080133077601676,3.779929248245345,7.318553490919713,2.973741979550396,2.649610009993931,7.062644141223949,2.314046924486889,3.117807662933714,0.823191291197469,2.517244149029380,4.362387441260367,3.805381989434976,
0.216544475748094,-0.095242032150830,-0.072302368824924,-0.654022869630786,4.415936533776223,3.913323907921242,4.833452961951094,2.039424285160210,0.900035532940415,3.334882028524176,4.737250817188243,3.750228313200704,4.927383625604409,4.771790054495185,5.424076759364182,1.529652349933030,3.152596149735387,5.809711243037581,4.490697507305747,3.501182334270097,5.188755167769035,5.158717753892597,0.113262822532009,3.047243958647005,4.286910851219845,1.124339630800978,5.093346714124151,5.705337865737492,2.473983057973062,2.390770949320297,3.077844734447492,3.773544795266604,7.319289630662884,2.976357940255199,2.648614713426389,7.060178595085858,2.310560323288331,3.119606724525827,0.819203248807311,2.512965698046563,4.365194460829809,3.805381989435332,
0.220830587282081,-0.092207505074815,-0.072351968506588,-0.651380202556831,4.419026430195313,3.910641796191099,4.835598130047639,2.037335922519203,0.904715670467160,3.329329051812858,4.737321055433038,3.750139069604625,4.929311563620637,4.771209640789564,5.420037638023201,1.529910026640871,3.153209212896981,5.806456160071830,4.493432151764390,3.498691857859824,5.192349357152660,5.158428324451753,0.112830051379802,3.047800764724629,4.287506356091214,1.126779869749891,5.095648721216091,5.712760073221058,2.471437152477357,2.394731591754010,3.076022644365278,3.768097100611916,7.319608948580750,2.978818207759545,2.647512764725227,7.057629772807923,2.306533315513672,3.123288421153023,0.815508574988110,2.508955858775222,4.368020766770325,3.805381989435846,
0.225040385235841,-0.089481462898881,-0.071901285581964,-0.648758647335172,4.421991801829304,3.908133224285464,4.837576439097060,2.035432435527911,0.909129538223005,3.324178153803773,4.737521263554305,3.750028499300248,4.931103009796250,4.770653296623200,5.416475768154732,1.530058997807744,3.153807097383051,5.803562467094769,4.495892370553539,3.496217055154877,5.196757563876567,5.158409970374494,0.111989914454864,3.047961835713859,4.289819816396262,1.130082945819757,5.096909408526476,5.720000847214785,2.469025172798848,2.398342350718308,3.074639789316797,3.762147045257519,7.320360531261583,2.981263836739435,2.649014242403984,7.055026497232446,2.302862054945327,3.126214242244444,0.812418188197053,2.505759747820814,4.370877887045487,3.805381989436084,
0.228149404285975,-0.086314897903194,-0.070593758710258,-0.646936317951668,4.424294109325183,3.906210365921224,4.839371369603942,2.033716024690507,0.912598800313624,3.319868828354742,4.737638297547922,3.749935480536395,4.932615752875616,4.770200527310821,5.413810304095132,1.530248463279072,3.154300575783144,5.801524108420570,4.497549386166336,3.493992523023723,5.200093462148294,5.158783561471163,0.110852181941502,3.047551145939532,4.292623625182035,1.133051471398784,5.097266852974840,5.725726246601067,2.467024260358608,2.402023786945742,3.073809821220894,3.757875723420651,7.321396862491818,2.983019811280007,2.651089736239419,7.053123495872655,2.299085054793186,3.128655027820607,0.810439835046113,2.503848701192340,4.372988898134632,3.805381989436281,
0.230948541487411,-0.083503970503233,-0.069061819046763,-0.645070073725524,4.426540434100596,3.904334491213292,4.841168901190434,2.032014121909632,0.916203184364265,3.315461306427270,4.737497027969686,3.749870142025971,4.934218499672084,4.769771934373305,5.410668225147015,1.530692864159330,3.154754100509765,5.799217045093859,4.499512474185568,3.492014252063533,5.202886813314604,5.157263802772739,0.110315600297511,3.046081729352560,4.294697104463619,1.136141500259834,5.098752757281675,5.731815217139010,2.464771625890415,2.404617625761499,3.073277359912056,3.754118388933589,7.320638630765885,2.984684212634708,2.652504363089022,7.051121307527436,2.296384483291790,3.131193792895657,0.808430840437268,2.501784728034244,4.375306783147324,3.805381989436508,
0.232806951301672,-0.080928074592491,-0.067911837789501,-0.644026543575134,4.428378482677475,3.903056196788908,4.842729428121665,2.030511780235797,0.919014307075922,3.312154260933387,4.737422667655533,3.749804171783630,4.935518693305545,4.769433294586349,5.408522923105715,1.531044343647826,3.155112412863877,5.797764958401277,4.500644478000625,3.490030908975232,5.205512103671724,5.156883091177431,0.110092511501188,3.044591095757343,4.297022824392912,1.138072186741238,5.098617018228857,5.736477143328900,2.463098773620420,2.406562442152743,3.072664314334360,3.750725287101431,7.321057351602664,2.986375099480724,2.653891252437452,7.049714602335355,2.294322482069445,3.133633776961902,0.806620931448585,2.500134444988023,4.376982599348867,3.805381989436766,
0.233580645989875,-0.078062219925728,-0.067396144004645,-0.643220045598211,4.429945633986189,3.902021483219018,4.844015125939512,2.029224814503271,0.920899162605709,3.309553026428169,4.737588336151871,3.749704052085074,4.936533051250065,4.769216026893334,5.407065286209221,1.531172939842899,3.155330254629910,5.797028816092133,4.501444716914799,3.487883729232888,5.208990666076653,5.156142796654193,0.109472343174306,3.045067859029873,4.299874103117414,1.138414228644016,5.097394349774675,5.740892668694076,2.461544766166415,2.409150429791681,3.072254935338238,3.747625696550287,7.321140480948748,2.986927523679646,2.654279200574177,7.048198072398110,2.291636812807859,3.137192142412074,0.806640123474996,2.500249112713998,4.378635429895454,3.805381989437060,
0.234421744555309,-0.076035495248582,-0.066704166332540,-0.642661972175212,4.431263977226453,3.901268657821970,4.845127996591332,2.028092667960870,0.922114604859810,3.307612926767408,4.737953788746509,3.749592252029206,4.937239746224048,4.769006580689349,5.406248472410163,1.531060538718904,3.155539604107590,5.796858318237432,4.501820455367056,3.485983660191958,5.211726000905861,5.155903888010926,0.109082380551212,3.045774255782852,4.302564441977745,1.138943184818350,5.096215546125774,5.744625529786864,2.460294758398688,2.411040809507373,3.072341847178582,3.745334206361547,7.321791073468985,2.987189455043098,2.654925756334403,7.047088686743963,2.289629010380638,3.140360287703893,0.807315334457574,2.501068734967186,4.379876963657730,3.805381989437365,
0.235501716421165,-0.073450597684555,-0.066042851789569,-0.642088480287813,4.432216306296364,3.901030660713047,4.846143602476267,2.027060020828663,0.922563077692402,3.306387024771087,4.738522454173773,3.749444846882219,4.937570906097022,4.768806756500345,5.406047464194987,1.530810680855961,3.155737368900919,5.797339192443387,4.501865140615607,3.484539327772103,5.213940915045244,5.156211364045006,0.107673137101076,3.045957201319740,4.305378971690382,1.138927661343972,5.095021432692587,5.748269425113752,2.459023513034113,2.413417807665774,3.072737988906086,3.744909921126674,7.323366432565403,2.985862931090612,2.655380880578035,7.046025923839863,2.287161188791619,3.143177263865645,0.809986090932833,2.503742415881077,4.380939753025708,3.805381989437639,
0.234362006084932,-0.070819354170001,-0.062934694007791,-0.642255451946987,4.433263250585059,3.900678061847671,4.847012996421785,2.026163866646556,0.922504468117250,3.305311206044791,4.738930441444182,3.749318580233204,4.937413552253597,4.768657714768691,5.406874515690260,1.530690828750196,3.155884092533648,5.798804044984293,4.500755629192366,3.483417537300115,5.215649039076171,5.155686431785703,0.106477016963982,3.045632173494518,4.308541079821810,1.138346222004179,5.091887545804543,5.750191733307785,2.458263964165992,2.415564681062219,3.073435531566179,3.744624215911184,7.323702975272236,2.984416106933287,2.657283391004178,7.045482200617974,2.284902972383037,3.145995128837094,0.812761162026627,2.506619676459272,4.381517764680865,3.805381989437662,
0.232227540938678,-0.067644186973201,-0.060502931753576,-0.643230761225320,4.433862111060869,3.900819579179866,4.847684553348105,2.025419742490476,0.921709520970376,3.305132869412391,4.739219669122607,3.749217109858877,4.936942531646192,4.768595193431572,5.408470646048620,1.530654962921643,3.155941504951593,5.801008446090838,4.499037314132050,3.482671485112266,5.216728351398564,5.154111719738047,0.104952488162644,3.045501225643878,4.311224440979728,1.137273039442175,5.088983539018289,5.750423850251457,2.458249090549024,2.417453023626767,3.074412908268607,3.744699510135846,7.322956519878308,2.983515042897452,2.658174974344555,7.045712066309398,2.282913658814823,3.149341390557790,0.815265577362782,2.509392509030678,4.381340734786814,3.805381989437592,
0.230711285821033,-0.064770191079714,-0.058765685068133,-0.643936656819948,4.434254188721912,3.901250358129616,4.848177920367556,2.024836559820996,0.920727116261304,3.305112174791884,4.739214854269525,3.749155121042820,4.936267729522202,4.768532589420190,5.410489284791889,1.530891929213369,3.155998753613493,5.803744999247196,4.497015326715398,3.482185557473649,5.216811996197018,5.152849245606589,0.103883668782844,3.044932765311418,4.313694466954968,1.136583294641442,5.086586871659214,5.750815259995896,2.458147596389204,2.418773076319456,3.075086622042854,3.746077688048985,7.322547239833368,2.981779966702669,2.658630311893099,7.045994268411487,2.281534344201117,3.152089865764328,0.818811855370076,2.513130569500020,4.381240265712655,3.805381989437607,
0.229048959712077,-0.061842255159896,-0.057251629072872,-0.644920071298531,4.434702316910665,3.901539291547282,4.848425554002052,2.024443100588921,0.919137770701530,3.305636490554982,4.738837727325124,3.749166932587807,4.935789934742409,4.768597854213673,5.412650060869963,1.531333981308930,3.155918225321510,5.806617510040395,4.495087584376553,3.482608719236542,5.217319441879300,5.151387601764712,0.102784917861076,3.044102297539781,4.316613774959359,1.135372663984234,5.082625572264118,5.750644623035825,2.458227593142506,2.419957884873521,3.075884121849258,3.747684165979287,7.321361131648272,2.979636621435286,2.659739582111917,7.046567894086503,2.280365545891049,3.154944130318691,0.823117748347198,2.517584120125629,4.380816567347900,3.805381989437504,
0.227549379625503,-0.058373457150727,-0.055952866662533,-0.646160482970360,4.434741320759120,3.902186378328876,4.848806884296239,2.024018130438193,0.917048815800185,3.307243145362080,4.738445215003414,3.749189886459752,4.935591089474124,4.768506797445375,5.414267591978856,1.531750639576750,3.155990425520757,5.808898020791041,4.493902954923214,3.483573194186617,5.218588049452650,5.148901443169305,0.100891803097515,3.043489660322710,4.319786047356529,1.134699106398928,5.078453751551403,5.749721190900519,2.458650208807970,2.420957605199843,3.076434295564999,3.748274829919025,7.319505846458735,2.978249522474657,2.661907577666538,7.047612498162734,2.279350386645435,3.157355138472795,0.826397627978518,2.521145638301312,4.379991401445014,3.805381989437591,
0.225221991880565,-0.054923917203081,-0.053660530254392,-0.647689466175494,4.434707458196009,3.903002070923189,4.849410387241393,2.023445560589796,0.915335365959682,3.308778654991020,4.737428983927315,3.749259308783186,4.935390619994144,4.768477776740744,5.415570229393091,1.532840034295321,3.156007378826003,5.810940223603262,4.492868133250532,3.483954522562247,5.219534705112946,5.148063729085044,0.098834363795291,3.042091473186526,4.322478282856899,1.134032566222372,5.074857629931545,5.748234306800235,2.459253488842208,2.421081620978908,3.078343183959131,3.749085157971467,7.319589543299296,2.977265638617412,2.664085378492609,7.048910296903244,2.279092469688053,3.158129689015069,0.829299521519619,2.524370773255249,4.379038729441566,3.805381989437602,
0.211404291966940,-0.050975277275250,-0.053063614101641,-0.656922285794708,4.433438855270517,3.904516433455106,4.850038944617570,2.022871207635181,0.911396941088399,3.311623346347660,4.736566560448337,3.749350913102719,4.933644334114416,4.768397589528039,5.420520978390480,1.533624827734867,3.156078058360146,5.816286687296824,4.487395832255208,3.480920333465300,5.218712594062231,5.145757659140654,0.097399146766717,3.040683804248260,4.325185115418098,1.133332645409213,5.070506571988240,5.738794189886584,2.462810738414954,2.420895827979419,3.080954370129868,3.749569350936005,7.318019301248261,2.977581725739640,2.666998495588299,7.054074695587025,2.279127598120951,3.159670333414369,0.830732614344538,2.526480583024262,4.374048939713969,3.805381989437282,
0.198794855134800,-0.047485743519599,-0.052138693805693,-0.665480486737515,4.431973571553010,3.906231478198233,4.850576300533664,2.022380338593833,0.906851097665366,3.315379756205911,4.735726688960034,3.749446483505137,4.931749197858499,4.768396136806898,5.425333589409784,1.534385222190415,3.156069602282475,5.821565452075368,4.482341681394400,3.479694837288047,5.217410412987890,5.144925564840993,0.095238229666779,3.039605686791451,4.327407886534022,1.133031627767360,5.067569203794644,5.729159643035226,2.466510455750966,2.420069266640764,3.084090698124647,3.749706158873906,7.317568594045118,2.978072410745398,2.670285971975672,7.059415877267158,2.279812902067654,3.160418735856348,0.831878649890515,2.528322899688864,4.368869750956610,3.805381989437089,
0.190089846366963,-0.047174780456203,-0.049268856929434,-0.671957598787517,4.430249289444362,3.908456750075590,4.851173415614112,2.021868273890020,0.902387288338095,3.319820811439398,4.735594112662852,3.749439094610117,4.930138370388511,4.768309266071523,5.429211313675255,1.534532434377427,3.156150925598680,5.826295717995734,4.478365153138547,3.480418803495534,5.215942308038576,5.144631543577209,0.093607305654713,3.037970883012680,4.328932368093914,1.132546535398025,5.064346769523730,5.720958630751165,2.469635050866126,2.419487605127654,3.086926193709306,3.750282309032210,7.317648923141005,2.978981510033201,2.673368496169945,7.064273516509041,2.280264621487457,3.162660490890311,0.832620953157810,2.529814185184501,4.364186171201049,3.805381989437060,
0.182952693589678,-0.047241518758822,-0.046405348594411,-0.677339152746587,4.428897548818319,3.910192188372149,4.851666409748874,2.021445627701304,0.898704964899556,3.323954421151352,4.735569395360786,3.749421131638402,4.929041943947019,4.768259248521923,5.432087748853520,1.534547224670851,3.156192971777705,5.829996547117229,4.475456844014271,3.481930221353529,5.214919444392462,5.144595040498029,0.092054799873488,3.035653904152542,4.330442255962021,1.131792920221057,5.059430992086273,5.713940614017011,2.472401783294447,2.418938139174285,3.089444421620063,3.750375739343036,7.317788700339717,2.980626489395881,2.677556307466712,7.068199215313510,2.280678150927768,3.165605934663895,0.832605936973977,2.530656000719228,4.360484975253390,3.805381989437017,
0.176662109700150,-0.047332200762039,-0.043596065442172,-0.681872126724704,4.427660704406692,3.911943244147265,4.852083057680723,2.021087082129415,0.894969105247017,3.328770117508223,4.735616286461135,3.749390280696123,4.927817940250542,4.768219599981023,5.434788782316476,1.534523080516085,3.156219691164520,5.833413804527892,4.473016192354965,3.484073810863045,5.214041614427220,5.145186504857413,0.090538976736294,3.033172334129331,4.332069723122523,1.131218254888847,5.054941891346625,5.707501824388247,2.475028718779015,2.418217452555477,3.091733972971208,3.750407045327556,7.318749102234292,2.981736833733718,2.681692127418544,7.071754970545459,2.281258642405607,3.168051863070842,0.832968877470225,2.531754214434132,4.357143008990631,3.805381989437056,
0.171164240273960,-0.047059882594707,-0.041298486706169,-0.685592573422358,4.426767480410647,3.913532759890367,4.852505997075190,2.020728838300266,0.891851505187195,3.333087834952842,4.735532301862963,3.749370204218541,4.926313386851403,4.768150482784379,5.437198284906917,1.534639795273836,3.156279814650021,5.836610231563204,4.470853696030581,3.485599300195913,5.213427211443604,5.146405897436972,0.089571284320326,3.030276969775739,4.333558780079306,1.131264445427860,5.051656476268024,5.702507490716942,2.477048216473790,2.417735662556560,3.093854304051563,3.750249012433365,7.320490462923264,2.982675589450811,2.685184590076246,7.074593693567524,2.281612572266586,3.169345552644571,0.833708145608136,2.533136589983255,4.354521213397081,3.805381989437111,
0.166314191434557,-0.046693163838366,-0.039198023081713,-0.689019285585413,4.426046049048779,3.914896427142683,4.852917644058958,2.020378643161098,0.889046535500629,3.336868099426868,4.735332039231480,3.749363451812402,4.925028608371234,4.768052729980457,5.439394842361179,1.534880015198004,3.156366990193653,5.839553196428139,4.468874136863787,3.486635602953942,5.213004287187908,5.148034745682605,0.088945694861120,3.027747050866205,4.335198274971305,1.131688375730540,5.049093597312779,5.698060147458853,2.478886136096746,2.417151098301046,3.096312570168058,3.750236143778336,7.322741465445345,2.983068451298594,2.688335411680931,7.077271675120134,2.282043149116986,3.170145115864758,0.834790900535262,2.534757489307767,4.352097569369336,3.805381989437154,
0.162573248646558,-0.046261036795650,-0.037899403320901,-0.691719222251443,4.425806411265674,3.915861688243986,4.853307653384597,2.020053856528897,0.887274639750666,3.339530941553630,4.735395052104626,3.749338984198822,4.924291193122619,4.767978432902936,5.440484087677625,1.534836773134697,3.156432466754917,5.841434532504703,4.467945693775435,3.486200728283226,5.213578309316267,5.149353482134946,0.088361123596688,3.026250820719268,4.336570092531605,1.131552006267712,5.045848374057440,5.695365264390781,2.480057039514196,2.417112573589334,3.098404220027679,3.749925629613414,7.324608642504314,2.983816031229158,2.691393056865946,7.079333855639188,2.281914072097172,3.171772796896263,0.835287108789741,2.535691081285512,4.350261696322383,3.805381989437232,
0.159411530612467,-0.045846381203134,-0.036904851250010,-0.693772792134417,4.425751034528225,3.916695546542592,4.853552667820706,2.019838969022602,0.885737636156203,3.342091704522297,4.735332376490721,3.749329069931121,4.923395713799004,4.767908339922588,5.441511326231622,1.534923661326063,3.156493890068382,5.843240852506935,4.467274865959161,3.485509589244637,5.214652792837189,5.150617244142121,0.087971592716204,3.024742731760154,4.337764960391136,1.131426468007335,5.043055207578678,5.693587555987905,2.480924045194841,2.417217299914319,3.100222329310611,3.749492982824907,7.326435928759106,2.984089129676124,2.693501997754470,7.080823887247938,2.281644426335861,3.173319507539811,0.836408290804879,2.537118253869292,4.349012403575027,3.805381989437282,
0.157335611711581,-0.045056973475052,-0.036764188479293,-0.695011988052461,4.426173563605453,3.916549382366683,4.853782500827923,2.019638614084740,0.885214496270859,3.343503260870136,4.734940973345529,3.749348618627582,4.922953322924103,4.767824388934871,5.441767166427111,1.535361173475754,3.156570867693366,5.844396943862437,4.467153674343758,3.484672461988420,5.216835030303990,5.149946547995166,0.087845357318341,3.024005914070134,4.338152789942034,1.131063249586407,5.040564896731207,5.693243738278055,2.481347076216735,2.417725294888749,3.101818864030077,3.747280409702567,7.326217881238613,2.985309468054302,2.695120425588521,7.081600526929565,2.280987596094185,3.174534136018546,0.836182568684897,2.537087961968321,4.348564746419086,3.805381989437454,
0.155626587413697,-0.044289501831982,-0.036554242673057,-0.696010518435880,4.426647464306403,3.916405752521806,4.853886962700309,2.019495839655682,0.884682169745886,3.344417462523783,4.734838724918013,3.749324164607480,4.922281418474598,4.767850157607751,5.442449605105753,1.535576854875045,3.156548595320920,5.845905044456921,4.466683738215181,3.483562034278458,5.219287612264793,5.150456688564379,0.087865478832257,3.023196487902727,4.338542350926691,1.130665424886274,5.038588472939823,5.693558590354026,2.481517483818522,2.418178454188712,3.103065615933100,3.745211605616243,7.327195568617670,2.985851755978089,2.696519873939680,7.082031651362874,2.280388107563976,3.174742128693293,0.836834547840184,2.537760351675776,4.348475295506395,3.805381989437530,
0.154601866699603,-0.043552645577424,-0.035787338574446,-0.696573544991694,4.427844761796628,3.915376427362721,4.853802931996870,2.019434019911186,0.885414979801170,3.343507905487577,4.735188802326229,3.749232231041882,4.922187301414829,4.768061117010870,5.441898122300955,1.535428698719247,3.156343955769195,5.846293162311345,4.466955324066970,3.482517923256561,5.220449480193503,5.150204770223977,0.087774610138429,3.023026187334348,4.337915581468414,1.129721438739329,5.036185337025058,5.694953145290198,2.481299650518558,2.419650557347161,3.104569998876647,3.742644277985641,7.327070593941296,2.987366559093392,2.697093846954204,7.082173170008834,2.278800359099064,3.175213078321588,0.835543655162407,2.536365924997802,4.348801332449447,3.805381989437393,
0.156059028842718,-0.041696162439810,-0.033946603512047,-0.694856045527570,4.430841643236008,3.912354436890999,4.855021770592214,2.018584592218191,0.890176992808154,3.338299499516231,4.734880087863261,3.749236755173758,4.924243157667267,4.767419612240912,5.437550707179304,1.535840685354665,3.157034990389548,5.843124814186677,4.470184919527061,3.480095185081612,5.222118340130389,5.147090795147471,0.085857176878083,3.023475670667581,4.335815910811320,1.129259657936079,5.034916369128548,5.702072677939732,2.478900815418825,2.422239243307464,3.105494374390091,3.738451156376474,7.324494880123193,2.989435915790248,2.697967350561031,7.079678835306114,2.276104591568079,3.173468437617598,0.831207503153062,2.531833706670688,4.351925953076134,3.805381989437246,
0.157015583204697,-0.040746953964137,-0.031993494037482,-0.693554292354965,4.434351822932651,3.908572513395570,4.856845047656848,2.017327587407764,0.895700800211918,3.331546699483884,4.734644874417193,3.749233512267881,4.926563573219147,4.766828915549994,5.432755990479379,1.536168898814230,3.157687530191140,5.839289979529969,4.473481641114856,3.476529171564746,5.222613192679294,5.144499587530050,0.083534471574116,3.023911029834965,4.333330601097603,1.129886244308071,5.036463703838721,5.709885619670873,2.476267298145368,2.425370659367920,3.105530069984620,3.735470949177475,7.322270344614188,2.992063815261512,2.698455157058893,7.076762888490706,2.272923279580231,3.169393157772617,0.825267823632825,2.525623276677992,4.355482384800196,3.805381989437020,
0.158965837969236,-0.039994310655515,-0.028959987920969,-0.691503503188888,4.437614427936158,3.904991084458913,4.858579073114174,2.016167031178129,0.900504655744719,3.326147855579176,4.734292240492464,3.749243180050022,4.929138194819251,4.766202143893644,5.427065732373766,1.536623841077006,3.158374535122593,5.834602025294547,4.478131628702847,3.474868051746658,5.224543382342133,5.141955794492545,0.081629321326810,3.023749364563372,4.331037736664327,1.131703702624852,5.037956065415008,5.718511677712607,2.473430533488934,2.427748378827910,3.105651971842760,3.730650421239159,7.320366726325065,2.995688957008369,2.700499487686009,7.073668292982230,2.270445390152710,3.165367428422204,0.818061536758707,2.518154575082815,4.359259863058339,3.805381989436980,
0.160780348764536,-0.039187265992748,-0.026442940179687,-0.689593718766265,4.440714939628090,3.901940053663551,4.859952005094446,2.015215868561128,0.904941775810215,3.321557706918374,4.733945700450334,3.749256401931411,4.931065587707080,4.765772725758885,5.422425556402460,1.537059821463618,3.158853546628561,5.830774990789600,4.481936527696686,3.472698096282226,5.225466887304194,5.139185540344081,0.079250960037432,3.023436615983658,4.329026541037782,1.133053258524125,5.039448481698328,5.726354413650197,2.470857339296802,2.430010511160322,3.106020830307127,3.727740768495971,7.318126289947141,2.998335719442154,2.701857594337322,7.070673043307426,2.268103723738644,3.161497549138661,0.812300399267280,2.512069880397921,4.362856099082846,3.805381989436917,
0.162790916579658,-0.037334324333859,-0.024460871883074,-0.687844589760965,4.443772124035436,3.898848700238805,4.861097033553010,2.014408701499694,0.909054292780096,3.316834413502528,4.733470110073708,3.749281693917093,4.933176273277059,4.765431856253361,5.417710032227918,1.537623107761680,3.159220322841684,5.826737431435427,4.486071795006722,3.471495509094157,5.226041357895985,5.135873099833415,0.076851706816295,3.023295462636483,4.326035966731652,1.133513676190922,5.040037438135402,5.734049716623280,2.468522123674813,2.432260068771098,3.106432268169153,3.725634066836830,7.314992695872536,3.001759907349367,2.702374356994172,7.067724606444314,2.265813560295636,3.159941441236012,0.805867081728369,2.505198796436279,4.366361098031787,3.805381989436961,
0.164839566333637,-0.036147966629727,-0.022965514190310,-0.686195606597718,4.446428365674415,3.896240910140487,4.861949251070776,2.013791587713510,0.912461254305000,3.312850162994924,4.733298392033502,3.749282061886711,4.935040188150906,4.765144290162941,5.413417999551986,1.537865702181963,3.159528378284656,5.823118457392740,4.490043991595084,3.470329764670154,5.226175001338730,5.133469213476443,0.074888314161898,3.023752599346683,4.323092589135388,1.133958223929379,5.040532354047236,5.741245262141086,2.466231990376487,2.434205746248497,3.106925855935497,3.725171549599535,7.312865518034809,3.004091397923633,2.702296767848938,7.065173687503473,2.263817004633263,3.158691194945567,0.801246218718843,2.500087058606276,4.369439304510743,3.805381989436877,
0.166888040457664,-0.035563094052633,-0.021858835243074,-0.684513699208222,4.448511111830436,3.894368517760874,4.862660892684822,2.013271081225536,0.914999852016292,3.309873840383653,4.733046441809279,3.749291129439876,4.936304411742523,4.764843184124745,5.410793879994822,1.538180703644030,3.159856269678558,5.820921501242938,4.492543054659524,3.469149449199342,5.224873679348138,5.132920903185452,0.073488896489558,3.023300225111247,4.320933439826420,1.135307694223373,5.041134908648163,5.747817944618417,2.463877502395692,2.435521600283417,3.107209545227126,3.726908251436555,7.312669809634003,3.004624145271999,2.703487924391144,7.062971360107962,2.262464010420071,3.156160286053233,0.799284096294033,2.497779270236356,4.372005726064076,3.805381989436782,
0.169160692507577,-0.035336610944016,-0.021212118885070,-0.682670660469322,4.450231085337125,3.893155161165149,4.863074924802883,2.012941611923995,0.916899908657557,3.307812286749678,4.732764253603885,3.749308794799588,4.937017721106399,4.764541905526584,5.409218155842637,1.538512167652468,3.160187064193154,5.819774866470505,4.494173947203921,3.467752158708566,5.222622828947010,5.132557137337131,0.073059221769815,3.022627825172191,4.319014412135208,1.136876696095726,5.042133087464004,5.754228385376915,2.461381767858562,2.436513205382130,3.107415303254439,3.730945516766980,7.312816168999016,3.003492978253439,2.703865373405210,7.060848096723428,2.261424533732096,3.153346631923289,0.799906654774397,2.498051819900108,4.374426206744547,3.805381989436657,
0.173483179039729,-0.034767035559302,-0.019118240840282,-0.678466009773828,4.451160025117133,3.893199045865545,4.863269191660130,2.012707627046567,0.916743841748910,3.310663515419354,4.731960661253706,3.749368239156499,4.937081147668478,4.764421834660186,5.406703043289103,1.539437467711897,3.160339337512882,5.817849929561533,4.497608974889408,3.470945213340992,5.220018137714491,5.131707563456382,0.072565755114071,3.022712349319487,4.318378472960339,1.139453888615467,5.041985549232903,5.758818805223672,2.459669974190009,2.436734445100911,3.107631309343061,3.734696315731776,7.312057745470209,3.002565156073569,2.707464391661501,7.060043330369167,2.261121777443114,3.150583731718916,0.800599448451772,2.498626444599675,4.375435628945279,3.805381989436950,
0.177478237905345,-0.034400843632568,-0.017647794222619,-0.674423488759727,4.451769711762778,3.893689115105293,4.863387327344232,2.012526868685209,0.916116970630001,3.314214485868561,4.731102643872378,3.749434539766200,4.936759106653763,4.764279242274355,5.405048245046435,1.540410366553796,3.160514719122599,5.816694160386240,4.500297058634808,3.474327764560551,5.216563579107969,5.132913583608024,0.071548515164200,3.022459286427015,4.317303367353465,1.141957796520499,5.042503521968604,5.762643979041603,2.458241746812407,2.436589199411322,3.107594727212284,3.739344941019597,7.313210567782201,3.001098898929601,2.709924178164166,7.059491161428260,2.261232954761828,3.147109867784403,0.802166002746395,2.500114416196987,4.376130654490431,3.805381989437323,
0.181880710966491,-0.033735745782309,-0.015078920828298,-0.669999556969319,4.452205598664412,3.894582477619248,4.863655582814266,2.012286078992673,0.915103880264564,3.318704978868783,4.729917429139059,3.749540195509266,4.936215512019410,4.764045762277224,5.403578006696031,1.541657579739990,3.160787296550314,5.815773253428342,4.502762374420039,3.478826775175196,5.212135397513318,5.135120519734664,0.070955400276340,3.023169634794690,4.316238668703820,1.145740923106927,5.043678541518659,5.766254899614967,2.456818490515763,2.436162191521233,3.108033841298616,3.744131466083382,7.315368431169256,2.999543905484795,2.713915076320085,7.059014432935456,2.261648197799054,3.142611928636710,0.803244269105515,2.501192737675901,4.376826901697275,3.805381989437671,
0.186024569492474,-0.032678498432454,-0.012913589811486,-0.666026999104055,4.452230687851910,3.895696965546132,4.863914932474573,2.012066538021073,0.913559003981200,3.323191441546285,4.728329331326377,3.749674666919899,4.935639091694234,4.763815063933819,5.402681045582446,1.543326035202553,3.161063400544809,5.815489493828379,4.504607986797996,3.483642874958831,5.207872758388837,5.137873316917436,0.069956957235570,3.023551811139571,4.315391371507803,1.149109844709165,5.044543401291292,5.768679634924533,2.455869667008121,2.435480328096545,3.109158819937284,3.748660397736319,7.318043440664578,2.998155648273699,2.717230406083277,7.059185696871253,2.262283083993960,3.138062922911331,0.804445669049971,2.502377329511925,4.376919094810825,3.805381989437985,
0.190389004323805,-0.031214574816055,-0.010612206451344,-0.662242300342331,4.452122856417144,3.897249242605830,4.864037976462879,2.011906559203328,0.911873924089692,3.328266048308602,4.726964608763027,3.749788681450666,4.934758464921261,4.763696698660294,5.402588127232988,1.544772821556715,3.161222019255407,5.815841165893858,4.505729443816545,3.488402319541235,5.202707356702305,5.140127497849730,0.069048987176385,3.023716373447379,4.314400613287836,1.151745269095293,5.044735657752164,5.770668444821572,2.455059355622299,2.435369560821760,3.110471657777799,3.753573244330425,7.320264345928899,2.996908430768531,2.720180404239307,7.059435924978898,2.262366114846615,3.134035121880748,0.805777568550695,2.503849018233507,4.376792243135028,3.805381989438135,
0.193976357333575,-0.030116242533628,-0.007980950208405,-0.659118001267686,4.451524642303108,3.899206514525136,4.863992907324388,2.011845568299031,0.909182941993402,3.333872431051551,4.725618579089691,3.749899700515734,4.933722984089589,4.763582471545674,5.402909129013639,1.546200769300147,3.161375317159417,5.816639909610597,4.506633351577447,3.493436849968326,5.197821811184067,5.142429572035301,0.068280206126216,3.024385961237656,4.313834036976412,1.154130117109865,5.044764284084198,5.771060959058602,2.454948157549210,2.434495825079321,3.112455071537430,3.758166957088371,7.322804961160637,2.995421508093147,2.723615084726051,7.060612761845368,2.263207418987237,3.130181399219354,0.807664496345666,2.505948005495570,4.375738958548821,3.805381989438238,
0.197254539288307,-0.028630542671019,-0.005628918168343,-0.656279061404302,4.450855758047260,3.901212897448590,4.864143400143796,2.011736733823886,0.906700726698366,3.339024480973464,4.724213601347231,3.750021479473542,4.932711790196003,4.763310046615348,5.403299235881862,1.547606113352684,3.161697091164880,5.817474857165107,4.507367645753805,3.497890022339634,5.192981691381584,5.146328123316358,0.067463438845505,3.024612790562031,4.313746407547966,1.156430718790892,5.044501511666017,5.771615657133913,2.454621324088091,2.433693592220593,3.113177908381448,3.763295331104793,7.327169142080248,2.993093374424590,2.727329186539511,7.061725948775388,2.263897659652989,3.125874838839473,0.810288720450116,2.508684849153901,4.374770834538363,3.805381989438333,
0.199886984382351,-0.026821253380021,-0.003768121819944,-0.653948103894396,4.449969098472186,3.903299191022808,4.864355715611187,2.011612734759033,0.903757417411633,3.343852221197208,4.722943495664486,3.750133581824938,4.931639825777163,4.762997498739360,5.404556623194313,1.548866553527996,3.162059469603659,5.819182811311087,4.507303836205247,3.502296165863152,5.188308877142454,5.150690632875937,0.065898037098834,3.025651517564154,4.313531258542559,1.158666717669588,5.044740716666814,5.771895157468792,2.454331996832282,2.433128372632035,3.113672497588317,3.768651415192304,7.332180545428943,2.989860468102285,2.730855079069708,7.062963493957855,2.264345753215050,3.121696383799262,0.814145031195840,2.512568081388579,4.373664986347399,3.805381989438392,
0.201982557022147,-0.025028887336551,-0.001800752873691,-0.652038323697526,4.448860596141929,3.905534212699052,4.864421006788878,2.011562995118263,0.900182594267714,3.348617559195595,4.721774493040936,3.750237566616874,4.930458328741665,4.762691688384067,5.406200933686900,1.550031598803771,3.162412228590673,5.821330090128590,4.507019457764796,3.506895640281776,5.184701553137411,5.154157071764936,0.065155592270116,3.026696696933915,4.313927076620394,1.161065983547839,5.044923242850492,5.771804924711390,2.454264944016090,2.432530353055491,3.114575145593861,3.773702368856897,7.336451801709257,2.985924118961651,2.734268838080294,7.064380178205570,2.264806794357955,3.118180303956095,0.819114919161422,2.517453356860020,4.372355911758871,3.805381989438411,
0.203788795807231,-0.022851957483962,0.000130306759237,-0.650411109271065,4.447566765386022,3.907889555783384,4.864344379136125,2.011587461266220,0.896237152604880,3.353302484294522,4.720566308895829,3.750340518244239,4.929202019628514,4.762376858923510,5.408138942425350,1.551240380409475,3.162776450745953,5.823820009358117,4.506600647402908,3.511601730397585,5.181827036313752,5.157146875631311,0.065110964609671,3.027770144625961,4.314710300211074,1.163592518534615,5.045063995482872,5.771407564929683,2.454361183468817,2.432223203179904,3.115839694405308,3.778604453059069,7.340385775752305,2.981481739086882,2.737430118464656,7.065927383375892,2.264955838052737,3.115175331669944,0.824868375542946,2.523052000217382,4.370960097852010,3.805381989438527,
0.205578655336258,-0.020470667816126,0.001805496165361,-0.649061494034350,4.446802876424352,3.909437661094543,4.864021180612055,2.011707319243452,0.893254526644076,3.356251486623675,4.719595593497340,3.750429662612554,4.927890216799243,4.762151602769029,5.410176121732325,1.552207671081260,3.163012570846597,5.826067662689748,4.505829012035992,3.515624513102081,5.176304055622444,5.161916219656603,0.063716862076319,3.027698437191647,4.316309324906037,1.164616973527627,5.043415502209322,5.771313875925090,2.454285576608728,2.432141170316874,3.116822877322440,3.785805583714849,7.345857584229389,2.976634040568952,2.738610987645838,7.067093321490609,2.264906736189879,3.113438669929736,0.829061549128131,2.526930966096856,4.369988821616726,3.805381989438693,
0.206403800655192,-0.018432336863681,0.002431469388059,-0.648515877946261,4.445711411698233,3.911040396193505,4.863563391355747,2.011862736157093,0.889924020920457,3.358655918055820,4.718657559919572,3.750509764273164,4.926667330516307,4.762114365803806,5.412139831311501,1.553200271567323,3.163062946080707,5.828418291254477,4.504960578084154,3.519878097736607,5.173796446490323,5.163078651033927,0.059596046662872,3.026407365829559,4.318501167083013,1.166314688151038,5.041797071722020,5.770499533082070,2.454626952788156,2.431525864538413,3.116019456564934,3.790003853703932,7.351462840295653,2.973415005995766,2.740512843059629,7.068535459188590,2.265329756607286,3.111795927840891,0.832067200242279,2.529737504314534,4.368889766995145,3.805381989439322,
0.206895698042636,-0.016259170882860,0.002517404982997,-0.648069918773463,4.444807173295125,3.912453564717613,4.863076459733486,2.012029634157156,0.887029449515370,3.360342650224950,4.717688603497097,3.750589516452389,4.925427495373396,4.762138021498819,5.413882033024417,1.554215414615986,3.163043312627473,5.830689374673631,4.504206169562043,3.523618068603783,5.172025095227665,5.164109225545524,0.055590977845905,3.024982481788864,4.320497555687793,1.167102024780029,5.040020122623767,5.769631180844199,2.455067330110943,2.431073385575534,3.115177416213665,3.793411681058783,7.356605527676464,2.970445406711650,2.741359733995883,7.069827685955219,2.265584833039765,3.110447739027765,0.834899294626661,2.532251915921455,4.367994430209704,3.805381989439871,
0.206318372895819,-0.012886672748025,0.000895009236757,-0.648387387370599,4.444250792090935,3.913091970607759,4.862571356501048,2.012212906178261,0.884166365991186,3.362192595363968,4.716614293452976,3.750673995940264,4.924531369516699,4.762196520962144,5.414736367255623,1.555315848985636,3.162980763716630,5.832069080597260,4.504409839630979,3.527498776187262,5.172972454276942,5.164091871545768,0.051893681348546,3.023146151901411,4.323759082774671,1.167584788785090,5.034872479745547,5.768245487981614,2.455831251197558,2.431477002202688,3.114384879978481,3.793326967578892,7.360460175989172,2.969506988184315,2.744216054488505,7.071299292278716,2.264994331649503,3.111439919049950,0.835959243717025,2.533212664977976,4.366967719058311,3.805381989440360,
0.205568928009713,-0.009680546005242,-0.000204073890475,-0.648921003599294,4.443944409595103,3.913428407603644,4.862005115171787,2.012434399235826,0.881762849576478,3.363329031288881,4.716026792561703,3.750734192143481,4.923834765675019,4.762277641561749,5.415113028601688,1.555917300511210,3.162891310143852,5.833076727886964,4.504978474088758,3.530845245006610,5.174372156522164,5.164473335718668,0.048031464039184,3.022353702644089,4.326339008844354,1.167671006996662,5.029939722011462,5.766381136707598,2.456881398885741,2.432089197200510,3.114062190814315,3.792272969576441,7.364193817091740,2.969451196420022,2.746205198749463,7.072968479644929,2.264197389746822,3.113751501856151,0.836024946796860,2.533177372155644,4.365784395695920,3.805381989440965,
0.204711210872557,-0.006429046215186,-0.000772127474611,-0.649298625140738,4.443787534874960,3.913564013948540,4.861563531099739,2.012606998224214,0.879615749741014,3.364097694319425,4.715153467197366,3.750803499750710,4.923245654414374,4.762325511730547,5.414975828739920,1.556811146293795,3.162840914466656,5.833598231438691,4.506014345086960,3.534711423650909,5.176892920364622,5.164691223408682,0.044762787448552,3.021805520210609,4.328964275603012,1.167744272416399,5.024962162074574,5.764652258928370,2.457984581428247,2.432605368273918,3.114159951827065,3.789399309095522,7.367485568221995,2.969993863118033,2.748888395452179,7.074307242780599,2.263485970812889,3.115893666677925,0.835137425288630,2.532102351748230,4.364936398364042,3.805381989441522,
0.203755886752669,-0.003222346516643,-0.001576040748476,-0.649684240145049,4.443778886728431,3.913431121990999,4.861255122808663,2.012709450933956,0.877754720824083,3.364527657500397,4.714062994112446,3.750879317923101,4.923124472954406,4.762345557822984,5.414629819061757,1.557941736103860,3.162827132777920,5.833865587040016,4.506882743813239,3.539038505034258,5.179530421586117,5.165852863204498,0.041922272993524,3.020896662481434,4.330836209924027,1.168392810126170,5.020781411049756,5.762339892043774,2.459288980639442,2.432504861131358,3.113881361692422,3.785432364685955,7.371452675952480,2.971421460617869,2.752268510822540,7.075913301355639,2.263364215750666,3.116520083703601,0.833050173052676,2.529869295854164,4.363872929203039,3.805381989442070,
0.202041559367021,0.001203941333299,-0.002817825839103,-0.650786212003363,4.443820790986913,3.913233990782406,4.861034463402019,2.012804342334006,0.875891242341196,3.364604939469201,4.712725344977697,3.750964304718443,4.922930390711332,4.762296593922284,5.414728858988002,1.559293372052054,3.162891334576674,5.834525669402849,4.507301268443530,3.542544857760327,5.182562042542560,5.166377097194612,0.039426940622317,3.020269600291852,4.332770473043207,1.169245309986499,5.016699432046021,5.759175984929814,2.460946814022623,2.433036349678718,3.113438826750861,3.781760521092564,7.374306793760488,2.972455253208467,2.755721496540724,7.077842266355464,2.262641221077672,3.117202187749225,0.831409155288487,2.528050529108458,4.362566821023564,3.805381989442680,
0.199463182497067,0.006100631237525,-0.003599234031106,-0.653218897758385,4.446758538174188,3.909961387984331,4.860239120103595,2.013161410670476,0.879350343840638,3.359983453246361,4.712016992056403,3.751022704721367,4.925192095396623,4.762636171051661,5.409635890919705,1.560015917332706,3.162521967059082,5.830367612898288,4.512250850691124,3.540872657847522,5.189220822903919,5.170082718060503,0.036596854156668,3.018216890924379,4.333234800815066,1.167672310414736,5.008333692929213,5.761580452911244,2.460871301628944,2.434187518406576,3.112683677791495,3.776027713004800,7.380150109638967,2.976668237957471,2.758526568243508,7.076988562393257,2.261314649911975,3.124704508081191,0.826653158713917,2.523006037764905,4.364211556643356,3.805381989442814,
0.196673117005703,0.010974965748595,-0.004343199093301,-0.655484593347445,4.449531747790161,3.906913680552426,4.859499118380970,2.013496814358509,0.882552335504211,3.355619005581883,4.711268942953022,3.751078878536530,4.927237564620899,4.762952693501386,5.405092044707607,1.560788579880000,3.162181839415601,5.826844215635621,4.516630454436270,3.538983090925228,5.195993886634416,5.174073219275416,0.034529940448748,3.016113764103856,4.333481198778552,1.165887986969558,5.000856708342187,5.763651869749713,2.460987289544377,2.435150723910946,3.112395114230913,3.769939451678325,7.385884124935346,2.980486154861221,2.760283358351780,7.076164072191190,2.260221715917730,3.131592760047134,0.822322360406840,2.518351381762447,4.365820463614309,3.805381989442932,
0.198746727112524,0.021035144123431,-0.006066453397474,-0.655462088785953,4.452248979567481,3.904695129169906,4.861484676530884,2.012336764828796,0.887460267564443,3.353431338361941,4.707601290036711,3.751215937896482,4.930368091182891,4.762476778612975,5.396000755067196,1.564572696523559,3.162639328114156,5.819449419733512,4.523467569642455,3.539540115609156,5.200931171392483,5.178192236503008,0.031910734751106,3.012511109230165,4.331148501446522,1.164781044878979,4.996595468132298,5.767807815545243,2.459941989357231,2.436244789747128,3.111944420791179,3.763581756888221,7.391481080239355,2.983542845189288,2.763067406709511,7.074752508721481,2.259012556854830,3.137272178419710,0.817080388374109,2.512611216103224,4.368212006277623,3.805381989443135,
0.200273581806341,0.029452910054387,-0.007381504636837,-0.655930648755238,4.454951428307379,3.902436792038453,4.863331282508316,2.011272418015163,0.892546916534117,3.350850136823079,4.704436183503901,3.751337010172437,4.933125346264448,4.762004883341308,5.388290528247712,1.567834794391704,3.163099322588722,5.813156707011204,4.528860071939063,3.538702469745063,5.204835486761992,5.182720848020930,0.029077714050556,3.009503536683863,4.329150701587791,1.163981607910292,4.992984221894074,5.771602608744881,2.458999274080957,2.437554898596285,3.111365761476441,3.758053221336168,7.396959024017128,2.986567779067484,2.765409335316625,7.073379475012500,2.257630624195933,3.141938600927760,0.811860911336554,2.506947229564356,4.370511656500433,3.805381989443291,
0.201388032059739,0.036944962185402,-0.008242323011144,-0.656566082198452,4.457212293420498,3.900548426082049,4.865085965588818,2.010271582940127,0.896980816936468,3.348242148242988,4.701090953617817,3.751448771676790,4.935636417136000,4.761592601308039,5.381448091212190,1.571310336203027,3.163503105097861,5.807657129526365,4.533526195046479,3.538062225445949,5.208086888456863,5.186474788504608,0.026959603199012,3.007760838677589,4.327039655118171,1.164076869085737,4.991226749512134,5.774615032985954,2.458229686659853,2.438126531693113,3.112296746745193,3.752980494680817,7.401694315550460,2.989416446014559,2.767044552054178,7.072567617527500,2.256899196298334,3.145486750459268,0.807152320043258,2.501893209464971,4.372296273337160,3.805381989443553,
0.202242688998064,0.043115107409205,-0.008857806869646,-0.657279182712443,4.458867513810322,3.899375365301731,4.866560270986104,2.009403944125252,0.900310929777358,3.346228282777783,4.698385280656382,3.751550029615291,4.937614424388460,4.761306532873071,5.376301987154651,1.574166365072640,3.163783332917100,5.803772673819971,4.536786950552083,3.537638143519348,5.210142682194856,5.190068872775993,0.024340823050412,3.006463926475717,4.325261897539068,1.164094345862012,4.990271383361004,5.777073462013252,2.457579974135188,2.438246548773917,3.112962262611137,3.749897109113218,7.406401734012311,2.990916385023170,2.768343566745130,7.072093276406283,2.256601612624928,3.148619058002189,0.804304452861063,2.498739692624795,4.373667795179166,3.805381989443943,
0.203232204878541,0.047875057030489,-0.009503218762437,-0.658410693858154,4.460016461849058,3.898821353473179,4.867840356296310,2.008643780355788,0.902546223258086,3.344715217296916,4.696085899716248,3.751642881537069,4.939087210695727,4.761057630962870,5.372580625260850,1.576609141163016,3.164025977271766,5.801151741268390,4.538854212733018,3.537562216116827,5.210932454093136,5.193364176602890,0.021782103557995,3.005387517715282,4.323576429396646,1.164345565064319,4.989677470774226,5.778421354081509,2.457261216709315,2.437390867459020,3.113386950915256,3.748197771619108,7.410781527306873,2.991739317672539,2.770011926979622,7.072402237548872,2.257281887312395,3.151351600297187,0.802592695238584,2.496801478201688,4.374160213159669,3.805381989444343,
0.203914443794879,0.050730398627016,-0.009534688546801,-0.659677573958100,4.460794825479407,3.898642958589918,4.868944413578681,2.007976376956250,0.903879975773834,3.343397620135563,4.694327624101615,3.751732440181494,4.940202637838598,4.760856631447265,5.370113018138479,1.578491866985196,3.164219991863196,5.799644157414066,4.540035191061206,3.537414175297442,5.211919860415183,5.196417242935543,0.020069333291337,3.004890726841041,4.321811492037035,1.165281339441895,4.990452537976922,5.779433787534289,2.457064073395540,2.435538957792707,3.114628041262920,3.747421766430866,7.415212103433593,2.991571374465314,2.769940937608546,7.072929217827035,2.258906304383079,3.153354978003921,0.802942787155540,2.496857232884213,4.374458974343232,3.805381989444676,
0.204825311965097,0.053063673545231,-0.009775293300231,-0.661150932169690,4.461347178466895,3.898846008197018,4.870018342173998,2.007343695006951,0.904648828897630,3.342688502266742,4.692430179008736,3.751811283241965,4.940994628595081,4.760709211032315,5.368510110566289,1.580538543269971,3.164365929254323,5.798878552817486,4.540509689013903,3.537312264851413,5.211614026214601,5.200427973165863,0.018186689366092,3.004508869344642,4.319534087814409,1.166132060308886,4.991842228751718,5.780131353663141,2.457036659773253,2.433643552374963,3.115594018506070,3.747900504547792,7.420631686830959,2.991355975402173,2.768370907369035,7.073539986785661,2.260620560303345,3.154244375373885,0.803696514249992,2.497351058010158,4.374555595213486,3.805381989444864,
0.205917419309876,0.054832087563042,-0.009554094142192,-0.662590508181692,4.461608675255934,3.899271612515769,4.870912680798212,2.006804224767555,0.904740249690881,3.342284121529553,4.690640921518504,3.751878933830762,4.941605995191537,4.760608381864823,5.367795457140011,1.582448212888832,3.164459624771731,5.798765319540204,4.540425901733073,3.537846026754275,5.210707239582932,5.203570896907334,0.016401143196905,3.004199929852551,4.317408132080111,1.166107233787210,4.992267840182782,5.780200911882916,2.457225907147103,2.431621461713340,3.116649246179156,3.748986969988218,7.424692661045890,2.990772024043471,2.766264363834106,7.074535435627452,2.262495884923719,3.155213352283652,0.804959448622443,2.498422899046250,4.374190572986984,3.805381989445094,
0.206972872576364,0.056412913486017,-0.009437157220464,-0.663762450318837,4.461702680277893,3.899975167823294,4.871581773511873,2.006381300094461,0.904390684127216,3.341964099788954,4.688579785221983,3.751924212034962,4.941865333490398,4.760496561394359,5.368251638630934,1.584626145831553,3.164568606484704,5.799617481823308,4.539465931341624,3.537933298566113,5.209062930290745,5.205389259664679,0.015789427840296,3.003868392057752,4.315707874066711,1.166806672838049,4.993604760922167,5.780499727595238,2.457181202873043,2.429588699739798,3.117722174262289,3.751700932002204,7.427698135131673,2.988963748472141,2.763845297158845,7.075415258681497,2.264383453471735,3.155903694933483,0.808216759836054,2.501437742842085,4.373864288270357,3.805381989445254,
0.207721453415586,0.058224362281722,-0.009267100690860,-0.665011921991210,4.461874272983794,3.900563250610309,4.871932837204922,2.006107118480012,0.903924105153138,3.341714285092913,4.686717855893273,3.751969282769545,4.941955721468927,4.760428213546258,5.368884981409266,1.586611698263782,3.164630875025262,5.800503319331337,4.538504798132604,3.538026196152758,5.206491289661678,5.206340561425633,0.015300460612350,3.003248784428678,4.314269195611077,1.167486050901501,4.993911358324449,5.780233991087129,2.457314672629237,2.427640321084509,3.118798765345570,3.754507960967400,7.429500835107085,2.987123747429965,2.762396321153282,7.076573520896085,2.266223484711120,3.156682622928362,0.811104070206572,2.504154461164710,4.373209107686101,3.805381989445206,
0.208766513456514,0.059570224222985,-0.008524617623707,-0.666178955639655,4.462319744447742,3.900805321440131,4.872196786759987,2.005865907710904,0.902812218698575,3.341811273441814,4.685004250561929,3.752007879993019,4.941609517042189,4.760418118309769,5.369864403804777,1.588448739081225,3.164626995842283,5.801742614041492,4.537315061400010,3.538968966678771,5.204083382476600,5.204907103599855,0.013894401722820,3.003069591732401,4.313534147729114,1.168294953448906,4.992826680099267,5.779597864835122,2.457598878092522,2.425417191465730,3.120190529367964,3.756055587522857,7.429065856964840,2.985692947159758,2.763007390104084,7.077980866276858,2.268377160787588,3.157615399893528,0.813447696614648,2.506375524828692,4.372326801351781,3.805381989445253,
0.209729689616370,0.059148035749668,-0.007677569603137,-0.667572251740930,4.462447783975655,3.901544528955997,4.872408480392959,2.005655985238967,0.901105937496814,3.342589972252743,4.683503628145468,3.752059683817848,4.940938163399981,4.760419555340959,5.371951155013583,1.590103585420013,3.164615442100955,5.803974225439972,4.535176512949587,3.540803266169132,5.201394688157508,5.203282974745938,0.012669938617992,3.003331332287784,4.312026510081813,1.169073053850454,4.993077146450270,5.777642812064522,2.458452096215617,2.421774896164211,3.122511891620728,3.757663086153776,7.428275150540275,2.984361434438696,2.762245529720615,7.080051416096323,2.271940194075925,3.158435345813522,0.815828022742542,2.508755346937247,4.370825431230291,3.805381989445475,
0.211211932750275,0.058270932012267,-0.007491160587504,-0.668535996652979,4.462529077792651,3.902586008159144,4.872506169820043,2.005511972166393,0.899379785290063,3.343695280384417,4.681853357774240,3.752092430585714,4.939972648579984,4.760415327909065,5.374892863794678,1.591911914542303,3.164619811076558,5.806914431402824,4.532411659858937,3.542043140965593,5.197618145919504,5.201636607543500,0.012252248101916,3.003494423488851,4.310922289886377,1.170072085747731,4.993495772802637,5.776169108801729,2.459049522372760,2.418075363732695,3.124196843142180,3.761201764061489,7.427565078571568,2.982144531838401,2.761293249831803,7.081852869762219,2.275587847114396,3.158806171149909,0.819652579996874,2.512531881773970,4.369540151961671,3.805381989445636,
0.213155872684436,0.057695041490147,-0.006633330013844,-0.668796132506264,4.462399097665949,3.904069184362237,4.872522541161368,2.005405282322601,0.897203726987909,3.345617360813313,4.680137026599346,3.752100483826700,4.938990304163539,4.760458100239759,5.378082070782535,1.593723150456002,3.164575902286242,5.810079376280859,4.529633921769570,3.544202188704216,5.194547623106783,5.199169538105175,0.011291265687655,3.004357844093455,4.310933875036764,1.171480781650067,4.993118776344890,5.775402128161841,2.459485556389966,2.414933491180991,3.126003406716078,3.763647125723980,7.426121595112702,2.980017789628695,2.762074691343419,7.083118765015195,2.278699231624664,3.159164223723370,0.823263456429462,2.516091643802898,4.368771186653583,3.805381989445332,
0.215058226142926,0.057373450650699,-0.005830531929991,-0.669123765903789,4.462195822914125,3.905496143086334,4.872354982557143,2.005354836112791,0.895098376433908,3.347754111436658,4.678548300291973,3.752102885983408,4.938291745085825,4.760659589711219,5.381464445312075,1.595392777059953,3.164376797078936,5.813354015584348,4.526756505221694,3.546455155822832,5.190857259748379,5.195666839430252,0.009906884759456,3.006786897280512,4.309615830850850,1.172000764657803,4.993247970141630,5.774078467253564,2.460200821034995,2.412043676848765,3.127519107927830,3.765597180026592,7.423647690407459,2.978997199270470,2.760527758740347,7.084582330632562,2.281576498915537,3.159856863760285,0.825763780615765,2.518605169456508,4.367753753902377,3.805381989445328,
0.217248775131613,0.056713003893972,-0.005211259534795,-0.669202334953163,4.462280080922077,3.906842684845147,4.872052387899153,2.005383576536887,0.893047807478260,3.350148465539279,4.677071509016399,3.752093568192083,4.937335692414183,4.760798401463410,5.385001041427601,1.596925894171770,3.164242859027099,5.816884988593864,4.523975992670591,3.548015653515476,5.187664327813359,5.192320658560165,0.009160480150894,3.008966516766508,4.308900673514059,1.172687909800029,4.993347841264237,5.773420975642145,2.460616558210938,2.409177133939910,3.129084849009180,3.768158356801034,7.421402257148856,2.977231290880876,2.758739785335797,7.085713925347910,2.284402219034211,3.160417260964399,0.829486625193645,2.522253879284365,4.367085337815212,3.805381989445295,
0.219003144628435,0.055065836308070,-0.004532892027558,-0.669568596132215,4.462264728953569,3.908230842800813,4.871647368826423,2.005469714525018,0.890936834138036,3.352263458123914,4.675664625994393,3.752076093152980,4.936344621350251,4.760927154592814,5.388637019514914,1.598379762230888,3.164120402790189,5.820549416528305,4.521152844544128,3.549197522007928,5.185113718581191,5.189676894085021,0.008738467336057,3.010700311427428,4.308221952565063,1.173794306676742,4.994512947910986,5.772251510479960,2.461247710506429,2.405308755210009,3.130822667439656,3.770682264781177,7.419864892956247,2.975269052977454,2.756417833063267,7.087038436466933,2.288214769784387,3.160043637207472,0.833618680760269,2.526260239865848,4.366266915818229,3.805381989445272,
0.220088413790665,0.053455296941418,-0.004241600875841,-0.670173296611914,4.462326414505532,3.909672096380693,4.870891037118723,2.005641721113186,0.888792210189689,3.354437457096126,4.674424447021649,3.752062627032985,4.935244899995562,4.761385713719807,5.392511563398640,1.599656472836222,3.163651893252502,5.824372249475207,4.518132844371686,3.549822045282277,5.183436220245361,5.186717282989528,0.007979313260090,3.011914042174646,4.308321268366895,1.174296663639390,4.994652821632592,5.771132207548463,2.461918901817172,2.401515385515975,3.132194823631131,3.773064713933938,7.417925913130282,2.972970371459648,2.754512765336509,7.088137352943265,2.291957362719873,3.160121099874853,0.838247570239223,2.530730459596241,4.365637440298550,3.805381989445281,
0.220940390666258,0.051742687759248,-0.004097883000604,-0.670776059395813,4.462712632374169,3.910548012561446,4.870067999958182,2.005849060592988,0.887198171735790,3.355378195041368,4.673331570582086,3.752060445179786,4.934283554341797,4.761909391135305,5.396238456967325,1.600822525441370,3.163106422991407,5.828014926814051,4.515167219691255,3.549912221552966,5.182267982970576,5.183967747658540,0.006812401749781,3.012126946381869,4.309050331424828,1.174963115414144,4.993608655518370,5.770334322499857,2.462417574605799,2.397813558353106,3.133239445643460,3.774898178150502,7.416259667163709,2.971020807394644,2.754611767688770,7.089082159812642,2.295592073022858,3.160526741055633,0.842481517878949,2.534828217460954,4.365151272986413,3.805381989445354,
0.221622392635496,0.050106556975964,-0.004038777032472,-0.671487554752766,4.463058229662331,3.911279335137387,4.869226564047955,2.006078506297271,0.885523668156209,3.356050945981461,4.672381954363027,3.752065676334868,4.933401841273719,4.762396970875058,5.399751751811186,1.601841234764748,3.162592674354990,5.831508259357046,4.512459351243315,3.550395944862830,5.181979619031473,5.180280313387454,0.005814660025843,3.012403292500518,4.309601248499872,1.175113545224356,4.992155847189385,5.768871986288630,2.463322405078359,2.394304123725085,3.134744748264544,3.775187025628326,7.413442526170598,2.969817763219470,2.754350073490086,7.090376127074076,2.299009072144889,3.161875795980749,0.845702765736954,2.537931468642955,4.364389227601443,3.805381989445143,
0.221522993325339,0.048319152452338,-0.004816354466954,-0.672466975706493,4.463681545651172,3.911291670574549,4.868459919340878,2.006294853094575,0.883642509148311,3.355805821027416,4.670884977700169,3.751987099016484,4.933149763229438,4.762832300703552,5.403699664277235,1.603300677665026,3.162118941289835,5.835399225913326,4.508572688097169,3.550680964900456,5.182668033236456,5.178408070892382,0.004810227936683,3.012277318009203,4.310036393608851,1.174854817572165,4.991142661063389,5.767541747434216,2.464245913721103,2.390714338731490,3.135361505293153,3.775250506073800,7.412570696547932,2.968278016770923,2.753399050092880,7.091553066510940,2.302451270173040,3.162277378256301,0.849308234327815,2.541296552176995,4.363707407307628,3.805381989444792,
0.221561042658696,0.046094160960292,-0.006032138511482,-0.673081515382279,4.464764541195896,3.910852857072193,4.867773060740756,2.006488756586325,0.882801099484277,3.354385550519221,4.669738206702233,3.751929245534290,4.933017048083022,4.763233904187558,5.406673354931220,1.604397227982386,3.161674189363877,5.838464316269684,4.505664684198450,3.549652554207010,5.185191935224746,5.177445624288873,0.003733397700115,3.012270600481168,4.310471616714850,1.175051108885528,4.990311748001188,5.767873561173972,2.464692021035146,2.386956457018188,3.135880031144868,3.773360408187897,7.412888135897688,2.967048193404295,2.752363717160403,7.091764190062193,2.306050020954836,3.163650443305885,0.852173318199768,2.543852000902449,4.364032824471083,3.805381989444571,
0.222789572960863,0.045978478817815,-0.007665599792068,-0.672820870922774,4.466302648803452,3.909670824778778,4.867440855328542,2.006555151942004,0.883512646383227,3.350962892138052,4.668092469450669,3.751809063678496,4.933569081912077,4.763459279072483,5.408384721979831,1.605984169358105,3.161453269512394,5.840479201672780,4.503637034209677,3.548828238750576,5.186520936990590,5.177504901669934,0.003034272929175,3.013222726567891,4.310318064827153,1.175827046551599,4.991281453512619,5.769137091033514,2.464953860618851,2.384082591438341,3.136404771303446,3.771508972233237,7.414115110923334,2.966254507008971,2.750677824048304,7.091061715422473,2.308790389287163,3.163447517387023,0.853209281818008,2.544190900653437,4.365419279848356,3.805381989444416,
0.223896757806767,0.045387631305025,-0.009372468006743,-0.671705463690122,4.468302095550802,3.907907872579601,4.867200443898806,2.006580469511068,0.884576921970906,3.347311530977577,4.666657287542648,3.751705136981196,4.934123671348352,4.763622483568409,5.409346597871207,1.607358106587052,3.161288546582634,5.841895893708423,4.502373115776011,3.549245363172449,5.190208700208894,5.177162151497812,0.002685298992015,3.014167358327158,4.309720987229119,1.175932097281434,4.991681786280800,5.771562745743091,2.464992998534284,2.381329042611568,3.136613244199160,3.766190816865275,7.414915823528019,2.966564494101476,2.748902714822337,7.089295743958374,2.311407870289564,3.163595107847535,0.852723254445020,2.542809392958213,4.367909615401984,3.805381989444112,
0.224999133735409,0.044354897869080,-0.011252786842886,-0.670414297430992,4.470015157975867,3.906342481378803,4.866893629547130,2.006653883754701,0.884945819473785,3.344599743459845,4.665505482131470,3.751630367678064,4.934658555234131,4.763810608919377,5.409921007871477,1.608456300429121,3.161099425544755,5.843009509033696,4.501799017332088,3.550883227410506,5.196003545291824,5.178134881258967,0.001841669510564,3.015123359611346,4.309611444119370,1.175903301699597,4.991851859470189,5.774167608194915,2.465158975970850,2.378362640017937,3.136930231553140,3.758157866055511,7.417202816308007,2.967696884231557,2.748010225756175,7.087448870857934,2.314236722681760,3.163876050215594,0.851248086651250,2.540518910975349,4.370502843905504,3.805381989443639,
0.226062255290239,0.043218203404687,-0.012984828810144,-0.669301928716137,4.471474539842323,3.904900834783273,4.866559909562691,2.006764506789739,0.884882202613735,3.342103307142105,4.664401589349827,3.751543509251866,4.935221200997398,4.763960157218762,5.410147744387910,1.609479720683400,3.160954146796892,5.843877571811237,4.501673611781653,3.552869952100258,5.203009432144067,5.178246020279929,0.001382328006769,3.016025174029173,4.310185252768115,1.176811267128425,4.993031566350384,5.776326052608207,2.465647737129300,2.374977539926882,3.137559947970607,3.749025988768862,7.418570035518164,2.969214537917126,2.748244739715752,7.085949928154548,2.317482907597980,3.162451818877278,0.849522574231409,2.538023213540371,4.372767248324768,3.805381989443144,
0.227772121618926,0.041755585726280,-0.015182903678586,-0.667586078064937,4.472780427684328,3.903594404135891,4.866212361092444,2.006885233768689,0.884180863585013,3.341166018066240,4.663428132528542,3.751465415365400,4.935891845451409,4.764087341705905,5.410157861310361,1.610369916719568,3.160829327343501,5.844501790401162,4.501889387673273,3.557171002062640,5.210279947438929,5.178876001078102,0.000636248535033,3.016226208301235,4.311505045990780,1.177941365769739,4.993504322620818,5.778486747751195,2.466153476283553,2.371643056007370,3.137570821861447,3.739574427160611,7.420261864673271,2.970888435001952,2.750928251421366,7.084344986782562,2.320739862397469,3.160370969567558,0.847436614197546,2.535193632931767,4.375146052580049,3.805381989442569,
0.228820399256630,0.040345968110603,-0.016839207247030,-0.666154757983788,4.474045140173904,3.902507577308096,4.865825400080798,2.007033148871134,0.883778146995570,3.340124322651194,4.662643083569094,3.751395566734001,4.936352043769292,4.764200642778642,5.409974850865254,1.611058922665164,3.160714507913668,5.845010988973293,4.502305751111910,3.560197873830162,5.217774246694913,5.179171489045621,0.000077422207977,3.015957032710666,4.312990417758486,1.178787923943331,4.993504113463284,5.780771164563462,2.466591814979481,2.368511292912096,3.137650666426165,3.730505525213044,7.421565129075250,2.972240113596754,2.752870869052648,7.082555396483964,2.323779541714950,3.159187115194065,0.845840817651383,2.532855079260877,4.377672082312321,3.805381989442046,
0.229948188860705,0.038968134634312,-0.017880151040673,-0.664839555540796,4.475350274970448,3.901587561048041,4.865469886147017,2.007160600758455,0.883612980629219,3.338960832308342,4.661418246108835,3.751241395068975,4.936553443089820,4.764320625101761,5.410269922638487,1.612075924368125,3.160590136477831,5.845805777929333,4.501986933851522,3.562821268498587,5.223754484575115,5.178574996328882,-0.000485347535734,3.015889676900677,4.314467932259877,1.179729702367937,4.993189305089716,5.782578596298083,2.467051467762020,2.365699831545596,3.138308445225508,3.722820387610923,7.421740487213290,2.973637858545066,2.755116690129774,7.081004256190143,2.326576884500024,3.158357423703508,0.844224476934059,2.530590182380731,4.379917677524968,3.805381989441635,
0.231531205762843,0.037626424693552,-0.019484856823346,-0.662844481031017,4.476561052982233,3.901392829162167,4.864978953541059,2.007374026749246,0.882876411568809,3.339651440840109,4.660196479189319,3.751082847423599,4.936318493526016,4.764423430107717,5.410638786653727,1.613099961995179,3.160486751320376,5.846749056923407,4.501916223497979,3.566870549371492,5.229526414598984,5.177437813020152,-0.001146342776279,3.015589231377706,4.316242207803090,1.180453765901532,4.992060666057970,5.784621909414368,2.467442604309880,2.363039141846021,3.138137360968491,3.715012589647582,7.421069613487751,2.975130536370242,2.757870026024479,7.079240954394603,2.329280369345119,3.157756343511061,0.842551608223311,2.528398949301763,4.382333553549945,3.805381989441424,
0.232048527496117,0.034289684374747,-0.022158225617006,-0.660968499914794,4.477911004340080,3.901054279337563,4.864422171236741,2.007617790212172,0.882925246285889,3.340005887071895,4.659883314179358,3.751024206182501,4.936106557783109,4.764541667602270,5.410637537399047,1.613178544972023,3.160356073026246,5.847658971396366,4.501946432773781,3.570641305747085,5.231385844381068,5.174480046290315,-0.000114999332194,3.015867247096837,4.316990155479017,1.180785887834956,4.991952003889889,5.785603942600765,2.468219032724858,2.360634335083674,3.138559970372351,3.711572271497722,7.421591635717196,2.976209737061184,2.758493772328468,7.077939265884653,2.331644142744775,3.157623865757031,0.841028040995515,2.526168882646756,4.384270623605300,3.805381989441251,
0.233519769728808,0.032269676221059,-0.024314477165320,-0.658563200701403,4.478171420123863,3.901478290599762,4.863671126396130,2.007971849206993,0.880816771140143,3.342850847575229,4.659502849014491,3.750952715471986,4.936142373909369,4.764768874727816,5.410705031985574,1.613333715456375,3.160109061803506,5.848785549854395,4.502546298720943,3.577735368028816,5.234951246423623,5.167385999897735,-0.001168965400327,3.014858781288685,4.318499103641328,1.181532969213565,4.991743566346556,5.787104860634076,2.468936330482186,2.358555582248910,3.139237490676194,3.706729267202785,7.417873546928241,2.976901204748387,2.760602169907296,7.076445380838924,2.333675956260365,3.156919152348661,0.840112413735877,2.524540639475634,4.386372753277929,3.805381989441193,
0.234969614290547,0.030259722310869,-0.026330275238600,-0.656317013982465,4.478331226505635,3.902280080207096,4.863006498333889,2.008281373612820,0.878916664832436,3.345913998596300,4.659132633741679,3.750888884792182,4.935849819650655,4.764974244639626,5.411148207699960,1.613506832249870,3.159889159782723,5.850181567559179,4.502826736830722,3.583747818666080,5.236855102355003,5.161345421887643,-0.001910153055998,3.013758618500491,4.319575903388947,1.182304151182493,4.991860491565633,5.788292090020239,2.469615558312135,2.356258049574915,3.139825419637381,3.703870216295338,7.414994777367840,2.977176151329084,2.762003729665877,7.075267381607364,2.335927369944676,3.155273280726981,0.839724140987139,2.523535165924673,4.388123196328324,3.805381989441150,
0.234896100992410,0.028254952011783,-0.028774343274563,-0.655212701378715,4.478501837389019,3.903080912285045,4.862352564933443,2.008595244928540,0.876947374700350,3.348422895885069,4.658710811186135,3.750814508022848,4.935453149780671,4.765200373808105,5.411987778045474,1.613723548512169,3.159656813580435,5.851927071975127,4.502535475765754,3.588389563261011,5.237909854743580,5.155558989832263,-0.002957536540229,3.012749781246657,4.320755822135022,1.183335286019516,4.992132164843472,5.788447887840907,2.470550419893871,2.354284593669112,3.140096497757600,3.701768828885252,7.412117493155763,2.977089713889796,2.763888121642838,7.074545051562532,2.337826127176276,3.153841181324839,0.839639760825594,2.522808491257261,4.389406697147982,3.805381989441199,
0.234461472683204,0.026532722557131,-0.031042377986568,-0.653929603130325,4.478838510371336,3.904021299846113,4.861724005103937,2.008900117242829,0.875287787868413,3.351206230883644,4.658417879090656,3.750760052517896,4.934634292348579,4.765424916452226,5.412969800883221,1.613835141242158,3.159419132684568,5.853720165473050,4.502200104970202,3.592138138147948,5.238095437992031,5.151308681525419,-0.003239953669880,3.011704584963135,4.321355221662171,1.183886728441822,4.992294155520765,5.788592158011335,2.471397952445972,2.352510758640714,3.140928526488800,3.700711835554999,7.410260372023957,2.977000269523778,2.765112224828313,7.073830583897141,2.339573274204235,3.153068721660604,0.839737514775182,2.522361035994451,4.390617379071107,3.805381989441286,
0.234274744820895,0.025034011534161,-0.032497165830102,-0.652691478236246,4.479324236742940,3.904969696893782,4.861128068177967,2.009157639980325,0.873523194312784,3.354203789432316,4.657950837734693,3.750678926819387,4.933529901294633,4.765662971568438,5.414446236481255,1.614139643296607,3.159167973044022,5.855886560139859,4.501219100264853,3.595838310081884,5.237280835927763,5.146984537560079,-0.003801221911431,3.010406691976851,4.321975173008054,1.184551632158674,4.992029320395036,5.788153872718355,2.472324055966826,2.350663028811584,3.142475402283591,3.700773774727961,7.407948937769492,2.976893564121211,2.766802638807265,7.073414077002789,2.341465353297863,3.152063682588117,0.840054397885173,2.522241374309167,4.391427443702461,3.805381989441274,
0.234033021327275,0.024033760138591,-0.034170317690904,-0.651563851739483,4.479858000004381,3.905921366598812,4.860579537447888,2.009378645793637,0.871702721108102,3.356985736525525,4.657836657803118,3.750663759135998,4.932155174693097,4.765899257134319,5.416274476666525,1.614168176108579,3.158915573056222,5.858414974251693,4.499861246023823,3.599134287934025,5.236178728869718,5.142902306579445,-0.004576462614486,3.008874775470118,4.322384112330689,1.184972730966215,4.991510860505114,5.787523733128389,2.473176847043508,2.348948426092899,3.143532649312147,3.701268769455138,7.405789686819779,2.976454010969150,2.768440895959899,7.073315512774576,2.343185722861273,3.150907738655818,0.840977039022429,2.522751702831298,4.391915683825308,3.805381989441196,
0.232096098611021,0.022839102369094,-0.034149124054884,-0.651035350227488,4.480161902139885,3.907189720388409,4.859984966126567,2.009649144577435,0.869611314137611,3.359715361224453,4.657545432952822,3.750628451174160,4.930210118069625,4.766060442489477,5.418784459851760,1.614392066715159,3.158747856091802,5.861555332154234,4.497942689311247,3.601792563665489,5.234113013838741,5.138939133381585,-0.005124938596057,3.007114802575905,4.322580938806782,1.185547725605987,4.991460404857145,5.786006314082977,2.474226694971715,2.347143125723838,3.145010885709078,3.702673855214456,7.403580987558315,2.975336925364393,2.769289354968781,7.073531888564307,2.344957401494201,3.149526656099143,0.842541606008394,2.523930328599752,4.392041898227653,3.805381989441076,
0.230328645089692,0.021539353872061,-0.034236553965664,-0.650563969596297,4.480503834703092,3.908180197075409,4.859161986734006,2.010005275424446,0.867687289980998,3.361942001060763,4.657317472920837,3.750605926990987,4.928671609378210,4.766462729741027,5.420501856176541,1.614595108211097,3.158325897924061,5.863946622073560,4.496982231052071,3.604101927274758,5.232731591584245,5.134450135969931,-0.005838663832770,3.005789922537975,4.322949205463000,1.185958188849499,4.990043638495102,5.784877194702230,2.475026871869290,2.345478629752961,3.145748700747381,3.703459110243520,7.400580533399197,2.974830193232398,2.771022197680906,7.073911368951519,2.346524028230157,3.149417393204274,0.843635570227507,2.524742303271910,4.392009698836139,3.805381989441058,
0.228508058014377,0.020363015814024,-0.034579118215095,-0.650090830585005,4.481263020648094,3.908711248482414,4.858285465177970,2.010407276088927,0.866677149553120,3.362880500147555,4.657291820091368,3.750623305863740,4.927544387628020,4.766917951019511,5.422014567622439,1.614653526343153,3.157843546977977,5.866098638813460,4.495948843776706,3.604864974760863,5.232268214310731,5.130156872906616,-0.006347049128160,3.004333980655961,4.324561787824522,1.185754687170858,4.986520947094533,5.784732358317760,2.475440155282715,2.343957039966013,3.146463128646324,3.703139017649812,7.397678658958175,2.974891770014372,2.773578091224421,7.073735110932457,2.347940471800082,3.150548856153369,0.844193137454735,2.525117789878305,4.392540122756412,3.805381989440986,
0.226637911903694,0.018475266785620,-0.034983323643769,-0.649461054118769,4.482624527884568,3.908575970059669,4.857472901639068,2.010787841681609,0.866601426443939,3.362629513131981,4.657537285832119,3.750676728373480,4.926711375268122,4.767354213092792,5.422937967675415,1.614429695065937,3.157377725866118,5.867716707999031,4.495184897257824,3.604580284461039,5.231807829446760,5.126352881672547,-0.006734255724377,3.003071235676226,4.326148773618962,1.185741588669279,4.983456202982254,5.785021098281796,2.475674814893241,2.342248454486578,3.147227978865874,3.702308518334411,7.395166053197550,2.975424457587805,2.776623531149274,7.073186585690453,2.349559107452753,3.151819062439723,0.843932037991249,2.524669256205970,4.393464677185905,3.805381989440740,
0.225672720907616,0.016418850050176,-0.035102197602826,-0.648916652235386,4.483789912318452,3.908599086167402,4.856699296554270,2.011127257471248,0.866510159707886,3.362045440084245,4.657952373013338,3.750757067696968,4.926084862615602,4.767813922666770,5.423322595188908,1.614060631241167,3.156885521236164,5.868815382645468,4.495066785761121,3.604479666071453,5.231434056596139,5.121849194854667,-0.007272227796310,3.001973235767541,4.327296659971144,1.185342612150542,4.979951535525336,5.785363737710991,2.475801555380065,2.340826028114377,3.148070666593645,3.701533302304661,7.391812979236263,2.976387750585107,2.779400256761256,7.072938501036885,2.350921363298646,3.153284298700015,0.843233474778792,2.523805686362772,4.394076883953383,3.805381989440448,
0.224476473083998,0.014607291824823,-0.034575031896196,-0.648595620551760,4.485063196632669,3.908394806748495,4.856003508785483,2.011436226844965,0.866698653587041,3.360952089819889,4.658393934047432,3.750837150953696,4.925553700134923,4.768187262152606,5.423568344743949,1.613653213933134,3.156489426042508,5.869794832233282,4.494953456584811,3.603755853769875,5.231275275419394,5.119449664442642,-0.008091387096170,3.001534905129722,4.328286858225707,1.184739140473911,4.976697973971464,5.785829127853079,2.475908139710318,2.339652637227952,3.148816802416853,3.700403351382056,7.390316213419706,2.977449853746601,2.781702871955533,7.072487319386509,2.352035375655402,3.154343025323067,0.842287525396657,2.522631232877737,4.394921715845869,3.805381989440194,
0.225385409607593,0.011231695615186,-0.032486968649229,-0.647514870294833,4.486129020322762,3.908581974274216,4.855376890642193,2.011705226752400,0.867118007384033,3.359967557025277,4.659319091304514,3.750995097190388,4.925241723276529,4.768526420717856,5.423168051541839,1.612801326151150,3.156123113875513,5.870435211234429,4.495419041384054,3.603466153601992,5.231044205363422,5.116806056149822,-0.009216753929444,3.000348236056495,4.328926280223933,1.184120891596793,4.972933824558665,5.786801363023187,2.475717447452580,2.339114026826251,3.149403487754401,3.699505354622503,7.388630667602464,2.979022483131021,2.784135830837459,7.072113358385270,2.352511792189500,3.157039505671928,0.840952554624670,2.521178498850012,4.395749677265542,3.805381989440360,
0.225393730299613,0.008246375193214,-0.030056292374943,-0.646801762827748,4.487303220287365,3.908634460565406,4.855132508297535,2.011697538836064,0.867831905894242,3.358652705447158,4.659896634306653,3.751102815728884,4.925034191867824,4.768715385105652,5.422099865032719,1.612293611722316,3.155918618597343,5.870480757606203,4.496403583632135,3.602305253956403,5.231144993020886,5.114505781009409,-0.009495110003029,3.000250369823497,4.328918314898311,1.184843571344982,4.972392027338632,5.787665662456674,2.475449792415521,2.338551503700542,3.150359610256744,3.699320062642452,7.387416446415894,2.980661280893627,2.787122145130114,7.071689718606679,2.353001177980238,3.157711799843923,0.839619327287985,2.519677315059548,4.396667832834499,3.805381989440331,
0.225049005500231,0.006132959484856,-0.028172498075867,-0.646254125629298,4.488509619306136,3.908641900662888,4.855297472547355,2.011525615999250,0.869053675367122,3.356893761140658,4.660323099586626,3.751177531330621,4.924955862908607,4.768557988862287,5.420528752900094,1.611845254987026,3.156077986786121,5.870060734731607,4.497661023705501,3.600491721670369,5.231004027415653,5.115220389271133,-0.009267779650200,2.999818671649377,4.328762285347740,1.185636407707416,4.972256536950315,5.788506546641738,2.475055522393641,2.338202663076520,3.149959430728280,3.699391147027239,7.389200646850582,2.981838213858154,2.789837539655817,7.071289141473254,2.353183925347567,3.157057912274312,0.838271613877263,2.518084735032005,4.397629066500878,3.805381989440369,
0.222875772886068,0.003779732805857,-0.027905236233019,-0.646591871888695,4.489312174926432,3.908979539297749,4.855419418338562,2.011414750289263,0.869360717116808,3.355767991551101,4.660737097070307,3.751244071327402,4.924662284079939,4.768400368579615,5.419562141053659,1.611376506697789,3.156242081657899,5.870350528337534,4.498432077244864,3.598203353539599,5.230917020332296,5.116681206090369,-0.009537613940460,2.999145721878461,4.328810686176159,1.186094423505601,4.972232548176466,5.788390545075746,2.475007639345919,2.337670093604121,3.148655322107995,3.700677176380928,7.391867407486580,2.981742192876280,2.791994237778515,7.071316402984145,2.353506614152741,3.155964821213412,0.838659911180871,2.518103828561968,4.398124427114854,3.805381989440426,
0.220522293720802,0.001754063559557,-0.026674743101759,-0.647050617718311,4.489866699769816,3.909467993601626,4.855411578370858,2.011405931512954,0.869332299063074,3.355064527300140,4.661067989807640,3.751286960772773,4.924332930342597,4.768207971402716,5.418848171475545,1.610975028487614,3.156441151041518,5.870848521221515,4.499105961683155,3.595843602146549,5.230554931211475,5.117032423054034,-0.009055298994289,2.999022816957438,4.328398473247407,1.186679588102502,4.972939153124422,5.788137015226075,2.475037169265367,2.337222234014236,3.147916274324688,3.702622882354850,7.393407746917257,2.981261084335040,2.792369233324747,7.071405714252546,2.353745203577946,3.155481992050708,0.839833870764370,2.518886061288563,4.398491624073802,3.805381989440480,
0.217710793826101,-0.000142553042851,-0.026270532241783,-0.647549279402229,4.490564321611011,3.909881641992828,4.855296193135053,2.011451439185028,0.869409511607732,3.354137480486374,4.661481700112589,3.751342376668096,4.923811238051070,4.768123056880158,5.418394804169607,1.610506573170228,3.156521761581922,5.871554102703061,4.499573323860032,3.592131211704263,5.230086834536876,5.118303377208046,-0.009060830794453,2.998377306704312,4.328316411669170,1.186928502636032,4.973371890925150,5.788472149579012,2.474801620484417,2.336631980779838,3.146790393192378,3.705392097230602,7.395973721987134,2.980074707493191,2.792884237728773,7.071268207994066,2.354105034536484,3.155446682511099,0.842149939551276,2.520779043745476,4.399053019773442,3.805381989440335,
0.214270903049808,-0.002450464861151,-0.024999849440432,-0.649205524068845,4.490774245334708,3.910708329221854,4.855186673686092,2.011493777394195,0.868138853201001,3.354024162687400,4.661906693620646,3.751397110377997,4.923143259517272,4.768026569931630,5.418313865836356,1.610026103909323,3.156616882648909,5.872694179526460,4.499825400020880,3.588906297199421,5.230138073177073,5.120462230465834,-0.009315349581019,2.998198506414189,4.329002004937533,1.187372848984989,4.973338435428068,5.787495780989885,2.475180369644616,2.336165893227384,3.146296784691201,3.707425042440340,7.399458657118819,2.978701571931394,2.793985008709523,7.071961948244327,2.354345681697257,3.155308617915866,0.844968723208444,2.523213950672857,4.398747817828572,3.805381989439955,
0.211230424911322,0.001678446021680,-0.023409664429940,-0.650453675924732,4.491608040735667,3.910927118114618,4.855152861149289,2.011495523419102,0.869046975460599,3.350410260866584,4.662097691064693,3.751426853296750,4.923154883234636,4.767933296413744,5.417836535328589,1.609809454469946,3.156740034466869,5.873014723786575,4.499934781889540,3.584895771390360,5.228651727937825,5.120263948966800,-0.010680538532304,2.998445625618432,4.328069343048860,1.186719027390941,4.973428235164330,5.788322191774630,2.474701436877035,2.337446969766548,3.146217384045239,3.710968301029639,7.400745470799298,2.978594146869399,2.792001748543643,7.071540493878687,2.352893729093804,3.155108885125107,0.845837880995131,2.523517549948600,4.399568240657173,3.805381989439662,
0.208574080323418,0.004656661386248,-0.021879994258539,-0.651636909502898,4.492578422321898,3.911071475300985,4.855027189428512,2.011569816724180,0.870186280610638,3.346759344697074,4.662163434315037,3.751446091882409,4.923136303440923,4.767871555295836,5.417542105324241,1.609729311851147,3.156830939567298,5.873502909902932,4.499735892306383,3.580821600206449,5.227063136416254,5.120288572325788,-0.011900009529452,2.999011530689250,4.327236121398723,1.186121615648685,4.973220443083092,5.788961196267193,2.474304354739071,2.338282475465672,3.146376459909429,3.714062099226451,7.402159393849684,2.978712735058277,2.790194580141447,7.071319642889121,2.351893463747240,3.154739608310919,0.846331460386489,2.523503796664863,4.400235668485416,3.805381989439418,
0.205559343449814,0.006587209543859,-0.019771019135386,-0.653046410131404,4.493872183175102,3.910856378749588,4.854926330534735,2.011625708164330,0.871667366677049,3.342994768980918,4.662255070952654,3.751465778420415,4.923126016086381,4.767798733885159,5.417230883092669,1.609623944754607,3.156935052157972,5.873963916160247,4.499365739703316,3.575624795905411,5.226070311580242,5.120607015656416,-0.013138892045477,2.998389958734059,4.327401458301660,1.186022949104493,4.972105209312662,5.789511431460662,2.473965914916641,2.338795171374033,3.146556384713549,3.716787507665608,7.403770074005820,2.979104327026795,2.790512561281424,7.071137576319383,2.351220430969730,3.153160425411163,0.846512440355950,2.523275391600346,4.400850672055221,3.805381989439032,
0.202566481694634,0.008487114906784,-0.018111773671427,-0.654284224451763,4.495277439700024,3.910785953749465,4.855138434401669,2.011460627998780,0.873573288473052,3.339332351080194,4.662102286835382,3.751447276992798,4.922892082732093,4.767585635169670,5.416921064581681,1.609745370035467,3.157178588229660,5.874423329648721,4.498706801106348,3.570271053023040,5.224299563622138,5.120560180532501,-0.014576490625483,2.997778412333999,4.327092268361256,1.185897779624646,4.971980603559039,5.789821772160184,2.473680550709719,2.339217784895586,3.146828601420129,3.719495756483626,7.404859307860002,2.979407672456788,2.789942360319014,7.070959943874525,2.350655832373649,3.151085761720475,0.846543625537602,2.522879656653001,4.401478120102580,3.805381989438740,
0.199662367593730,0.009977586945673,-0.016522592740731,-0.655162688061535,4.497199306452925,3.910012411237075,4.855462474721948,2.011230885984766,0.876541660193519,3.334549473631351,4.662095650367760,3.751440970727467,4.923029795357964,4.767349365997842,5.415953602900749,1.609704905287493,3.157456424144621,5.874219373459578,4.498468597028075,3.564135693817756,5.223125409315177,5.123546277882680,-0.016876520318170,2.996965278562099,4.326884378217221,1.185750714197438,4.971805605125658,5.790848884563598,2.473170967003176,2.339817308136494,3.147010646247669,3.721013365135768,7.408806940678502,2.980426772548883,2.789452716167397,7.070265399315154,2.349929766790293,3.148740601390994,0.845122359733877,2.521036000240050,4.402660298194072,3.805381989438365,
0.196588225705074,0.010987011546856,-0.014906157498775,-0.656086922535564,4.499091117719392,3.909182979129851,4.855662616528921,2.011090137326852,0.879457003426761,3.329770081743112,4.662216338052495,3.751453234359107,4.923176711862749,4.767113888232736,5.415175190411057,1.609545636006566,3.157726930282908,5.874223804395023,4.498139323651693,3.557677608171130,5.222351588932840,5.125976945405914,-0.018474963643173,2.996207271352590,4.327138783782341,1.185911993880861,4.971503312071680,5.791978600930383,2.472651124843765,2.340199466855834,3.147402985550088,3.722025604100731,7.412223880771845,2.981380629377324,2.789345365935922,7.069502880892364,2.349440595173650,3.146742011309194,0.844038910692018,2.519570642524668,4.403927156594110,3.805381989438134,
0.194083194424530,0.012016859690081,-0.014268802726477,-0.656534848661095,4.500990130516525,3.908350578735716,4.855921648816393,2.010926454885388,0.882182490775479,3.325481557795512,4.661776628272564,3.751403120797738,4.923266412173345,4.766838642776516,5.413933222570283,1.609955359932305,3.158050262425057,5.873914483262418,4.498372327994392,3.551924596698690,5.221771216593617,5.127061469940244,-0.019292669119832,2.995741053677478,4.327549012593902,1.186334296974574,4.971572288539766,5.793177251704448,2.472008052212587,2.340140757748514,3.147654734872172,3.722991862100185,7.414387633633750,2.982091750995596,2.789329580080585,7.068609566703647,2.349439049084811,3.143862128338917,0.843351152980834,2.518450886021716,4.405364447948216,3.805381989438059,
0.191723667640379,0.012953540132046,-0.013762866523837,-0.657244082580192,4.502684974099497,3.907884384558505,4.856118798594879,2.010803948007021,0.884417363624068,3.322125763422678,4.661674346890925,3.751392088627904,4.923186602811246,4.766633311723218,5.412828011635372,1.610024355508021,3.158298893621589,5.873678971001488,4.498662572478095,3.546757674248272,5.220971761672541,5.128448001495562,-0.020660009556455,2.995842083244967,4.327786687640793,1.186449186986154,4.971074549017662,5.793557571855869,2.471757171528477,2.340485035820202,3.148085179834747,3.723969114077317,7.416648024978612,2.982749273641596,2.789600249098867,7.068287985125027,2.349024218631787,3.141731934083798,0.842368757134268,2.517120848908089,4.406184938436819,3.805381989438076,
0.186935941645939,0.014365608465936,-0.014878814694947,-0.659762382700566,4.504846653688085,3.906916231891310,4.856292249295728,2.010700153780040,0.887450484765475,3.317159285857105,4.661276341290574,3.751344027242325,4.923313503562489,4.766461592272631,5.412304854138545,1.610397091194647,3.158508770580738,5.873930980551758,4.497981308233651,3.539788705323187,5.220041864383258,5.131074389538171,-0.020250029360941,2.996360177306172,4.328044950899446,1.186343990085461,4.969506224644754,5.793024453186110,2.471955038761845,2.340427582611199,3.148251513888236,3.724853389977658,7.419870178570910,2.984471321302963,2.789844735997042,7.068271050730823,2.349004221132078,3.140782953583015,0.840010298204310,2.514700178715842,4.406685842959132,3.805381989438380,
0.183409165024423,0.015634618031075,-0.014814905544363,-0.661734463436588,4.506018539192572,3.906515100070680,4.856330269636030,2.010660026275743,0.887702847449666,3.317692764519630,4.660935301710415,3.751293941723858,4.922737906994507,4.766388788486326,5.411240071829587,1.610695694918332,3.158610485890518,5.873617313810991,4.498802149904978,3.536429619496236,5.217894688291814,5.132825754837465,-0.019752591384784,2.996189194532817,4.328366439110560,1.187930268085541,4.967431073314407,5.786009117173944,2.474904385141376,2.339738706573619,3.147652969086769,3.725886722579523,7.422025975190791,2.986563033271145,2.793449304918651,7.072530853244479,2.349623657341462,3.141178540302852,0.837619006677479,2.512826560395240,4.402654394969801,3.805381989438582,
0.179837586223951,0.015989047005074,-0.015219337904226,-0.663932384305890,4.507150402775530,3.906028547411687,4.856346627774827,2.010628440632924,0.887901145912551,3.317460879695159,4.660993001344210,3.751299718829705,4.922182678864344,4.766338952645415,5.410696375988519,1.610605411652795,3.158683278149444,5.873584327342109,4.499243950123316,3.533153999288477,5.216048509087333,5.133416549873464,-0.019965531544264,2.996319278823781,4.327862381798336,1.188788627705571,4.965934774543680,5.779617465810342,2.477594822873724,2.338931944143102,3.146637062938625,3.726485000064203,7.423155447583287,2.988535075553482,2.795322378853355,7.076414711534174,2.350333658071505,3.142268865526805,0.835470212152018,2.511059185684423,4.399018626537911,3.805381989438516,
0.177080681973467,0.016453769663171,-0.016075129056500,-0.665534712113126,4.508270117449499,3.905742620345282,4.856545689367283,2.010476527666641,0.888126230965858,3.317283718726517,4.661095321881720,3.751319670404452,4.921431154138298,4.766311140975870,5.410118682185640,1.610483537349969,3.158733646021622,5.873507133133228,4.499746875564346,3.529856429885541,5.213955161370422,5.134286368774141,-0.019714359022692,2.996336617419825,4.327874548059477,1.190127970642015,4.964799222851153,5.774428322284507,2.479691845302874,2.338102499539484,3.146408646447418,3.727930320948193,7.424880952512491,2.989817162914926,2.797849528569074,7.079873298624146,2.350999576677921,3.142857368377059,0.834433323080324,2.510294867802444,4.395842172535046,3.805381989438446,
0.175281861548734,0.016815803824487,-0.017159644995609,-0.666520857923825,4.509158832487474,3.906045485404623,4.856936239092287,2.010196208346244,0.888153992108862,3.317888633856052,4.661202560923934,3.751349612992876,4.920426916204561,4.766280234140173,5.409616853665494,1.610375879583516,3.158788770891715,5.873518486288814,4.500226156766753,3.527106180156904,5.211097011191580,5.135567061332282,-0.018714299282077,2.996076699737368,4.327609849833003,1.191501251273801,4.964219552357801,5.770161530392444,2.481293727048773,2.337144285366128,3.147181433668655,3.730539810023759,7.427594516227455,2.990683823531750,2.800025235901912,7.083069681372807,2.351739985141133,3.142934314455344,0.834232616743607,2.510303294232607,4.392912625626822,3.805381989438430,
0.174349887396368,0.016879916642303,-0.019000272682263,-0.667049772788068,4.510296165955835,3.906432538865053,4.857221260819764,2.009985146266527,0.888166438671678,3.319256195147546,4.661219585509178,3.751381610213107,4.919103936099803,4.766286955136356,5.409172356823489,1.610384669394410,3.158804985749764,5.873563401625223,4.500733422273973,3.525016758221718,5.207794767835798,5.135791920452959,-0.017496748909548,2.996053101050238,4.327380734618186,1.192802768212617,4.963245513269543,5.765961269298202,2.482915885018612,2.336122287317360,3.147485212914744,3.733262260046221,7.429236639644971,2.991606351667011,2.802168315634012,7.086077478459273,2.352601873151152,3.143275165608312,0.833902381817112,2.510183951084132,4.390178194841306,3.805381989438517,
0.174029631455942,0.017152655155021,-0.020230281437917,-0.667372574780631,4.510981016625069,3.907158384514236,4.857353439938906,2.009848453866617,0.887205938292203,3.321943653902254,4.661497080473827,3.751451662907402,4.917659650392892,4.766399169239167,5.408987135941985,1.610176278944736,3.158709979654542,5.873828615770410,4.501177083972645,3.524699112641783,5.204343797656288,5.135373117786839,-0.016385888311151,2.996479167778426,4.327186863707056,1.193277019815994,4.960970307147818,5.761049329268522,2.484878327646797,2.336108442362146,3.148188710268793,3.735780260905325,7.430029273843665,2.992963120863415,2.804001890668640,7.089547695817778,2.352512312737239,3.144731131225997,0.833370910885494,2.509909779045954,4.386951964090949,3.805381989438244,
0.175036565285143,0.018770408976528,-0.024794942545404,-0.667065169136140,4.511451706707900,3.908157802680603,4.857215699926063,2.009895261452727,0.885692086929707,3.325574878636914,4.661475837644875,3.751498276548377,4.916066050907550,4.766419157348214,5.408982741994430,1.610293439920987,3.158719786680915,5.874373512269475,4.501708924414578,3.526259446231110,5.199921664828292,5.134080466612069,-0.016079671849828,2.997297098924515,4.327004001502825,1.192992070093783,4.958031919607477,5.755480130709111,2.487118640294870,2.336111839867042,3.149648661967641,3.739013157972912,7.430368235853395,2.994608192609008,2.806451626302494,7.093379064884864,2.352450144982680,3.147342124325221,0.831977910852888,2.508815246492279,4.383406194936037,3.805381989437716,
0.175910936476055,0.020683342433849,-0.028891311307048,-0.666880326899885,4.512329177415072,3.908506523004283,4.856863389796196,2.010080501106163,0.885146804023105,3.327676797060233,4.661360505664799,3.751524415351357,4.914937972883725,4.766509692957779,5.408467065623485,1.610481957821825,3.158642685649657,5.874358426844839,4.502755844910170,3.526399003760385,5.196777355272536,5.132704604469294,-0.015595071330885,2.997869153201917,4.327097569288674,1.192604822393402,4.954641582673030,5.751115586857209,2.488917023458968,2.335965444114823,3.151287853358271,3.741568129755910,7.430608733467712,2.996392259206112,2.808541556099135,7.096581829695475,2.352525516967886,3.150301040806006,0.830423618712395,2.507518702605061,4.380569470336251,3.805381989437094,
0.176759783570939,0.022288913254753,-0.032502816955857,-0.666570242825748,4.513264157172350,3.908597167571640,4.856521148977150,2.010258071101192,0.884760551253938,3.329238553466249,4.661366573314604,3.751565093424690,4.914187284838390,4.766616898624240,5.407576074398427,1.610555077428725,3.158549698254049,5.874068702053143,4.504222133434153,3.526101629985328,5.194751663003511,5.131666215061261,-0.015409896383479,2.998947882437126,4.326451583071584,1.191655490106957,4.952078400804962,5.747665094463286,2.490445132635164,2.335512348010204,3.152513846671970,3.743315570041891,7.431208404696302,2.997811637252450,2.809015334622098,7.099315466310204,2.352890132314464,3.152641286353320,0.829257299614524,2.506461888437234,4.378211455693174,3.805381989436517,
0.177728508813714,0.023385132561602,-0.035151078399249,-0.666285434570830,4.514413910232618,3.908675943801101,4.856118722922527,2.010446331159983,0.884374690863360,3.331541793219420,4.661374512254758,3.751591022698898,4.913375544755144,4.766789162989626,5.407112938231823,1.610544985662473,3.158382873492787,5.874093270447632,4.505222755290559,3.526221422586163,5.192308502854386,5.129187355311193,-0.015222431345527,2.999901500967936,4.325417342997250,1.190482213168924,4.949318749975119,5.743707343825913,2.492241159073420,2.335116659584823,3.154156478528628,3.745135581300584,7.429873365468470,2.999532856633486,2.808990566871478,7.102095168278255,2.353322797753931,3.155363393781620,0.827644362216732,2.505008848306418,4.375768088752937,3.805381989436030,
0.178697576372040,0.024289239178061,-0.037597687128047,-0.666156174234453,4.515973743459875,3.908334720008579,4.855966103740099,2.010490113934030,0.885196788888735,3.332546556489997,4.661179429195482,3.751609877719983,4.912907132374696,4.766957021698115,5.406649571978766,1.610763957428320,3.158226516181111,5.874082508372974,4.505746415753499,3.524745593439629,5.190675126312769,5.127233515536664,-0.015111051701567,3.000105318270897,4.324563341421578,1.189801244584271,4.948117714944567,5.740445950269376,2.493923709601729,2.334494238395936,3.155464629216443,3.745745000405448,7.428946289561154,3.001554356307430,2.808766708307934,7.104287596017159,2.353975856353411,3.156663290140603,0.825453010272841,2.502942350538291,4.373930724334638,3.805381989435581,
0.179798140345742,0.025105256411090,-0.039447188785999,-0.666195563006918,4.517203249665289,3.907808113671055,4.855681925993377,2.010599437630737,0.885413016946706,3.334190838415553,4.660752726750163,3.751580980963696,4.912862832770972,4.767217739716524,5.406797382895887,1.611164177394917,3.157958612291235,5.874567330381309,4.505629223434101,3.523742270020981,5.188768091659539,5.124275721019798,-0.015077708523381,3.001121800059157,4.323495302281883,1.188917805505126,4.946605634742957,5.736775530804601,2.495795337654041,2.334183467247307,3.156807826186121,3.746691512282184,7.426882196365852,3.003115293789529,2.808545229873672,7.106669863342827,2.354342432359871,3.158582126263121,0.823852661569815,2.501389972461610,4.371831470177645,3.805381989435249,
0.180966444707925,0.025288191496239,-0.040949615870618,-0.666350725411774,4.518501765578065,3.907408851227498,4.855456709728781,2.010703312876950,0.885641751630010,3.335930490205375,4.660219476506500,3.751521067359601,4.912740951296114,4.767391942209523,5.406842240996976,1.611595887894107,3.157766741512886,5.875079204924363,4.505588669245502,3.522462751572840,5.187001266226057,5.121612540239702,-0.015456516524954,3.002787184807224,4.321728000880681,1.187518189265313,4.945766730016583,5.733159708443218,2.497687243551034,2.332874692447194,3.156988038334306,3.747789417542430,7.424994451657664,3.004555112680342,2.806380275408309,7.109146843862942,2.355663109633156,3.160132752812383,0.822430077673542,2.499914252184532,4.369736572616314,3.805381989434935,
0.182239519458703,0.024786754054695,-0.042165211585469,-0.666234955765586,4.520001560084785,3.906860063708631,4.855379550266402,2.010746154827702,0.886286575064959,3.337077732204593,4.659569354051436,3.751434568095378,4.912602965371598,4.767447858018096,5.406726297240130,1.612104711624737,3.157701681061976,5.875448635972178,4.505658360865486,3.520981595681813,5.186578975623946,5.120607105503692,-0.015589904282029,3.004391267684472,4.320442054395575,1.186928580034530,4.945767127509125,5.730468703929813,2.499298116415023,2.330782314528559,3.156820046543340,3.747306786939341,7.424681112503181,3.006050373523761,2.804766598189717,7.110949434931825,2.357724110795060,3.160450438857177,0.820626368724758,2.498006231678948,4.368319860951463,3.805381989434331,
0.183585108614667,0.024117147282759,-0.043262057797976,-0.665846878393845,4.521787090892086,3.905991527412061,4.855406728236754,2.010714294332498,0.887583545934102,3.337524992324361,4.658898081941461,3.751344329129986,4.912622926918830,4.767467141941668,5.406870375767883,1.612652668526702,3.157695356005520,5.875996029366366,4.505437393963231,3.517804096343853,5.186339901266795,5.120951166036498,-0.015497681296956,3.005787314314719,4.319275076568378,1.186167335394130,4.946214186859009,5.728870149450359,2.500492427553439,2.328712264107242,3.156870778704548,3.747405799274291,7.425675978464804,3.006671302586475,2.802826877769495,7.111996250830793,2.359771379506602,3.159207826660675,0.819887667905410,2.497037182505133,4.367617283239389,3.805381989433683,
0.185020643658776,0.023648876742377,-0.044190490639745,-0.665319535963764,4.523381964208635,3.905324157658411,4.855320839226043,2.010728742032263,0.888316911120720,3.338720355080742,4.658412349373650,3.751280396902855,4.912486521717210,4.767571113587246,5.407013677009147,1.613039401569714,3.157606238057466,5.876538114787007,4.505410045470409,3.515657058358583,5.186331688709092,5.120478617138444,-0.015795386151166,3.006870440651874,4.318113521680594,1.185220625664239,4.946540474899377,5.727440435158905,2.501638331448214,2.327151869810210,3.156854246139952,3.747425394669184,7.425885504187430,3.006998492035730,2.800827525749562,7.112989286275003,2.361319849926432,3.158456485037437,0.819706653960643,2.496599528137246,4.366929627376734,3.805381989433012,
0.186391701716152,0.023253009657528,-0.045062830791027,-0.664838265260797,4.525019099456333,3.904551796291812,4.855120453764688,2.010824471758422,0.888874349216605,3.339645764203915,4.657992763264486,3.751231503654875,4.912259648123499,4.767671658573161,5.407446618882081,1.613380998825439,3.157511344912796,5.877345455834772,4.505167866376142,3.513343595609813,5.186023193439155,5.119442024640138,-0.015481269858802,3.008653698947226,4.317022879274058,1.184433550650726,4.946618768648673,5.726186513611708,2.502700421365283,2.325434292878896,3.156810022586890,3.747877468716994,7.425659789215852,3.006958445711866,2.798942009094414,7.113775021463745,2.363029481716981,3.157956775211856,0.820116591283301,2.496650166774415,4.366450405630510,3.805381989432304,
0.188022665861685,0.022790965668083,-0.046462009650245,-0.664062261830043,4.526677502641026,3.903637480824768,4.854854498853052,2.010971365160273,0.889243674274935,3.340490417237207,4.657736135032753,3.751198034843606,4.912169231294264,4.767751764888705,5.407678953635646,1.613553451596702,3.157433155227835,5.877981514730195,4.505167689941568,3.510990133546982,5.186319309137168,5.118079267057743,-0.014630019676354,3.010345057114576,4.316131337717002,1.184013504664813,4.947228831882266,5.725931816173719,2.503468085627823,2.323841283099899,3.156357146527755,3.747994866609296,7.425213776298084,3.006789291979564,2.796566396092232,7.114033605890056,2.364620881774972,3.158108927637147,0.820903270859012,2.496971725592339,4.366503091610602,3.805381989431769,
0.189820863604392,0.022307254884822,-0.047381949308293,-0.662948497502888,4.528374623440363,3.902635231121535,4.854618357540682,2.011093931721540,0.889505236713907,3.341396291776299,4.657632557865098,3.751188592348548,4.912195635025100,4.767843718822053,5.407849530804958,1.613597795656354,3.157350402018008,5.878573531607779,4.505251018334778,3.508818477440179,5.187568380924622,5.117982622659383,-0.013950362849023,3.012251085375795,4.315458486654493,1.183729786819012,4.948465957895682,5.726572350562117,2.504046464725850,2.322385725615686,3.156169618403086,3.747039224875591,7.426073401802954,3.006569123431237,2.794238486917653,7.113733668444663,2.366070308307718,3.157153836168259,0.821615825646704,2.497139432010545,4.367116829127238,3.805381989431385,
0.191906662170610,0.021860805507058,-0.048452378124374,-0.661934605990154,4.530324781468027,3.901199658668769,4.854462753007436,2.011155920045897,0.890109755440903,3.341534995203812,4.657755233316204,3.751205699357695,4.912728520996715,4.767944620484576,5.406950685991048,1.613409571162644,3.157250161057394,5.878238136715303,4.506313248244382,3.506413663237174,5.189265500366523,5.117739028111716,-0.013384343252298,3.014136670484770,4.314498957203317,1.183514926804023,4.950249752732858,5.727485143323082,2.504683439209583,2.321322810008655,3.155940500464234,3.745454099099764,7.426638610472723,3.007060065738655,2.791221033029014,7.113514785512010,2.367149821569680,3.157487624875342,0.821070085347599,2.496047167421118,4.367675690925567,3.805381989431015,
0.194253875181809,0.021852811456361,-0.048805288283356,-0.660901961949023,4.532077649199592,3.900090225004294,4.854150989779802,2.011308410963091,0.890270086625222,3.342252211154621,4.658136956277440,3.751269642283302,4.912947494529659,4.768157160668867,5.406708361072329,1.613026808382008,3.157039117987448,5.878572587574313,4.506871856885732,3.504094042505855,5.190486688312894,5.117156013966093,-0.013246553081496,3.015894565263522,4.313375376228555,1.183040414480892,4.951755752419305,5.728230915116915,2.505279948421348,2.320957525079112,3.156549397432313,3.745502061009967,7.426701799036403,3.006342909154865,2.787989705222284,7.113396708016921,2.367607962550953,3.158195790004367,0.822288501299414,2.496652116922044,4.368115133519258,3.805381989430692,
0.196871389942733,0.022037215303066,-0.048720921866315,-0.659357749179396,4.533750151533183,3.898972737266482,4.853810521668485,2.011468536893774,0.890220331571550,3.343803862310434,4.658571076300171,3.751339653956652,4.913268493952059,4.768409809861493,5.406197467533848,1.612598066415390,3.156787380964815,5.878658915507046,4.507861856843326,3.502922869781789,5.191732619498882,5.115285109892629,-0.013551241757373,3.017288740686982,4.311941827861860,1.181841739873983,4.952721395501702,5.729281355268037,2.505745164522470,2.320915282396115,3.157187888887204,3.744990890971725,7.425463864116526,3.006119694519527,2.783923124736343,7.113051878400092,2.367734977258265,3.159215840183321,0.823176365783862,2.497009003585954,4.368735805042113,3.805381989430354,
0.199142809770391,0.022479415901530,-0.048699131718408,-0.658057865214536,4.534963556629474,3.898307448119526,4.853617223655746,2.011559938446433,0.889387828358627,3.345814114744597,4.658957723859054,3.751398841905599,4.913385736219688,4.768538090303139,5.406480123551182,1.612206622215683,3.156672159777759,5.879556651776104,4.508235550765939,3.502148749178958,5.192570436222900,5.114395384898138,-0.014518252498494,3.019247272478880,4.310264741969410,1.180914308929085,4.954535370616025,5.729969883993520,2.506197430886461,2.321289116060433,3.157575462438107,3.745455078417529,7.425342303662312,3.004736662101361,2.780126700553006,7.113034289541374,2.367422903921317,3.159479242668831,0.825804947773553,2.499050821622085,4.368994761408275,3.805381989429955,
0.201140346357511,0.022576377829849,-0.048448589435042,-0.656919901080524,4.536379248848949,3.897413773457263,4.853530148084184,2.011582546725252,0.889318734822265,3.346745612807565,4.659455682001848,3.751476655816758,4.913570130169218,4.768620257792168,5.406687210698360,1.611709453631054,3.156607068316795,5.880370917211057,4.508339187159763,3.500003469499911,5.192935084146034,5.114786356189801,-0.015577800102654,3.020963380965988,4.309041897811290,1.180632901986840,4.956994981021992,5.730871014407252,2.506568084889607,2.321419797716969,3.158311797421148,3.746397572424567,7.426548802798700,3.003319557124748,2.776653239077154,7.112848097571566,2.367318152599482,3.158651269399434,0.828158830651936,2.500801958049109,4.369503305900478,3.805381989429600,
0.207871871998432,0.004285098614813,-0.050308198938285,-0.649515661870856,4.536723571795622,3.897917851585676,4.854913924773679,2.010555977169469,0.890488301411326,3.352767375610822,4.665982234367695,3.752391759422785,4.915837130054959,4.767986055555570,5.402362811782525,1.605266290028720,3.157293003621906,5.881947905925379,4.510204131513874,3.504913982867552,5.190781642926903,5.116823617027225,-0.018210184673974,3.024209432566260,4.303155796060197,1.181269626936161,4.965627574396853,5.730992139349823,2.507346884492245,2.322712861987737,3.158700057091791,3.748663230732892,7.429227643033561,3.004294934670249,2.766473938825909,7.113075699488380,2.366095179110701,3.157946978667230,0.824236156923987,2.496565257832622,4.369934232879420,3.805381989429222,
0.214150194151898,-0.012413097546747,-0.052094894207350,-0.642736254298043,4.537024828387941,3.898512786619091,4.856088055790979,2.009684081932642,0.891247902727922,3.358380621404901,4.671731832194369,3.753206389995397,4.917755908570877,4.767403044608368,5.398869913881723,1.599607006878708,3.157920881923937,5.883784996342150,4.511609487405045,3.509538599397452,5.188727679321266,5.119732363625410,-0.021352930025154,3.026952807650894,4.297955001827223,1.181660207977897,4.972847529098916,5.731188392081929,2.508021599566095,2.323470611963686,3.159405897942410,3.750909740051277,7.432418687400173,3.004904248573343,2.757517756743602,7.113295333394143,2.365390614755992,3.156917620883342,0.821373140371382,2.493348115053930,4.370285215334231,3.805381989428879,
0.219874377186525,-0.027436554890937,-0.053581279505715,-0.636484077708277,4.537219303142364,3.899226707001622,4.857155080207180,2.008888087211714,0.891780025866518,3.363583074185501,4.676923921576932,3.753942112747491,4.919291556428525,4.766873444717216,5.395979705569581,1.594504682068484,3.158488397096431,5.885713537199759,4.512706271008115,3.513389423723073,5.186586927006423,5.123122166459558,-0.024082757765706,3.029270389146707,4.293011336508576,1.181407968491761,4.979506100897125,5.731680551649596,2.508482751925930,2.324124012909785,3.160173004303367,3.753631874375416,7.436097828859767,3.004913011814688,2.748519703076474,7.113414444192685,2.364780613696706,3.155559739301988,0.819660167764437,2.491267948422562,4.370657168130939,3.805381989428607,
0.224523897742254,-0.040746341014287,-0.054568569524195,-0.631057241496077,4.537496701614662,3.899872161794865,4.858041757240859,2.008229259543398,0.892238187272802,3.368016713494847,4.681646242379675,3.754608471940759,4.920454075427429,4.766369475631049,5.393773947141696,1.589864128750303,3.159030912845788,5.887869935612412,4.513366499454984,3.516495287556659,5.184518462249021,5.126574264746554,-0.026544553952281,3.031755819829317,4.287903782044169,1.181438806059481,4.986288503968400,5.732018121335059,2.508930277022234,2.324831776222367,3.161117589851715,3.755970772030222,7.439882497360791,3.004964118441707,2.739315573132163,7.113476931981811,2.364098638351105,3.154000283092153,0.818315051144667,2.489561844077238,4.371040783460664,3.805381989428295,
0.228966949101071,-0.052792737937460,-0.054957973459846,-0.625944041814269,4.537966167355416,3.900342948957865,4.858701240216594,2.007691217563391,0.892786142301089,3.371833947132482,4.686112389347313,3.755227742499780,4.921519077780812,4.766033480718457,5.391788535697884,1.585533401323379,3.159396891811407,5.889886856582454,4.513931154724844,3.518882045048264,5.184192758806947,5.129083010967457,-0.029047822544100,3.034878118031322,4.283974755273740,1.181345095862402,4.991658898066799,5.733382188332857,2.509074597908553,2.325566183377020,3.162375381746179,3.756698741195530,7.442535966205421,3.005525965081306,2.731913902357438,7.112885475209888,2.363415236587499,3.153112054365900,0.817016101833205,2.487961990365012,4.372063141144828,3.805381989427873,
0.232140076443600,-0.063158044815089,-0.054458165723222,-0.621705695055706,4.538253476817204,3.901050483446014,4.859066676527090,2.007353197797610,0.892823392592650,3.375430980709865,4.690226290520596,3.755787821453008,4.922186723069138,4.765703217027709,5.390575373941887,1.581534129825445,3.159755261182380,5.892325714241357,4.514026589696448,3.520682652222796,5.183669443566615,5.129473952559657,-0.030247131639907,3.037861078225343,4.280483875627530,1.181163025449050,4.996179921009182,5.734107374507214,2.509330260216060,2.326584060302414,3.163763928461695,3.758531456308466,7.443268704461323,3.005134975445855,2.724695617607501,7.112537054101609,2.362425484593560,3.153128688620936,0.817122993710109,2.487737439315252,4.372800138309130,3.805381989427505,
0.235113293234503,-0.072122010521704,-0.054085946579922,-0.617774154833288,4.538595797728492,3.901690797615337,4.859176582175364,2.007150826203336,0.892844229335062,3.378764852852351,4.694241404695098,3.756308253043672,4.922933828541182,4.765573966467912,5.389244145132688,1.577705000370476,3.159906647891823,5.894280202056983,4.514350453859577,3.522301049436353,5.184155464495043,5.129042106228678,-0.031647029819202,3.038780421352550,4.278284391929112,1.181168832456054,4.999079284450541,5.735202760953233,2.509444471129110,2.328156015572985,3.165523177260215,3.759550533508096,7.443274077128804,3.004909344756503,2.719891271485741,7.112023730699605,2.360875120203096,3.153740321649986,0.817271545085471,2.487592332969899,4.373646485759999,3.805381989427174,
0.237056575181949,-0.080155875683194,-0.054398188952481,-0.614755339782924,4.539291447081160,3.901846339210144,4.859073499646025,2.007056429967063,0.893223602910114,3.380953000178652,4.697985915354026,3.756781255754988,4.923835294069016,4.765638770869921,5.387462519903059,1.574160982789547,3.159865097160741,5.895590632618298,4.514974653152041,3.522730436618652,5.185157691936198,5.128363767964330,-0.033141615022234,3.038850117959997,4.277142645018319,1.180849318825890,5.000565710227555,5.736289320862026,2.509595691285158,2.329559641880480,3.166905707871142,3.759072933021292,7.442972934750523,3.005197738471038,2.716304613282860,7.111675528805076,2.359493725380155,3.153818555642296,0.816696054958018,2.486833960623740,4.374420909460028,3.805381989426646,
0.237271382924696,-0.086901231203932,-0.055852561351659,-0.612510088490511,4.540135927702819,3.901723098603215,4.859126170031275,2.006934779821997,0.893780335866307,3.382380516792314,4.701190476137631,3.757204211854403,4.924726138406699,4.765557090607529,5.385970193461068,1.571057938045235,3.159974011109182,5.896939554790670,4.515310711737537,3.521818814747704,5.186998470502527,5.127631160630092,-0.034254361483338,3.039674185845639,4.276333503337656,1.181063158713944,5.001907665961969,5.737229085351992,2.509746950686659,2.330806779498755,3.167204908233341,3.758125162047863,7.442503943000311,3.005455624616182,2.713873056110037,7.111146285630983,2.358189455305497,3.153676465079585,0.816495556516558,2.486410165671386,4.375370760418795,3.805381989426097,
0.237056281099316,-0.092429256959926,-0.057556455860737,-0.610717900799366,4.540997702170015,3.901397762694961,4.859040029993865,2.006884788425035,0.894156824749018,3.383193949290443,4.704245385825033,3.757585294974125,4.925689477971158,4.765574857161839,5.384768932968956,1.568109301957297,3.159958654456026,5.898289774634028,4.515576456937327,3.520942390974622,5.189675123840753,5.126762095713946,-0.034974419639781,3.040682229531875,4.275724169792636,1.180434487454687,5.002151806099432,5.737845874543580,2.510133248289216,2.332527009833463,3.167564199744969,3.756095437509890,7.441785993247903,3.006519194603418,2.710974235480234,7.110578867115264,2.356437577462770,3.155801613977713,0.816010942018761,2.485675498175759,4.376361934817588,3.805381989425699,
0.235958777968500,-0.097400960753844,-0.057144996640858,-0.609711979188358,4.542223719146397,3.900679351748050,4.858245642877979,2.007271160802482,0.895578422172458,3.383130930575393,4.707975858671985,3.757919067590856,4.927504163039351,4.765935170957373,5.381837863574633,1.564497004335960,3.159582629587818,5.898006718863339,4.517123745886100,3.518475962852980,5.193588710412455,5.126680746474280,-0.035584434170591,3.041619979494343,4.275980925819729,1.180792826461725,5.002479256147741,5.738404388178463,2.510521935299997,2.334760891006658,3.168091627632234,3.751231146954425,7.441951751653868,3.007966805994330,2.711948200870904,7.109926852134207,2.354163400137137,3.159493283506758,0.814115310778678,2.483713496484501,4.377502767431340,3.805381989425118,
0.234761345421667,-0.101393470106421,-0.056694588268274,-0.608801088554326,4.543179587981659,3.900214673099223,4.857444817361499,2.007676194117530,0.896465864042140,3.383250300721758,4.711598792110956,3.758215039186283,4.929019179438416,4.766234551803738,5.380073186685629,1.560967872349755,3.159273512115242,5.898465134955993,4.517786495509625,3.516209993166849,5.196997181667341,5.126872340651214,-0.035699736671902,3.041273060315810,4.277261782373946,1.181874060870927,5.001885520924271,5.738898603998834,2.510790395477283,2.337381363819171,3.168105193724483,3.747641861875675,7.442517100442025,3.008194261920809,2.714892036978478,7.109296873843197,2.351525906506882,3.162938725724728,0.813901471307449,2.483387074899743,4.378490771602950,3.805381989424526,
0.232868734433776,-0.104734083071704,-0.055033415295941,-0.608428586908727,4.543841263282300,3.899999209136359,4.856593848575488,2.008129941899773,0.896747824855634,3.383668740033258,4.715025380849255,3.758477872827744,4.930253227893650,4.766493847123707,5.379315805537502,1.557614027272265,3.159005286353136,5.899635762096961,4.517598135005016,3.514372661216033,5.199116362425203,5.126925365263674,-0.035906211284566,3.040664383086488,4.278837388151655,1.183057266571869,5.000573121847348,5.738534881154529,2.511193235855123,2.339899013732798,3.168423729605904,3.744831304420902,7.442804744089125,3.008352153476483,2.719166582664387,7.109155959237317,2.348974259834099,3.166211540014261,0.814016649571446,2.483500509427070,4.378916003571251,3.805381989423967,
0.230813980540438,-0.107775930782872,-0.052951170472651,-0.608345774268456,4.544248408714810,3.900109191519337,4.855649627969833,2.008658160195151,0.896293343583492,3.384207743477653,4.718143498245017,3.758713500085321,4.931093472548477,4.766703391573975,5.379410176059912,1.554558934939399,3.158790956212398,5.901524936300878,4.516901545818988,3.512414445829110,5.201573616299675,5.125921583981545,-0.035050904103941,3.040136879088230,4.280610404610736,1.184943662362151,5.000529382578906,5.738309785227878,2.511581138343820,2.342109020610658,3.168824555147367,3.742592815146434,7.442352672515912,3.007606059299523,2.722531906334333,7.109042534939500,2.346713670359316,3.168758837832360,0.815576378172908,2.484991389215878,4.379292846637418,3.805381989423428,
0.228251884340089,-0.110155784183796,-0.050753847337971,-0.608606836761965,4.544713454798073,3.900098793279355,4.854436442323965,2.009379726495663,0.896100516329637,3.384214585529727,4.721284403459119,3.758910464228336,4.932252240154156,4.766960891644195,5.378811978304009,1.551461708993280,3.158522691871678,5.902744267692958,4.516852688753303,3.510258051462232,5.203970057359095,5.124056911991621,-0.033829822749937,3.040406693145693,4.282226660797670,1.186618791412732,4.999847246931513,5.737618050516894,2.512010809815128,2.344267282964161,3.169454677650472,3.740227380665342,7.440989920406716,3.007089911087095,2.725944534832725,7.109203538982084,2.344495488470265,3.171411809715437,0.816718110479363,2.486061669414565,4.379476294350471,3.805381989423019,
0.225737843839552,-0.112316981929833,-0.048988831521106,-0.608798201702673,4.544755819128984,3.900560357148137,4.853336427105868,2.010046879856367,0.894994426558474,3.384632336896416,4.724295170495856,3.759072472506186,4.933007816816924,4.767157115588536,5.379157956311645,1.548526223049243,3.158315009681747,5.904831169467524,4.516239959329665,3.508635864842555,5.206228551322895,5.122705704730586,-0.033199205168564,3.039333710325319,4.284672608750876,1.188146626246623,4.998598123611143,5.737134356526250,2.512248704883580,2.346218760404289,3.169997998108825,3.740061642158730,7.440316945182195,3.004252413955228,2.730530711715967,7.109375011199495,2.342470887560104,3.173766098065575,0.820615798031754,2.489689756127454,4.379580026197716,3.805381989422598,
0.222387409592624,-0.114001840567605,-0.048713109551535,-0.609316387317094,4.544610945232257,3.901152690833317,4.852651919102922,2.010577511820045,0.893904169945527,3.385259716319453,4.726743213276686,3.759254459033558,4.934034806228306,4.767049692473497,5.379323504208115,1.545943961528501,3.158443647329454,5.906446573233305,4.515519916149170,3.507882508739847,5.208317235491826,5.122077037976787,-0.032280635392714,3.039214001507796,4.287239097202390,1.190570146423090,4.997548741165410,5.736068716930225,2.512773215774387,2.348397511239993,3.171062634282617,3.738659737113271,7.439977701988084,3.002167150751776,2.736211148163143,7.109527476100873,2.340302363437453,3.175773076542509,0.822753330321806,2.491665622969297,4.379642545725422,3.805381989422224,
0.219194018397424,-0.115024069832956,-0.048676622469553,-0.610108216851473,4.544355748335274,3.901606373858117,4.852149430579241,2.010972011360575,0.892545394583743,3.385380889660361,4.728994542464675,3.759409820858734,4.935210565052160,4.766908328726445,5.379158359972325,1.543614864768078,3.158614178952728,5.907617240805711,4.515069345073162,3.507726076164210,5.210944071513287,5.121442411001671,-0.031661604571594,3.039243488040661,4.289476923211659,1.192829849699850,4.995975603326657,5.735271962465615,2.513084936871157,2.350754356757842,3.171083699004543,3.736284466047898,7.439688259411885,3.000577984898814,2.742262572213419,7.109939776633952,2.337905430299989,3.177636428523760,0.824055117384997,2.492874834473328,4.379480504950150,3.805381989422049,
0.215636658807139,-0.115444535625659,-0.049115071549695,-0.611119346409498,4.543912288915103,3.902249575288622,4.851536061354213,2.011404412960704,0.890777402077156,3.385763947517341,4.731235151867032,3.759523473574196,4.936090185659274,4.766902992583364,5.379827965380091,1.541356992441693,3.158652223335559,5.909419233908854,4.514151233927755,3.507427536534478,5.213225959561750,5.121066918419801,-0.030749042018438,3.039361675517347,4.290938238173027,1.193755379473904,4.994569453696185,5.734180487474045,2.513530390476634,2.353158071474091,3.170611747520546,3.734739235036533,7.439515698859291,2.998575395842026,2.745969565613554,7.110413497719752,2.335430889160185,3.179580542011547,0.826371258114723,2.495035289308525,4.379164051566048,3.805381989421787,
0.211304978245797,-0.116018458848356,-0.050428417846814,-0.612884270328241,4.544717855189040,3.901496498272551,4.851283369263328,2.011621015698971,0.891313543768948,3.382966628205617,4.733342789936866,3.759618041185317,4.937794169447463,4.766725422893888,5.379419502560459,1.539238228129831,3.158868298150420,5.910110498270552,4.513618288998301,3.503677141924761,5.216633835578959,5.120003114456379,-0.030240812756561,3.039953178120848,4.292475507533990,1.194490721142873,4.992590562911915,5.735662305972823,2.513027714841175,2.355500689971686,3.169426318333622,3.732713788664243,7.438749777515079,2.997830776744708,2.750088807848047,7.109697992922066,2.332950271028298,3.179969746314967,0.827240423511349,2.495796386370267,4.380187299285531,3.805381989421545,
0.205862414213122,-0.115488402225509,-0.048360493616460,-0.616032962729160,4.545355992521055,3.900860491983635,4.851162336715996,2.011753337957517,0.891304360136177,3.380497424184899,4.735073188382738,3.759708875584295,4.939243098820143,4.766541867130671,5.379362497073874,1.537514591604539,3.159094014109673,5.911048166342467,4.512749225602129,3.499481758235119,5.220149201649507,5.119467612556113,-0.030281063437994,3.040701731085223,4.293810429599967,1.194896641616718,4.990597757427460,5.735019778852155,2.513372059361303,2.358094044377186,3.168794833020124,3.730431334963661,7.438158803501921,2.997293505398926,2.753937719036723,7.109934349007390,2.330209493893124,3.179905355006990,0.827532326738671,2.496062206791727,4.380246774502108,3.805381989421245,
0.200423572562515,-0.115022223892323,-0.045731328245888,-0.619243392767212,4.546044458627996,3.900159073370129,4.851054843176220,2.011878147336075,0.891147167269006,3.378275332718023,4.736717668100368,3.759782772652084,4.940672045351040,4.766344210171627,5.379051154554150,1.535878577026025,3.159335819582264,5.911742161728249,4.512267002743813,3.495329457394779,5.223918160091258,5.118737601386573,-0.030147632538601,3.041585253349019,4.295303314655976,1.195223915628681,4.988625256250999,5.733487367660965,2.514130993258400,2.360584475772014,3.168377514544191,3.728078667214081,7.437432288524211,2.996683874435212,2.757319215733836,7.110539335610444,2.327566184410685,3.179425708606844,0.827657856474585,2.496125207875378,4.379971764747514,3.805381989421088,
0.196256672027903,-0.114041431174379,-0.044207538296696,-0.622233149663823,4.546729765689041,3.899114439095388,4.850986017837740,2.012007928447137,0.891249913594746,3.375141225025444,4.737914943598881,3.759862691563001,4.942576930179498,4.766214783811248,5.378267669415911,1.534732489968644,3.159519706566607,5.912075877785144,4.512193340422594,3.491874397259586,5.226492485068655,5.118115141662259,-0.030782781189026,3.042704877050386,4.296350839941991,1.195724925357330,4.988725702815248,5.732336116019878,2.514894864944680,2.362568714600373,3.168765317706514,3.727423000493824,7.436908582091813,2.997105039419031,2.759598258840320,7.110922784364788,2.325427732564136,3.177103626799342,0.826081706572636,2.494419274295781,4.379997575973634,3.805381989421145,
0.192451871913161,-0.112690145204273,-0.042659984220987,-0.624953330968409,4.547599151323388,3.898119073495690,4.850936516336962,2.012112815710115,0.891566357513454,3.372062178933657,4.738971673711386,3.759928477520365,4.944250159885509,4.766131792624746,5.377676216417644,1.533734374037306,3.159645337823640,5.912481487433017,4.512023120665405,3.487984787808250,5.228652502156828,5.118065184437348,-0.031567432473079,3.043476129685672,4.296999983531681,1.196188585118808,4.988987184032139,5.731578546504003,2.515421047643815,2.364636884221662,3.168981003208568,3.727637382482688,7.436785132658822,2.997272607499629,2.761316780123400,7.111160282058906,2.323252381990730,3.175447691040144,0.825206862278159,2.493419884193356,4.380123790612930,3.805381989421131,
0.188677658906316,-0.111031194917866,-0.040954996223485,-0.627992318771928,4.548193952965150,3.897445931036017,4.850841026893590,2.012238750217691,0.891208269653393,3.369425447182924,4.739882688590489,3.759993787678288,4.945475226220939,4.766043093862448,5.377973372631379,1.532871914446015,3.159776128840992,5.913601574450321,4.511191234580739,3.484545921474318,5.229934965528543,5.118458649093743,-0.032698898674042,3.045549860968291,4.297654946144382,1.197093933796520,4.989620714385852,5.729780222885061,2.516284289057909,2.366633155814201,3.169454104283401,3.727891642427342,7.437047932208928,2.997127854476030,2.763483494288669,7.112027439719157,2.321142860689689,3.173608516396162,0.824519338082846,2.492691851018816,4.379555404958976,3.805381989421253,
0.185677376824524,-0.110287360198539,-0.039490819167570,-0.630417703771690,4.548650266813058,3.896774777174385,4.850598382110451,2.012452114752592,0.890716447270826,3.366742798704240,4.741080901617221,3.760002179524747,4.946759739430415,4.765989961335065,5.378011470549479,1.531726605390607,3.159856914474028,5.914623435259737,4.510658913722692,3.482021714124058,5.230822830646500,5.117968656885797,-0.033133739024463,3.047622555423477,4.298194919677677,1.197680470293965,4.990049817546346,5.728347687400120,2.517008241611066,2.368454594790969,3.170159187793072,3.727955020016198,7.436629177384696,2.997234161173930,2.764799224651960,7.112772021002354,2.319198055923289,3.173282423728711,0.823983958227527,2.492033320677860,4.379179724249016,3.805381989421353,
0.183068277366653,-0.108787533233985,-0.038159270243871,-0.632420356900166,4.549268790251465,3.896012569619298,4.850571317699806,2.012552606370401,0.890419563166027,3.364441276082592,4.742108612004309,3.760015045504392,4.947954631714349,4.765806161438106,5.378078215935257,1.530752860152190,3.160085219978265,5.915515956127860,4.510185883823326,3.479491063785379,5.231862963938431,5.117712693996356,-0.033784720156343,3.048908048138515,4.298721747864588,1.198819683194795,4.990612976628588,5.727377441033421,2.517590028098041,2.370847430426409,3.171487846774891,3.727412214779844,7.436567785070328,2.997521567048234,2.766760795601883,7.113161414893886,2.316704361181114,3.172437865952979,0.823237997069858,2.491204004133775,4.379108684511556,3.805381989421322,
0.180937040922819,-0.106490646456135,-0.036685330655693,-0.634504050444573,4.549763641949083,3.895611936888733,4.850475366443231,2.012673819811280,0.889631602274647,3.362881546730453,4.743133768050748,3.760005900527051,4.948808131491897,4.765695515845850,5.378667892788407,1.529808435362266,3.160232673722714,5.916910204700892,4.509383806531441,3.477256588664270,5.232855087745272,5.116777056995208,-0.034946892129177,3.050151032970949,4.299437408308685,1.199027656575913,4.990664643241285,5.726051711074534,2.518325253699488,2.373847358180822,3.173259380022269,3.727290138186798,7.435904752659815,2.997044618962815,2.767810370339362,7.113713207550091,2.313659800606218,3.172153802650081,0.823650026622606,2.491433878482157,4.378887099793030,3.805381989421107,
0.179172852380471,-0.104018720303501,-0.035265426699318,-0.636338082112036,4.550202513890489,3.895360586372533,4.850313166580992,2.012828206017002,0.888599787737390,3.361648337369428,4.744021564378396,3.760006114610285,4.949430150426046,4.765643242914997,5.379596285793088,1.528965315917350,3.160321364745263,5.918602522586239,4.508410049753582,3.474761686914040,5.234268653680510,5.115145189475126,-0.036672939666484,3.051891697765260,4.300581741436196,1.198629538243377,4.990114318198966,5.725390296273149,2.518773525575432,2.376852610088267,3.175021053352787,3.727337794212928,7.434670024332658,2.995749951290228,2.768772175776235,7.113981671407142,2.310622193199061,3.172072438452033,0.825361468263683,2.492869920966377,4.378936364851064,3.805381989420856,
0.178541160868374,-0.101280682165369,-0.033724182790257,-0.637490725639117,4.552548734702861,3.893929442133483,4.852071112896573,2.011911379695207,0.889853304968141,3.361583408665626,4.744038340940449,3.760132181759845,4.953371233635480,4.764490367218176,5.374467275267955,1.528921932334679,3.161530914692448,5.914565553704469,4.513268398731407,3.471712404406747,5.236623909683101,5.110406854206550,-0.039769269856107,3.054361002959206,4.298321554942989,1.200848330058096,4.990693964149483,5.727800489778582,2.518241763779607,2.379349189523591,3.175797970092585,3.727104419491126,7.430818602098829,2.995250013818409,2.771749949550962,7.113320733527614,2.308029535404990,3.167963955135371,0.825393708723312,2.492490705048976,4.380040456819667,3.805381989420785,
0.177892562605926,-0.098542048699917,-0.032501936090883,-0.638707949784444,4.554397035394396,3.893064799455358,4.853584735752356,2.011105124698953,0.890557609907687,3.362145474166149,4.744385375898537,3.760185125100124,4.956555901507390,4.763504970554870,5.370749284162221,1.528609737590146,3.162550586835735,5.911683633651670,4.516978895594250,3.468948362632449,5.238534288957580,5.105587881011532,-0.043071865938515,3.056085232838847,4.295996907062401,1.202541910683040,4.991090441518138,5.729699392352919,2.517849691456215,2.381864082936395,3.176559207711880,3.727555975854092,7.426911247488071,2.994276733857002,2.774157823670552,7.112831168039836,2.305418199831099,3.164822649581828,0.826536535564044,2.493236100036505,4.380916324458726,3.805381989420848,
0.177755213731096,-0.096117349041732,-0.031666294604070,-0.639648405682324,4.556367002857629,3.892327343548983,4.854977069383577,2.010370702325739,0.891308043866006,3.362768778537992,4.744656641801169,3.760242147126257,4.959261608178577,4.762584574277395,5.367444944413086,1.528366443086183,3.163507565106201,5.909187352719957,4.520336840580800,3.465761895071506,5.239859791037540,5.101434022313216,-0.045731551928666,3.057627967923212,4.294228408750393,1.204649015598142,4.991878370288065,5.731664163809018,2.517449533795744,2.383920765874838,3.176995891349517,3.728587190261885,7.423826058554967,2.993293508421567,2.776780774661157,7.112392385259180,2.303282460012652,3.161350140319178,0.827879014600067,2.494233494680462,4.381701880334467,3.805381989420776,
0.178224202709384,-0.093480203273740,-0.030409266116990,-0.639863426156602,4.558614006054849,3.891493438573776,4.856059710305479,2.009772441851494,0.892823110961050,3.363131198723894,4.745407773082085,3.760201666334974,4.961770376471138,4.761873122858330,5.364284531450584,1.527711506345641,3.164237292417540,5.906751839562741,4.523447613455094,3.462258740017436,5.241064791035354,5.096830407782286,-0.048453359210751,3.058422518615564,4.292651199914898,1.206173403656719,4.991798636122769,5.734672868046256,2.516539896658825,2.386475838820015,3.178538595551621,3.729681070852612,7.420188623763470,2.992667781460618,2.779287051979539,7.111267568257047,2.300719877989357,3.159195007408245,0.829171819314506,2.495205637442271,4.383101874847068,3.805381989420814,
0.180069058507269,-0.090147725558174,-0.029744801749518,-0.639738022874045,4.560773373779972,3.890989926209342,4.857441694466994,2.009022878581007,0.894714177811888,3.364012571062666,4.745697647686742,3.760209692102985,4.963947504718814,4.761152690732632,5.361079154932265,1.527537482872721,3.164976326381780,5.904326101170943,4.526067955765255,3.458952177660445,5.239798573912534,5.092887342517491,-0.051275524106510,3.059483202733800,4.291382392931602,1.208168485075227,4.992184951441303,5.737381272040614,2.515658765096320,2.388073119001016,3.179230824707437,3.731362515426067,7.416993396401715,2.991719182264311,2.781908666173660,7.110652051737066,2.299165529933997,3.157306335210283,0.829629274697872,2.495559248112162,4.384096746664025,3.805381989420696,
0.181702040306625,-0.087307678352098,-0.028944988639380,-0.639662744426870,4.562479116836316,3.890834837913295,4.858713382096313,2.008333145595090,0.895798471078218,3.364947857957421,4.745705364983243,3.760238221038153,4.965631421794426,4.760491652552954,5.358827166624522,1.527654603512368,3.165655388707394,5.902839187093880,4.528041979510549,3.455959940926874,5.238904395030547,5.089791869367122,-0.053275118842696,3.060223027868276,4.290160789592202,1.210317751412490,4.993596009322697,5.740099482573982,2.514833081164164,2.389002219982724,3.180269299000199,3.733451380968823,7.414873854858317,2.989972105213997,2.782684266637370,7.110062983339464,2.298253152698329,3.154934243548730,0.831796020896550,2.497486456921478,4.385033006739598,3.805381989420556,
0.183710420416323,-0.084265170275660,-0.027674000488517,-0.639289825991321,4.563829502182047,3.891121890106809,4.859866809801633,2.007716141171325,0.896236874496072,3.366707388247959,4.745743037041124,3.760257071685320,4.966868260939591,4.759876152009752,5.357164640033934,1.527736485586881,3.166292155236442,5.901868435071346,4.529771709112974,3.454142373433268,5.238008096774212,5.087274536064267,-0.055344650088363,3.060242652199230,4.289845398789240,1.212266111298006,4.993593583720767,5.742600677733195,2.514067116873659,2.390357960623466,3.181739981035411,3.736063118264186,7.413315674993543,2.987531794874608,2.784684759033433,7.109541330272156,2.296965092110485,3.152788322129925,0.835006226485272,2.500445957534149,4.385884852453021,3.805381989420432,
0.185125116862033,-0.081397196023122,-0.026317730525415,-0.639236854790638,4.564747799922606,3.892005069055495,4.860800404035664,2.007197062747932,0.895948711400414,3.368874161385785,4.745823786430854,3.760266402949960,4.967447702034099,4.759338979958901,5.356289923392356,1.527761670429707,3.166854242335609,5.901699342091272,4.530983467816655,3.452938240573564,5.237413423225387,5.084930707804116,-0.056657644423438,3.059949682529331,4.289903494262213,1.214336558877750,4.993936179412998,5.744132352776346,2.513609306545221,2.391641951409584,3.183306631016047,3.740057248104945,7.412048926129446,2.984617850949070,2.785835929751453,7.109401127179031,2.295728491165050,3.151033522951146,0.839367815163897,2.504502357337629,4.386340762371063,3.805381989420315,
0.187989492999082,-0.077014809841705,-0.025590560951631,-0.638093987892347,4.566735155601253,3.891778214910043,4.862188199305542,2.006588496572525,0.897804430890666,3.369054316679402,4.744964394128924,3.760391329217908,4.968850939126598,4.758665926799244,5.353983674714344,1.528742683748550,3.167594572752599,5.900324232058149,4.532849623974804,3.452078109862161,5.234306059318949,5.082145901405178,-0.057475107827660,3.059801575699357,4.290216702413530,1.216895759674118,4.995322192140829,5.745755175868266,2.513108686822316,2.392488614859637,3.185173107942457,3.742410435006030,7.410477571647988,2.981788067824598,2.787735105582581,7.109232693973398,2.294893361172453,3.147961811229301,0.841592780000283,2.506574537560955,4.386943280380551,3.805381989420439,
0.190664370502897,-0.072731982754302,-0.024728352028490,-0.637084619371554,4.569445636834268,3.890928151407214,4.863482781907070,2.006016161254855,0.899717618145904,3.368254926744156,4.744594782444425,3.760436870014433,4.969662487151254,4.758074535208081,5.352326638032559,1.529266954269087,3.168248180360151,5.899619467178639,4.533567514120883,3.451284162176092,5.231189562809923,5.080019254988662,-0.058385961173334,3.058517831593859,4.291305043659713,1.219647723547408,4.995305214466772,5.746728928976785,2.512707478958488,2.393483157629567,3.186642186211481,3.744808372346565,7.409414333397812,2.979275643068890,2.791932326629010,7.109364664536696,2.293889302084296,3.145582834036771,0.843694539843705,2.508548467624593,4.387299067488465,3.805381989420672,
0.182751942039791,-0.067226549478963,-0.017135824771926,-0.643823240865089,4.570918739878450,3.890807660680284,4.864601737673175,2.005503707007570,0.899341905185144,3.369645837809581,4.744311775391642,3.760490813233814,4.969027058452189,4.757544460995144,5.353126376355629,1.529638823477995,3.168840239343417,5.901180670631102,4.531553301698354,3.447249308461475,5.228252747181317,5.075077503783612,-0.059550415284542,3.057759902773678,4.292856513744286,1.221165419743196,4.992629088078352,5.738856669132097,2.515651120395885,2.394551653696277,3.189042176776816,3.746770092265817,7.404587841284993,2.977796003985082,2.797159414573481,7.113668219900345,2.292800835369343,3.144008258900385,0.844227798253321,2.509330542173998,4.383273837777035,3.805381989420999,
0.176107079750947,-0.061510375963580,-0.010870045385543,-0.649615543888385,4.572461145277085,3.890661581547325,4.865915748988841,2.004956082372576,0.899575346349361,3.370349735143057,4.744065514970282,3.760501374413547,4.968349881879764,4.757103425526343,5.353881977207030,1.530013310372224,3.169342142443285,5.902486987188587,4.529492632032933,3.442889685730291,5.225030202598267,5.070795724904214,-0.060145214702264,3.057292290452600,4.293910645956942,1.223381185629036,4.991210368857662,5.732776018019679,2.517716869748631,2.396417952008755,3.191597171453780,3.748685613280134,7.400757554445480,2.976596347089934,2.801170250245478,7.117139191823155,2.290901397896262,3.142285223353558,0.844934228016925,2.510206427430106,4.380051080477664,3.805381989421233,
0.170102291166770,-0.056210941182024,-0.005209294769053,-0.654888105458187,4.574026878989771,3.890522828484641,4.867167558279437,2.004469303165925,0.899663469483681,3.370461701534068,4.743935509585913,3.760488557849683,4.967466142371343,4.756625676887268,5.354954864703894,1.530282422655579,3.169895942022278,5.904090282979815,4.527210302495575,3.438837898935617,5.222497645283615,5.067816206905870,-0.060583236376924,3.056547825669782,4.295245569332803,1.225354232222398,4.989363817132288,5.727555548676105,2.519476207273208,2.398006638927275,3.193526541795593,3.750270884168697,7.398339417094866,2.975297497631800,2.805234981155234,7.120265031015441,2.289250952970828,3.139938910047434,0.846213834863760,2.511566847984381,4.377215821140182,3.805381989421512,
0.165145517518044,-0.051486305357187,0.000409283612554,-0.659432969412477,4.575416084554480,3.890351684379137,4.868309033496440,2.004022083056273,0.899623758989776,3.370825278198496,4.743728555473905,3.760483782038647,4.966933683795010,4.756227723928898,5.355916493455638,1.530656903381206,3.170368648286356,5.905511718322368,4.524964170198202,3.436093785174129,5.219597867700291,5.066464548651417,-0.060786534445086,3.055148102896725,4.295988087728531,1.227305415784921,4.988026816017769,5.722311256821786,2.521284199486054,2.398758632087933,3.194800613080505,3.751334736077609,7.397490344107646,2.974582926773592,2.809497148515554,7.123523107929818,2.288387363066705,3.136692539639727,0.846515850312662,2.511994039173497,4.374278637361440,3.805381989421693,
0.160943953951751,-0.047030767392273,0.005654763776297,-0.663086779042564,4.576558068378728,3.890421939191910,4.869164947868274,2.003642852702309,0.899064468911434,3.371168981632004,4.743452281185545,3.760486314279824,4.966150819013548,4.756016516588438,5.357278668113207,1.531122716299444,3.170642311676449,5.907238625081255,4.522781808693005,3.434776597921083,5.217372587349312,5.064418336392437,-0.061638737255967,3.053066175142017,4.296981975386987,1.228433439336057,4.985647281959785,5.718041291957276,2.522723241721962,2.399513154509339,3.195618090119401,3.751428958950505,7.396107317147199,2.973742723365120,2.813561177710723,7.126314131934841,2.287454587557857,3.134161598105872,0.847177324605619,2.512728348780689,4.371797924811434,3.805381989421871,
0.158262083759948,-0.042547307413350,0.010767765798745,-0.665508862366879,4.577371236371611,3.890682587528543,4.869910376287554,2.003314539716450,0.898124797750750,3.371865803077006,4.743133403130482,3.760494820044055,4.965224465140852,4.755843423530516,5.359081598216561,1.531619138815296,3.170884279315636,5.909377916643615,4.520416190603137,3.434418109281622,5.215892352199416,5.062909577116427,-0.062517148127502,3.051008028385382,4.298130716247132,1.228899624208850,4.983630856817236,5.715470076455192,2.523642305565257,2.400930915276633,3.197004070985670,3.750704620928685,7.395252723775114,2.972780375817028,2.816554754965117,7.128155949842034,2.285882580309269,3.131054313881934,0.848038513010251,2.513614599518413,4.370263467742542,3.805381989421808,
0.156255958143816,-0.038197687889365,0.015633768264053,-0.667107562077912,4.578006398044997,3.890975922169789,4.870475554057507,2.003033752750398,0.896756160404667,3.372726069490543,4.742651020831637,3.760528796332756,4.964364349558950,4.755750835309553,5.360629614065999,1.532259856858133,3.171023367652176,5.911374506119143,4.518559798211640,3.435057167175912,5.216441295764260,5.061240459491361,-0.063392390498063,3.051041500884791,4.299113381730149,1.230657222429267,4.982813084428788,5.714239341512221,2.524186435455932,2.402372157454413,3.198465671419847,3.747326230343627,7.394185913128867,2.972719831752417,2.820376654141909,7.129180560630811,2.284278363578575,3.127596705753143,0.847343380899596,2.513009394738041,4.369549678066663,3.805381989421719,
0.154506781532948,-0.034067376083728,0.019962794935420,-0.668422839758229,4.578687924255517,3.891155069112844,4.871054136157812,2.002780007600687,0.895680007333461,3.372566332160517,4.742299790618707,3.760550907860569,4.963386243447870,4.755652022970468,5.362509795177876,1.532748331633504,3.171167917545705,5.913733116436515,4.516429694604530,3.435325089838889,5.217091120587335,5.060891773324830,-0.064261005718434,3.051122056331745,4.299230977198318,1.232441843654066,4.983952635782425,5.713901517815486,2.524319457698731,2.403921894272794,3.199955711617318,3.743410883047666,7.394541722051001,2.972984110015910,2.821363634646417,7.129857836928094,2.282552511266544,3.123749511629701,0.847080466507383,2.512793204317058,4.369216375806331,3.805381989421590,
0.154070672694891,-0.031107582498462,0.022582577688577,-0.668026351338187,4.581278936443129,3.889360272397148,4.871336417743153,2.002595287210926,0.897905868017064,3.368318492062381,4.742377746449701,3.760552693705178,4.963697459079186,4.755501250817154,5.362691280011783,1.532738096318748,3.171326281784429,5.914540955039929,4.515298886479138,3.433489773014410,5.220205337112926,5.062153873098346,-0.066541921123087,3.051570683004408,4.298386345917081,1.233951370641888,4.984578844158195,5.719733192032837,2.522308594326870,2.406236743285617,3.202026641147249,3.737514250851393,7.394934683385219,2.973335577126415,2.819236807062857,7.126944108361634,2.280048403241217,3.122735369066024,0.845243745386114,2.510557336835804,4.372736404664981,3.805381989421512,
0.154505579115477,-0.027972354031378,0.026008422532399,-0.666120032273775,4.584068148959146,3.887404512326816,4.871482347976338,2.002447017092912,0.900334106468141,3.364057201449142,4.742385235017226,3.760557737182497,4.963952555973888,4.755446763227398,5.362368002906535,1.532809178265214,3.171379803481338,5.914901771131385,4.514999698830361,3.432525100982956,5.224247080112832,5.062268401859437,-0.069267536001443,3.051876131306098,4.297897085853640,1.234935698510618,4.985259026464353,5.726983121015071,2.519841436363381,2.409041265996660,3.204691847357433,3.731135692577225,7.394420674304342,2.973520905525691,2.816580143476028,7.123090553378439,2.277083372207352,3.122333614666278,0.843934907216935,2.508688660556362,4.377227365460432,3.805381989421230,
0.155095014520291,-0.025387545987409,0.028697038505467,-0.664187870084281,4.586346867783280,3.885806152145650,4.871455944060781,2.002359267806173,0.901941913707177,3.360491457749940,4.742286077358373,3.760571876186314,4.964114616225954,4.755438855382721,5.362197217991810,1.532988672300444,3.171390411767770,5.915418849647176,4.514790353927959,3.432257560549623,5.228435378039621,5.063531317427252,-0.071803568946709,3.051813326548861,4.297676100420468,1.235777747734932,4.985741343762836,5.733876630417274,2.517569328984428,2.411120916901276,3.206982310425827,3.725224299312113,7.395219821967060,2.973365843727471,2.813551417877887,7.119491961870187,2.274840226133643,3.121032379673926,0.843509953611339,2.507651775146379,4.381461131155210,3.805381989420979,
0.156098745323000,-0.023431381285219,0.031609887899988,-0.662334248125191,4.588522692318088,3.884591007127810,4.871256353622466,2.002300251305243,0.903036420436446,3.358087813295160,4.742276275459811,3.760572723524812,4.964013635522387,4.755564698656725,5.362133534738772,1.533074211293142,3.171261719853320,5.916040724061007,4.514733047642711,3.432792582899391,5.232139651351848,5.064510202502105,-0.074281046777385,3.051626704561942,4.297771420750279,1.237102793504743,4.986045690583151,5.739335847841131,2.515953522723168,2.412307841140024,3.208503199799031,3.719931046233091,7.395838851383984,2.973507922310912,2.811563987287919,7.116695870707720,2.273480005766112,3.120150984414792,0.842676552578319,2.506279351072449,4.384878993241913,3.805381989420706,
0.156845645056025,-0.019428790395528,0.033981229587228,-0.661037145258399,4.591231527464473,3.882796079177606,4.870916503315421,2.002259826132088,0.904508138715059,3.354307432361459,4.741882461906938,3.760635506290492,4.963736601232854,4.755775059122694,5.363106606346546,1.533455898849028,3.171021506077199,5.917240672454602,4.513367332375656,3.433332818740343,5.235190222799156,5.064323611335227,-0.077083117906865,3.050879780082695,4.297408668588366,1.238359996844580,4.985127405227792,5.743622526279301,2.514762957824735,2.414702427805287,3.210376259667084,3.714919022675589,7.396294689589880,2.975242456464003,2.810720290686552,7.114447883445812,2.270864027448669,3.119519357678103,0.840563717726543,2.503786554554554,4.387774399856371,3.805381989420329,
0.157711780295276,-0.015554849530688,0.035394491576327,-0.659460072676088,4.593512357342973,3.881580615460352,4.870517570961473,2.002238943268825,0.905167342063607,3.351996054085057,4.741399275342682,3.760704334026424,4.963194476294923,4.755972053085400,5.364259212811303,1.533940114441963,3.170802940237215,5.918694736273917,4.512094375708173,3.434485020607283,5.238002533331284,5.064020581548266,-0.078706982988532,3.050579818148833,4.297624529291330,1.239665593611619,4.984696718779628,5.747781658786758,2.513623124913771,2.417251484920965,3.211453664955770,3.711491465844889,7.396954887593582,2.976009597817344,2.809529620275641,7.112172145301190,2.268135040863510,3.118627802669305,0.840041090056812,2.502810425362948,4.390618903603325,3.805381989420088,
0.160108798946099,-0.002171261568923,0.039091270496659,-0.654176354861372,4.595750758368631,3.880446770087768,4.869593957735257,2.002435565740857,0.909597793126196,3.350030627761867,4.736468044609217,3.761373104465410,4.964141893842461,4.756515207306250,5.360965147458440,1.538734789903074,3.170335161315644,5.919123021324774,4.513301839208433,3.437201530832186,5.241041653521951,5.065446956389533,-0.077385012919935,3.050806844418098,4.294721257419364,1.239106506776289,4.985980467115597,5.752241957518693,2.512167472125610,2.420232380497170,3.212269271941381,3.708562899676914,7.398377353976950,2.978855104206181,2.802605126143618,7.110034807158203,2.264929736128555,3.117931753325422,0.836420684228125,2.498921098777935,4.393434349455264,3.805381989419892,
0.162736612001159,0.009759932104103,0.041979804930646,-0.648993127729977,4.597644929465561,3.879852024688456,4.868599939532764,2.002658125302286,0.913296019223891,3.348852472873822,4.731996714374135,3.761983367446683,4.964595398963124,4.756992453371552,5.358699177055805,1.543071848975943,3.169931300673448,5.920163891389298,4.513868610951723,3.440033200650602,5.243486872883706,5.066684478805470,-0.075811169100434,3.050433148809947,4.292648652976880,1.239143235511940,4.987062679148496,5.756797045360067,2.510550148851971,2.422851863155361,3.213357010840207,3.706343120321686,7.399873591644909,2.981110738119275,2.797025503002499,7.107888888283540,2.262087812839755,3.116991627907754,0.834052305380368,2.496345651140746,4.396175775653099,3.805381989419764,
0.165324619029141,0.020442762065953,0.044686543558638,-0.644288121349193,4.599580835315880,3.878987846235524,4.867695060707622,2.002859756410660,0.916877114263410,3.347012178100195,4.727925360205800,3.762539118040239,4.965365405837471,4.757410229036033,5.356486472169582,1.547000871485004,3.169561981922236,5.920971492860475,4.514467394206353,3.442650479982126,5.246163240258894,5.070054394494004,-0.073629017384785,3.050304047540248,4.290460143982649,1.238867607333454,4.987184733889226,5.761441363257902,2.508996649768511,2.424891630851773,3.213605485121544,3.704044990246965,7.403505150195956,2.984169961100672,2.791761725325407,7.105725716072542,2.259764109343721,3.118836864558553,0.830866961005709,2.492958657907109,4.399014850747478,3.805381989419534,
0.168524307292649,0.030142826800217,0.046692282439614,-0.639568129839313,4.600670257357256,3.878938776118412,4.866747296398803,2.003068719905351,0.918989837992341,3.346623050983257,4.724204091661645,3.763040956959062,4.965685631942003,4.757793172046284,5.355081746905431,1.550603125978368,3.169227601915740,5.922307098956118,4.514723847270198,3.446319988840207,5.248286164935535,5.072118633350617,-0.070804991370030,3.050723500381359,4.289241865760827,1.239014655532511,4.986561895746975,5.766077816210542,2.507404486572151,2.426702713354199,3.213978162935299,3.703003720439349,7.406062175206520,2.986513790905120,2.788119156367855,7.103753986637170,2.257677993279783,3.120798272388202,0.828956165279464,2.490883383842400,4.401601109184539,3.805381989419331,
0.171638669231159,0.038630913484258,0.047548659154095,-0.635183026180235,4.601349069072082,3.879463328917218,4.865737605658313,2.003292267064741,0.920185464836545,3.347271155838483,4.720940948947941,3.763485753165130,4.965504160248053,4.758158012160120,5.354122493847571,1.553761447199112,3.168904531572760,5.923828402947623,4.514907099815270,3.450880322554916,5.249567610132927,5.073921654039132,-0.068097559244045,3.051099538825083,4.288116327272602,1.239175000725187,4.985834406817871,5.769971192273132,2.506099783319951,2.427997095412409,3.214466533317493,3.702401842324043,7.408509505413988,2.988533665738955,2.784812970386763,7.102264829144379,2.256100944750682,3.122918136458507,0.827476868217004,2.489307219301558,4.403667705675951,3.805381989419292,
0.174163686467867,0.045856883325281,0.048697352397763,-0.631427862179493,4.601542964576878,3.880430222659634,4.864711565802013,2.003523123271186,0.920380627951860,3.349009809328503,4.717785665668615,3.763897933176216,4.964882928297402,4.758486114850884,5.353981188515647,1.556822324234700,3.168615945033329,5.925955000734923,4.514651068883762,3.455518919556767,5.250302128819555,5.076778735147140,-0.065775938596607,3.050804371903138,4.287035634239950,1.239846904986284,4.985534452724315,5.772156078290630,2.505477393964326,2.427972902062540,3.214866789182530,3.702923025172437,7.411866126985250,2.989651786977718,2.782017418255347,7.101731373341976,2.255846719765470,3.124444427683810,0.827432774739478,2.489185275820372,4.404741645921504,3.805381989419270,
0.176685162320466,0.052080188499129,0.049892187431219,-0.628105026301885,4.601654873759219,3.881639308027272,4.863847942245131,2.003708310105317,0.920353625950671,3.350545768174279,4.714900779835486,3.764271033850634,4.963929782921419,4.758725166277121,5.354454674024669,1.559621266816569,3.168418575208556,5.928396321519751,4.513901404710655,3.459571274099131,5.250477649394220,5.079954821916841,-0.063455110158037,3.050397511527059,4.285952755294884,1.241068098920353,4.985329530839993,5.774043145231049,2.504808093007778,2.427361751798882,3.215389199415246,3.704333046761159,7.415675262925415,2.990345767953249,2.779990138318817,7.101573315413368,2.256180773351659,3.124789205576063,0.828169965806366,2.489863547112582,4.405449100457756,3.805381989419360,
0.179624309327649,0.059236831005956,0.050893686838306,-0.625562704574034,4.601169248632986,3.882867441145811,4.862963130079539,2.003928729498500,0.919401497946163,3.352001322421619,4.712282945510037,3.764609616345701,4.963132686336574,4.758934191169221,5.355029941194767,1.562144850186771,3.168257925370085,5.930689143820434,4.513190598616243,3.464440204584123,5.248653273024393,5.081497345038687,-0.061150053586418,3.050075191021608,4.284854685401230,1.243119346923161,4.986358657461719,5.776056154608822,2.504178787593003,2.427802771388263,3.215895413719908,3.706185145597447,7.417685437454004,2.991007105153495,2.775038889713163,7.101513306871925,2.255492968040658,3.125981021656364,0.827791071442844,2.489346188867361,4.406147628985875,3.805381989419464,
0.181833517092278,0.065072587602845,0.051489632849414,-0.623360096002924,4.600803283266607,3.884557488737921,4.861999724135603,2.004184763384818,0.918189482605640,3.353927133737800,4.709777852655602,3.764917824019567,4.961545941644165,4.759117214170492,5.356477113580764,1.564572640675167,3.168124257986294,5.933622006316893,4.511887979198963,3.468401160579133,5.246158824772058,5.083642038207875,-0.059205694400445,3.049702639583606,4.283770750099983,1.245516505520109,4.987701641291417,5.777588385061561,2.503704435849559,2.427638598376245,3.216089454048802,3.709310960662752,7.420263247785462,2.990681562708970,2.770359066484012,7.101480690458506,2.255451101809928,3.126258743755839,0.828826841076648,2.490168604367624,4.406750233572907,3.805381989419508,
0.183730476625665,0.069904734622764,0.052127589378744,-0.621361757944160,4.600273843963785,3.886773288163563,4.860968097368932,2.004457294541362,0.916256661459391,3.356658422924308,4.707682816261913,3.765192772099515,4.959447075211383,4.759277907871254,5.358469273382594,1.566593002557023,3.168003807957704,5.936959781547356,4.510418022772096,3.472730358078550,5.244109143415983,5.085446087830683,-0.056892482759695,3.049194298723448,4.283182234247532,1.248238223157376,4.989171731087521,5.779103721309637,2.503224117085000,2.427197758187536,3.216607947720081,3.712854059971258,7.422697512125897,2.989513124761935,2.766328108947254,7.101522712990697,2.255683134437105,3.126546760853106,0.831215452932515,2.492291550328743,4.407282114904402,3.805381989419532,
0.180748316500529,0.072869536230198,0.049231892017730,-0.622763266626019,4.598535733294708,3.890397069211528,4.859730086020678,2.004768656335152,0.912888329453604,3.361526509023888,4.706218588121657,3.765432564920407,4.956532177987941,4.759621371688008,5.362249764552503,1.568060828889339,3.167672492221182,5.941890971090526,4.506973211095338,3.476967209661026,5.242123016740815,5.089963037189345,-0.052099902578239,3.048059335294646,4.282579369198404,1.252203988409813,4.990715232246703,5.776192373765241,2.504544056564166,2.425863011163902,3.215682304666298,3.716208670583797,7.426903894532056,2.989558533083429,2.764401674365311,7.103346146042521,2.256799052075770,3.127056924945573,0.832316118461368,2.493639682088272,4.405916702412195,3.805381989419623,
0.177646234323166,0.075113898416166,0.047151132655758,-0.624471115017653,4.597192707275597,3.893571064487890,4.858668737094760,2.005018782919961,0.909481059632481,3.365830183476227,4.705022851766556,3.765647407925392,4.953640698792585,4.759931073834094,5.366265276969906,1.569257665733260,3.167367896892850,5.946907417999638,4.503215118110056,3.480913577474001,5.240119107043077,5.095090062354476,-0.048095627176194,3.045684237814612,4.282529900099049,1.256687156413503,4.992143773601160,5.773100447248734,2.505893434972317,2.424323047558787,3.215041825149186,3.719056547814945,7.431941852657889,2.989635294656186,2.764890013061807,7.105213363699026,2.258115427017368,3.126999923790832,0.833454153287219,2.495010697398421,4.404448231657489,3.805381989419471,
0.174348513570899,0.076856582778468,0.044611252170278,-0.626329549834508,4.595795377935088,3.896566922732541,4.857530519389794,2.005293918379566,0.905744361938781,3.369689811358374,4.704003724608047,3.765840373917055,4.950916718076075,4.760352562325625,5.370049035107529,1.570309140269884,3.166951242453817,5.951632291362321,4.499923327928198,3.484852091758689,5.238796102718101,5.099112028723826,-0.044984684246241,3.043325013666287,4.282985989988684,1.260546197361418,4.992658469827694,5.770391711451373,2.507053398907559,2.422756759183200,3.214009989452318,3.720811578277619,7.436059705952132,2.989394955334873,2.766089909654386,7.107095706930128,2.259451400148739,3.127391425544425,0.834968635923628,2.496684493148587,4.403009271512030,3.805381989419440,
0.172034654587184,0.079069347391321,0.041714615861151,-0.627929576522965,4.594879781770849,3.899236272425503,4.857062418234790,2.005362478849084,0.903810158614866,3.372095337319378,4.701545619150709,3.766016259543292,4.948794454972774,4.760667055653789,5.371862754861601,1.572875899745980,3.166676580901538,5.955121744548032,4.497455314252933,3.488038269903294,5.237502964611518,5.105907632600371,-0.046113415001734,3.041551389487858,4.284393433077585,1.264865757508251,4.992798336516664,5.767589164790439,2.508095399437688,2.419773887995325,3.212967896396840,3.723159819720212,7.441017575406584,2.988307503009525,2.767846079630405,7.109312188057581,2.262210899549109,3.127874706862324,0.834762964832325,2.496645812340059,4.401529408691958,3.805381989419719,
0.170450607239095,0.080975335085663,0.038831255338780,-0.629211557951069,4.593763640373601,3.902134809240730,4.856555390372592,2.005450783151475,0.901607123920784,3.374841322428160,4.699341404881616,3.766174893770563,4.946710945037719,4.760965219705972,5.373590868362424,1.575181964373705,3.166412878074498,5.958397828991395,4.495309498246646,3.491520232754371,5.236210655770585,5.111150419723399,-0.046508461145290,3.040614353770417,4.285333649271062,1.269023430472048,4.993216817878405,5.765264287601122,2.508899757722917,2.416873865334083,3.212012427442113,3.725462729262564,7.444825673476450,2.987280371525523,2.769432001833037,7.111491273110560,2.264906211684028,3.128145910818974,0.834700610823140,2.496721065409256,4.400049320803572,3.805381989419832,
0.169101629820401,0.081731403540991,0.036498343061030,-0.630658783622429,4.592873416655934,3.904392266559272,4.856097548095554,2.005548887684047,0.899866323385816,3.376281623463063,4.697321079997620,3.766317167888563,4.945190906720709,4.761238286824273,5.374927175561699,1.577299960493947,3.166199681979250,5.961162279587078,4.493482093191919,3.494086135970351,5.234397800763389,5.115091875864956,-0.047200035790477,3.040371165000128,4.286792191422225,1.272804589865374,4.993698788797830,5.763431024633962,2.509474887481951,2.413490489439385,3.210695495683433,3.728340344426563,7.446882699306430,2.985745385254550,2.771296380508542,7.113450798764395,2.268062081373461,3.126803551602916,0.834282738006488,2.496435670548345,4.398895051299990,3.805381989419832,
0.168125799432138,0.081589733523740,0.034155391052214,-0.632183539887029,4.592548008292034,3.905782652745596,4.855586806382759,2.005678989126034,0.898580113988610,3.376467747553360,4.695600352713230,3.766447192058370,4.944164370693954,4.761542336369120,5.375973628544495,1.579088145261899,3.165942691670704,5.963510366504169,4.491890393270550,3.496518465522259,5.233322904104845,5.118308572929400,-0.048170518693771,3.040370823331197,4.288380405264332,1.276221067861328,4.992011980691228,5.761810435184171,2.510072471412275,2.410118617164696,3.209529887436922,3.730333774247332,7.448434924649763,2.985003943956197,2.774999727628691,7.114852535862179,2.271211922601242,3.126344240377318,0.833365435315486,2.495816000400563,4.398310325214437,3.805381989419735,
0.167626516278345,0.081001614922084,0.031561133673780,-0.633057657942155,4.592605877010039,3.907061419276267,4.855136983052299,2.005792076713144,0.897164642683657,3.377262621937289,4.694075655310121,3.766565537571239,4.942989547740880,4.761821137136250,5.376710682186808,1.580675060723009,3.165706184654981,5.965477824067696,4.490862387950108,3.499426529970436,5.232927177756911,5.121711630459917,-0.048705869039604,3.040074105747292,4.290185578723109,1.279904947225377,4.991182083701715,5.761012191208413,2.510369923369689,2.406672067171940,3.208660347222352,3.731513587705555,7.450766197739163,2.984173337383187,2.778731706659781,7.115707861603067,2.274428030031443,3.125710693241349,0.832819794443649,2.495452553536378,4.398274731068303,3.805381989419517,
0.167025273669961,0.080553986981488,0.028987013153951,-0.633810607607646,4.592720167012666,3.908243928581245,4.854659186286422,2.005934346070373,0.895439835479918,3.378148871005997,4.692713990186080,3.766672791131317,4.941684370056334,4.762106842290057,5.377481984548512,1.582097867479057,3.165468184548582,5.967386753174824,4.490153350215563,3.502339712948438,5.233104669761009,5.124468977650108,-0.049368393727996,3.039459248120176,4.291907205549522,1.282837838349146,4.990263885317135,5.760414287160170,2.510612548593032,2.403550373441804,3.207490440548424,3.732319823241042,7.452587811522443,2.982755245067662,2.781810829053572,7.116506632420056,2.277294105671162,3.125101660045486,0.833242584486199,2.495929678900448,4.398243572080319,3.805381989419407,
0.168322295538504,0.079212315047106,0.028296873323128,-0.634350527175171,4.593692337665584,3.907953360407059,4.853729724230517,2.006196125007525,0.895495167783658,3.375563137279465,4.691941133311640,3.766793445548606,4.941975138617044,4.762752155441798,5.376840069503879,1.583028406180697,3.164789475775837,5.968059289403652,4.490228976768441,3.504876602720981,5.231200119074066,5.127598815758593,-0.048792983451409,3.039418855111975,4.292887498980890,1.283792158153549,4.987942404880117,5.760508283244062,2.510604391675510,2.401027103232958,3.205731883431353,3.732950009557347,7.454119650397069,2.982098120430157,2.783542165197318,7.117225916134257,2.279518204854813,3.125762333877049,0.831614604879034,2.494356751810851,4.398355979321559,3.805381989419489,
0.169427854576133,0.077697436963310,0.027538797374571,-0.635228875266278,4.594398124636437,3.907807087144253,4.852870996657131,2.006438234620763,0.895010100059863,3.373637975198723,4.691227923962850,3.766902379410954,4.942236827299938,4.763396332742043,5.376125800411073,1.583885944848346,3.164114786853930,5.968607435996060,4.490618739321751,3.507539998047662,5.229891854494400,5.129423994258381,-0.047534657759996,3.039470641675178,4.293534517731966,1.284581496180797,4.986258532362746,5.759747706536206,2.510987175959631,2.398100392532671,3.204174825270802,3.733474606710526,7.454765240924068,2.981464481686936,2.784396513928740,7.118442158750769,2.282148005787178,3.126489936034286,0.830543379845778,2.493282889408111,4.397973790186871,3.805381989419597,
0.170459097172739,0.076110661014409,0.026730637601324,-0.636093322394183,4.595045699291116,3.908008960271305,4.851988358084648,2.006694023529551,0.894268162000747,3.372129308839765,4.690689585548443,3.767006760092048,4.942119879600464,4.764054270772275,5.375369214983706,1.584579703776146,3.163424252062124,5.969090098917424,4.491259952440010,3.510152202891363,5.228789887847939,5.130814804005089,-0.046595028851754,3.039244773158705,4.294417816281972,1.284644774912138,4.984329748929791,5.758885027984467,2.511407691248332,2.395258238490431,3.202226371743193,3.734094593929513,7.455136828895475,2.980624067927883,2.784629275291327,7.119790922376389,2.284678536797363,3.127434635286145,0.830022606247570,2.492765798080141,4.397465268011297,3.805381989419693,
0.171303819965821,0.073509190242430,0.025656861037958,-0.637461520291894,4.595532642627774,3.908320614509629,4.851205225849387,2.006948306593163,0.893335306924897,3.370120214464417,4.690157142056341,3.767095285185518,4.942033893106222,4.764590376136895,5.374660572943617,1.585203368289688,3.162866382905681,5.969571312974268,4.491786615871807,3.512411408263082,5.227782295412038,5.132053206138059,-0.046015573597883,3.038594519892246,4.294931019353892,1.284263793891816,4.982348755438132,5.757607488419682,2.511915977212436,2.391903944793024,3.199005680852739,3.734687522364448,7.455570268018254,2.979740157226179,2.784017518423554,7.121601911951091,2.287661513278371,3.127418580718098,0.829839259545717,2.492506794286222,4.396609721282951,3.805381989419810,
0.172174370770226,0.071314014853543,0.024691248858629,-0.638811924701078,4.596105643595980,3.908529433433833,4.850612021998430,2.007123928299038,0.892533979853268,3.367824990029125,4.689483778493178,3.767169531866994,4.942019943674969,4.765089884082423,5.373939801699729,1.585978492424375,3.162352113631316,5.970011889983986,4.492313144778009,3.514110347087181,5.226561627274355,5.132990090646198,-0.045008777356279,3.038365535136323,4.294950620919384,1.284578979013536,4.981235306143532,5.756618394823873,2.512231448922785,2.388649837551640,3.196473985756837,3.734772808184607,7.456059416555007,2.979166846478647,2.782998096129341,7.123389155098381,2.290564815919982,3.126915677590979,0.829717167516963,2.492309451064481,4.395794041221274,3.805381989419871,
0.172940701009592,0.069735721294385,0.024087691157374,-0.640117079698663,4.597247231444915,3.908042012975176,4.850001987480508,2.007302390893626,0.892496422394197,3.364274000635480,4.689006172951129,3.767244619722637,4.942335000909769,4.765559462368428,5.373167929541991,1.586557238499211,3.161839195688681,5.970320892596972,4.492566120389343,3.514513526441564,5.225743871307614,5.133114568607578,-0.043674274890537,3.037482999519401,4.295677055323708,1.284490080410778,4.978677351435450,5.756287690367162,2.512323386909155,2.385548521851418,3.194388896119398,3.734578870616765,7.455916904466394,2.978916744301623,2.782109457936149,7.124610473801688,2.293332111763430,3.127383553359314,0.829407240591757,2.491938240899326,4.395424666521827,3.805381989420010,
0.173542974303579,0.068114447335902,0.023609687108184,-0.641493450986044,4.598888393557049,3.907050773485778,4.849301823263589,2.007515644572980,0.893275148516411,3.359394905128361,4.688641070856424,3.767316580839456,4.943064244527257,4.766106447274483,5.372131098226819,1.587028395552966,3.161230863824421,5.970295968138367,4.492892171504376,3.514018189308800,5.225662637935904,5.131543430378090,-0.043041621270027,3.037147360272662,4.296150829314182,1.283393435658811,4.975543506245767,5.756446528028862,2.512338191896875,2.382807311169589,3.192168955515673,3.733782364021791,7.454334596578024,2.979279293946161,2.779984378748406,7.125468815551507,2.295717600199239,3.128966761364703,0.828490069502520,2.490896206038781,4.395427875995874,3.805381989420065,
0.174169359260544,0.067043514388933,0.023227852561584,-0.642876985612920,4.600389043616780,3.906298624558060,4.848916251851014,2.007555913702378,0.893825491059997,3.355352368850013,4.688131465601201,3.767379865270586,4.943593128770015,4.766668134468806,5.371046441921873,1.587660475148824,3.160611827252521,5.970137454738362,4.493294233272558,3.513447398293433,5.225593020704109,5.129782765862162,-0.042058260711536,3.036747137381099,4.296308038739867,1.282634226572821,4.973563940580068,5.756381933567257,2.512503264192905,2.380621369862402,3.190402510710358,3.733107049945464,7.452828752165245,2.979640202745442,2.777648936883439,7.126445734367852,2.297574421840243,3.130320612340434,0.827929277075447,2.490219330585697,4.395283582207377,3.805381989420099,
0.175697570513407,0.066911325290793,0.023244626438154,-0.643933090502227,4.601414300909719,3.905672569161134,4.848948010094060,2.007362812797535,0.893782563064737,3.352104423705096,4.687732109923055,3.767435541891424,4.944385649612846,4.766936496045775,5.369954492499192,1.588117467547172,3.160271664554064,5.969666312874015,4.493482414207084,3.514844722651633,5.223143541647576,5.123250068069698,-0.042248873667923,3.036462986801095,4.294559975327998,1.282054302039966,4.971811838478232,5.755290563150758,2.512984408683580,2.377344663832961,3.187696040124590,3.733246034238314,7.446550768531272,2.979482239962588,2.775698802836525,7.128040768528530,2.300515561193825,3.129784936448343,0.826038026384510,2.488293646422867,4.394666710591208,3.805381989419617,
0.176985321822562,0.067509714920344,0.023390790236618,-0.645258267457082,4.602542746304931,3.905032126193265,4.848545432389868,2.007379059402179,0.894065819062789,3.348616971814548,4.687704213655146,3.767512786456649,4.945217035357737,4.767526150791431,5.368550819216590,1.588276827876993,3.159589468435644,5.968953504824465,4.493837818314262,3.515630746170218,5.219893729764340,5.116011798855824,-0.042290077305146,3.037159934415001,4.292197391842828,1.280233182787081,4.969279842373292,5.754045690729161,2.513517554709312,2.375328840068275,3.185532154671721,3.733185357497164,7.439213034087257,2.980177431193103,2.772624838592253,7.129888833124236,2.302245826936513,3.130882058567098,0.823450853639216,2.485752946903380,4.393798471684899,3.805381989419061,
0.178747552744557,0.068289801540095,0.024538183489483,-0.645738707317836,4.603794912851018,3.904533433468512,4.848109995087168,2.007438954624711,0.894003621857655,3.346413406211433,4.687614331952300,3.767576701672867,4.945676941118563,4.768108373947567,5.367289102112064,1.588466627601659,3.158923188207029,5.968246525274703,4.494398331610876,3.517116004280705,5.217280491191326,5.109249905105506,-0.042680187947879,3.037498944065494,4.290923872157858,1.279385851383052,4.966454009202047,5.753888828444151,2.513663445804619,2.373836375114175,3.184587195129843,3.732900124067944,7.432472680576427,2.980587078966174,2.771968077881658,7.130928783404236,2.303532888514594,3.131841841415545,0.821386239795865,2.483736070287147,4.393567037165162,3.805381989418667,
0.181323732176387,0.068144679217025,0.024273951005598,-0.646216838547969,4.604912201660738,3.904168456016415,4.847446238012423,2.007691769316424,0.893564760228462,3.344238209926611,4.687706000620474,3.767643738572556,4.946363248412553,4.768629529290571,5.365630907659076,1.588468444303256,3.158325737468174,5.967153846429023,4.495580065229638,3.519150606281607,5.213413562464723,5.102953030807508,-0.042432796357282,3.038619848811509,4.288813931543536,1.278416469645863,4.964131641396926,5.754313606078000,2.513534865840675,2.371769123611187,3.184114721957564,3.733917073657914,7.427198981499518,2.981264276981162,2.770765576344055,7.131915032380563,2.305330996171562,3.132039857554705,0.819156290217532,2.481514656216900,4.393530866342131,3.805381989418414,
0.183653225158698,0.067527245604046,0.024009562191259,-0.646508110854497,4.605886611226794,3.903991537959108,4.846808421442062,2.007947712683792,0.892652451270981,3.342735119566331,4.687539935302924,3.767690876413845,4.946680806487218,4.769097543117191,5.364489934347460,1.588725366923908,3.157786708977651,5.966365139671360,4.496628449862966,3.521206202160564,5.209844291093733,5.097816625715438,-0.041651625751062,3.039755513783432,4.287274871980678,1.278150044598288,4.962454741222315,5.755081920824775,2.513137719777724,2.368780588699325,3.184355237346105,3.735540441322051,7.423286376382181,2.981260540369650,2.769846577856778,7.132650922163879,2.308015915014177,3.131343801911596,0.818404316938272,2.480707023089605,4.393571432423450,3.805381989418215,
0.186587442823199,0.066983186333728,0.023334771176557,-0.646282455269187,4.607099970079441,3.903762440888011,4.846054461616811,2.008314746526795,0.891664283727468,3.341952147013793,4.687406145611626,3.767729087892546,4.946909625989746,4.769520045301981,5.363034268430635,1.588919314864577,3.157303204879904,5.965335684860992,4.498193831371388,3.523509392099642,5.207276186481578,5.093801636631823,-0.040832625250513,3.040462598869721,4.286084613376327,1.278172440858458,4.961153098030015,5.756224404884465,2.512663351127856,2.365922938715525,3.184485648755339,3.736447110275610,7.420505839368821,2.981285263987765,2.769132973150750,7.133213246090189,2.310566295862449,3.130097867038187,0.817832576557545,2.479985952756700,4.393754483503456,3.805381989417964,
0.189445669317735,0.066160229829439,0.022619963273875,-0.645941912984266,4.608342072789897,3.903557278271101,4.845381374900597,2.008644900523834,0.890709845213852,3.341488174459779,4.687138993963451,3.767753974956000,4.947036790342682,4.769868271210939,5.361601339519247,1.589237681344362,3.156905399373293,5.964332256574066,4.499818450674942,3.525289187787441,5.204938198440294,5.089797545902011,-0.039812455087910,3.041009235970192,4.285101929854982,1.278320340120270,4.959961979468239,5.757450723314501,2.512176726637080,2.362834245897091,3.184552981369749,3.737644366684865,7.417697345993083,2.981201989166240,2.767874779858938,7.133663286866319,2.313354582537881,3.128783642217079,0.817852347774965,2.479818949797787,4.394025535133009,3.805381989417850,
0.192093865605643,0.065562484317108,0.022114049166705,-0.645455967608114,4.609461674148978,3.903617788148663,4.844682860445410,2.008987241923747,0.889350646852098,3.341581201386077,4.686976574051674,3.767783164927591,4.946667930418954,4.770252728882976,5.360536314344504,1.589468358188636,3.156469973007483,5.963630116011743,4.501365008903177,3.526928593932346,5.203007105930754,5.086283404820003,-0.039249922350050,3.041270654903111,4.284553050036041,1.277762081436339,4.958364179754671,5.758962449680704,2.511583092193754,2.360248098482951,3.184810874752616,3.739313875261769,7.415403118561449,2.980085532453066,2.766699241224542,7.133920988998832,2.315680455102352,3.127933067476240,0.819286441453266,2.480978326072985,4.394372988801088,3.805381989417682,
0.195452972068337,0.064406816655786,0.021874779277255,-0.644702994516664,4.610782306719316,3.903376552129664,4.843876235454007,2.009397677886299,0.888600283007892,3.340703150591665,4.687110992893945,3.767830912482610,4.946566806503261,4.770727886845431,5.359173485105686,1.589429620663185,3.155926299789751,5.962773520230212,4.503022988373135,3.528210415918008,5.200664787128571,5.082583392696182,-0.038991173438959,3.040399226425201,4.284165923522740,1.276129331881685,4.955898752642304,5.761078806388015,2.510821750946738,2.358345216531228,3.184956281463123,3.740998624008901,7.412912816801431,2.979142209446397,2.764744936767960,7.133952653723901,2.317335336225558,3.129611151769729,0.820287004809758,2.481697567122592,4.394983638744705,3.805381989417620,
0.198507933430282,0.062883793621822,0.021845720172419,-0.643935771334300,4.612012856531158,3.903473490500457,4.843081564625667,2.009814497522449,0.887433273341716,3.340510100545323,4.687138118296322,3.767866788365244,4.946014930888450,4.771200865288897,5.358356800248124,1.589483605409124,3.155391281598722,5.962413069154165,4.504282755539811,3.529817995416691,5.198725939696367,5.079441099998994,-0.038947820334070,3.039011340793719,4.284585382921369,1.274633605635066,4.953247091675804,5.762821716179356,2.510192554038529,2.356033489381828,3.185162647461195,3.742515738409616,7.410942892873173,2.977880310778859,2.763668862344517,7.134077699292280,2.319446194913016,3.130680587965092,0.822070592576132,2.483208175461229,4.395434599369456,3.805381989417401,
0.201022796276770,0.061547734667473,0.021628799752692,-0.643302246173268,4.613147985951676,3.903556391023528,4.842288559931691,2.010240837908298,0.886032968568732,3.340898488028370,4.687076402317585,3.767892517489583,4.945482851672148,4.771671552870364,5.357676077409976,1.589614621619408,3.154867190588838,5.962254181496631,4.505599415013716,3.530710820946175,5.196703818274885,5.077001616459683,-0.039030229475709,3.038348424342563,4.285018180011064,1.272556258018853,4.951005491843239,5.764239023558468,2.509730531673164,2.353485645617419,3.185183661199375,3.744778446324303,7.409628851765278,2.976058082952779,2.761979802172109,7.134344268005837,2.321813839100363,3.131147037101373,0.824715186189982,2.485575893672955,4.395728318902866,3.805381989417329,
0.203374723869960,0.061415818175244,0.021640917332319,-0.642591816805064,4.614317343600034,3.903268137731484,4.841247642547338,2.010854561331722,0.885098995336993,3.340586674542219,4.686993112347425,3.767913239241209,4.945454033946985,4.772316881394540,5.356476655441022,1.589753073519586,3.154142132139576,5.961745752011909,4.507432825527539,3.531004059169014,5.195634485898317,5.074313543882741,-0.038970884320047,3.039473626641457,4.284801517590818,1.269175158650071,4.946765354047489,5.765819552217680,2.509252034212722,2.351249775786565,3.184801849547067,3.746914224939430,7.407976268172543,2.975317410252864,2.759860788229036,7.134512198540618,2.323852186630506,3.133538082528960,0.826404692262635,2.487199264823298,4.396156878966589,3.805381989417234,
0.205448235110344,0.060451502541933,0.021646105599479,-0.642029625066622,4.615657184759060,3.902704528165671,4.840312269990084,2.011416501198021,0.884642977936294,3.339605961493508,4.686786615381452,3.767923131691493,4.945560674879041,4.772859344487531,5.355411104127207,1.590008091659605,3.153541158135915,5.961302248798201,4.509077807481443,3.530471969950649,5.195328131954152,5.074817891418957,-0.039133126079748,3.040542653520766,4.284932926669367,1.267138581531827,4.944405663588527,5.767081095321136,2.508966375918876,2.347914077078131,3.184461610392115,3.747987315990414,7.409566066634715,2.974825251872034,2.758312059847748,7.134674215770493,2.326989177862043,3.133462361736652,0.827710062876734,2.488465020449528,4.396583195352768,3.805381989417203,
0.207896214012576,0.059202558537624,0.021129185084805,-0.641663244614519,4.616780480982816,3.902233562075704,4.839524814719018,2.011879993754082,0.884295247670729,3.338634358180823,4.686714580268661,3.767935730232313,4.945844092514822,4.773324576478249,5.354239151122458,1.590109077201343,3.153034051613209,5.960914540745039,4.510610659023990,3.529818847530332,5.195642230297745,5.075872238353813,-0.039714779183762,3.041791543306033,4.284493472513025,1.265298008254119,4.943069723574344,5.767986367066353,2.508914790026544,2.345870069877339,3.184109415305206,3.748157192569586,7.411494085369108,2.974637336057499,2.755746819235418,7.135108785399634,2.328868435322944,3.133526990027569,0.828483319819502,2.489148639164611,4.396794126083664,3.805381989417163,
0.210085488586515,0.057512986081779,0.020536429562868,-0.641288215636595,4.618023282274421,3.902002813109867,4.838849323374104,2.012268747931129,0.883964138919338,3.337859791053069,4.686579435751472,3.767945142214478,4.945833698171796,4.773695442551289,5.353641757812900,1.590276942500633,3.152628560891626,5.961047924302142,4.511600365959190,3.528799080173392,5.196255289995301,5.076561328442809,-0.039752334405043,3.043555980552593,4.284129574483649,1.263925379603517,4.942362445926872,5.769395557654414,2.508708604333401,2.343691943655250,3.183541466655366,3.748703777081419,7.413037628237491,2.973752643523717,2.752385234947145,7.135057494374843,2.330939317274877,3.132995422845576,0.830026830809968,2.490439273339677,4.397381038579031,3.805381989416996,
0.212317601444399,0.055564418879749,0.020146875337203,-0.640964837023302,4.619197681465965,3.901840602406358,4.838251118566298,2.012631939593960,0.883583465147925,3.337249878470015,4.686391143985998,3.767948157786205,4.945751820883864,4.773999084922576,5.353409741439260,1.590485200338305,3.152292251239212,5.961466451794331,4.512240298268053,3.527827663067999,5.196462005542593,5.077138382852522,-0.039877416306275,3.044996493743906,4.283680460388579,1.262769281239330,4.942117813371731,5.770526876492168,2.508555555516574,2.341235875865883,3.182759833313820,3.749287899038074,7.414454517564169,2.972897707724943,2.749300956273198,7.135172437226079,2.333280161072505,3.132194101064912,0.831570277366791,2.491782934644847,4.397749020667590,3.805381989416921,
0.213748145677823,0.053675334392751,0.019310958279027,-0.640752343972093,4.620755221071102,3.901134099306102,4.837605657863465,2.013022235012786,0.883818506939513,3.335400555438764,4.686560582291363,3.767976286041704,4.946052466242755,4.774356049133401,5.352828182403705,1.590357307835698,3.151881682277617,5.961665764777032,4.512957504800259,3.526063496821394,5.197048540558149,5.077283585652264,-0.040068899032883,3.047180398165759,4.283442174411562,1.260947046086337,4.940834456748028,5.772106514497851,2.508352364396256,2.339238746928986,3.182232931494040,3.748612501080824,7.415252585308110,2.972874577791756,2.746020495322055,7.134822089126518,2.335184138155854,3.132589489588470,0.832042778792169,2.492051066537225,4.398664958277400,3.805381989416772,
0.214582271565165,0.052191842133859,0.018187398622222,-0.640904871116395,4.622061213414598,3.900692674768997,4.837038593122711,2.013366297266562,0.883701863535794,3.333954392677657,4.686588748048191,3.767990579894246,4.946109786555945,4.774667623637546,5.352813076896075,1.590338972340942,3.151534245003444,5.962264402737662,4.513121618788536,3.524529097907114,5.197068025586185,5.077203838695975,-0.040415624427717,3.048360908632888,4.283403319906283,1.258888361698826,4.938767313517775,5.772725633844043,2.508503544677541,2.337875695298722,3.181329610066372,3.748448333835526,7.415761339091991,2.972654542321373,2.743388496328626,7.134952060439748,2.336440813853991,3.132863718586443,0.832826643784941,2.492675199424270,4.399059750682220,3.805381989416623,
0.215307075132700,0.051162850905484,0.017100193656487,-0.640875741075272,4.623707601367787,3.899791430141079,4.836613266507248,2.013608170428057,0.884425191117444,3.331610715615232,4.686513578005805,3.767994764901099,4.946520161564641,4.774901200698461,5.352431347897357,1.590407011617065,3.151278499583506,5.962541365901899,4.513460245842552,3.521677703192263,5.198278978439550,5.078336075872357,-0.040562801791259,3.050289010718954,4.283969403375343,1.257012148047869,4.936699374916611,5.774156110115015,2.508419120897249,2.337064855856781,3.180674749812822,3.747228645767918,7.417507189265407,2.972880342581074,2.741590479294536,7.134521545952472,2.337153184355441,3.132724949141473,0.833173055579912,2.492910678286377,4.399994927485752,3.805381989416113,
0.215962688981148,0.050139107907139,0.016048840409775,-0.640556627263981,4.625712189384190,3.898676875503965,4.836269075766783,2.013812290127877,0.885724636387327,3.328791919019659,4.686317566121554,3.767986610663399,4.946865531956408,4.775079566245016,5.352029967975662,1.590562975888928,3.151076433906705,5.962802626693188,4.513802143948022,3.517859460841640,5.200337306571855,5.079172800905146,-0.041039365650807,3.051310231446701,4.284576824488527,1.254818144588610,4.934714539616972,5.776530626328950,2.508017336377832,2.336112968217000,3.180268041018006,3.745370632199160,7.418968753833721,2.972922578320362,2.739437130904756,7.133393142892958,2.338015719420544,3.132551835963778,0.833826786138756,2.493381984902848,4.401629624309060,3.805381989415753,
0.216100903413036,0.049131358813250,0.014658653336640,-0.640374893449280,4.627665505281692,3.897679697469139,4.836119454962521,2.013877641713443,0.887124832416031,3.326048437843779,4.686067785813912,3.767973035276420,4.947083896524207,4.775118798743001,5.351614339228303,1.590768871729253,3.151016199627791,5.963081202854919,4.514061014488719,3.513547924112769,5.202375934975699,5.080877133099019,-0.041498953989671,3.052289299066778,4.285537076079263,1.253270783793943,4.933197539464365,5.778671126505891,2.507587587850189,2.334852832341873,3.179874014797254,3.744286648879704,7.421283410905049,2.972608606790709,2.738480790640340,7.132353918098485,2.339175099932163,3.131849376226383,0.835069110363829,2.494458574022263,4.403189463457821,3.805381989415288,
0.215922324607945,0.048217959589338,0.013039859236304,-0.640297263345546,4.629580521876055,3.896515558623016,4.835886231296414,2.014014121416387,0.888337317458434,3.323612926332737,4.685748831657845,3.767954203755592,4.947266561844902,4.775227945333676,5.351612122194929,1.591048397298913,3.150878431246229,5.963664859370530,4.513832349363756,3.510051658569822,5.204539291653830,5.080761675501435,-0.042298187025379,3.052285571990667,4.287005272314928,1.251945036140269,4.930220844255184,5.780221646942286,2.507344090510045,2.333878965686506,3.179552456016689,3.742229643149335,7.421712671426960,2.973215218983677,2.739898274056461,7.131548658101256,2.340057066800510,3.132517520422233,0.835223100278266,2.494635562658873,4.404476066504709,3.805381989414838,
0.214968401294158,0.048251101008546,0.010433882506852,-0.641111554877805,4.631367916386668,3.895538644132119,4.835576306783088,2.014227293782704,0.889028393144980,3.321064069095310,4.685245400191126,3.767920025954727,4.947270764389904,4.775377920728616,5.352263111634887,1.591494459571894,3.150687822014121,5.964576852614289,4.513137503130101,3.506244563850820,5.206717954168491,5.081684273609239,-0.043174423144171,3.053922178435374,4.289626018907566,1.250690280348832,4.925919854151896,5.781263398202911,2.507292255171524,2.333107482568952,3.179112026788735,3.739709596428435,7.423331995069950,2.974006603554620,2.742928502018100,7.131045203589795,2.340726800702328,3.132964608215925,0.835390418218382,2.494966578356099,4.405461592998379,3.805381989414747,
0.214211617951125,0.048247798795397,0.007635022450821,-0.641607188145771,4.632942900618573,3.894922561718706,4.835291860253923,2.014420379604889,0.889195013336748,3.319896189976623,4.684726914399669,3.767884623628017,4.946972944637491,4.775491401626724,5.352928654264416,1.591963300996188,3.150539494013207,5.965461285720514,4.512589940407307,3.503733307505442,5.208348211836547,5.081959482230238,-0.043651807421588,3.055410548500280,4.291968387166083,1.249589583664213,4.922014557418773,5.782060453839510,2.507311004925600,2.332246647269007,3.178806963401419,3.737955314625808,7.424407258885857,2.974546765161587,2.745921085731093,7.130629534258277,2.341496754165776,3.133235245079522,0.835945007058058,2.495582222707212,4.406274963895351,3.805381989414778,
0.213373721741995,0.047695232065811,0.004992267369115,-0.642765109529056,4.634121766028416,3.894659837862294,4.834969883469665,2.014648239316697,0.888830356966018,3.319508489126833,4.684368338973582,3.767862687727811,4.946639857132093,4.775636772924610,5.354058778920250,1.592296959367605,3.150352228749709,5.966761793376286,4.511682384485586,3.501647554083362,5.210346978544377,5.081935403460910,-0.044454385371195,3.056254687023271,4.294361742120510,1.249054625285857,4.918756076358087,5.781507336317155,2.507940105350445,2.330836209747980,3.178175723854463,3.735808646434198,7.425252747512559,2.975235321198084,2.749304383515668,7.131017307655721,2.342840091919331,3.133055563532054,0.836323352491038,2.496137607090632,4.406266136735557,3.805381989414823,
0.212315135023086,0.047031699540418,0.002310586837471,-0.643876980762970,4.635157331904258,3.894595547662144,4.834675031906813,2.014881733240448,0.887886939943488,3.319951251923843,4.684064672529797,3.767844892320315,4.946086660497073,4.775748550589620,5.355321541102955,1.592579345882784,3.150194251741389,5.968142127884729,4.510844932281691,3.500340174108483,5.212701496542105,5.082468324767165,-0.044793412301820,3.057125347747662,4.296648016596412,1.249093657342307,4.915873063406324,5.780798448876360,2.508632222178179,2.329404039210003,3.177347218747240,3.734059195431343,7.426697312816645,2.975735657897451,2.753306789622041,7.131444905426534,2.344209112398259,3.132524236301265,0.836917282930185,2.496958825763393,4.406140028352167,3.805381989414894,
0.214509014779135,0.043548798335479,0.000357136336054,-0.643721407234389,4.635467412807687,3.895086130029501,4.834530958828718,2.014976295876808,0.886259501543336,3.321224205045717,4.684341579218789,3.767875042147541,4.945709415121459,4.775781683225888,5.355676210654964,1.592321042271526,3.150118363971709,5.969118640124590,4.511080676469928,3.501468294182532,5.214361897034067,5.082423451697851,-0.045406209990845,3.057686898943175,4.298872116339636,1.249052873821517,4.912500518079431,5.779935640945185,2.509273629984392,2.328677932403511,3.176061192309690,3.732934296367313,7.427573576879110,2.976316929742750,2.757674280174201,7.132482881857942,2.344864838053688,3.134251071713935,0.837492557630204,2.497765800782274,4.405485570459538,3.805381989415117,
0.216779153249812,0.040450064368002,-0.001824320321484,-0.643383633169718,4.635762196218653,3.895744260462212,4.834499587773538,2.014961533068875,0.884626222097071,3.322809348009904,4.684494166415869,3.767893964566368,4.945134544286963,4.775767226401781,5.356145927536359,1.592183488584999,3.150096032337064,5.970170624822918,4.511179987385731,3.502695993110723,5.215225542357470,5.082504958254964,-0.045913370097582,3.057646533708847,4.300456876805953,1.249398175805693,4.910630411919431,5.779242725949391,2.509787287850747,2.327944738600950,3.174552222468531,3.732602557483171,7.428451076866805,2.976697709911553,2.761068850405447,7.133455315738682,2.345570330442769,3.135064352671742,0.838531387571359,2.498980797863679,4.404843504331907,3.805381989415378,
0.219017574449102,0.037714010396310,-0.003771671208106,-0.643130071711802,4.636268889551709,3.896068304363364,4.834592527912691,2.014890732168631,0.883041683326042,3.324751647648144,4.684559212287657,3.767901722677810,4.944795983067687,4.775639912646267,5.356459331314359,1.592089990860234,3.150191219503660,5.970948742446588,4.511447581749836,3.504143714127923,5.216068156810485,5.082339376055925,-0.046681983267063,3.057025163747314,4.302499431961332,1.250908274635757,4.908977024721096,5.778361791965286,2.510389737889887,2.327335251172542,3.172856769059180,3.731968935567426,7.429247778557306,2.977230535811578,2.766516192224240,7.134484679617927,2.346109128776489,3.135681467564669,0.839046354996665,2.499690737365972,4.404165525919543,3.805381989415570,
0.220759245842962,0.035541893371017,-0.006139324530681,-0.643061202917170,4.636715332054543,3.896364003341807,4.834684031219941,2.014828339173430,0.881640199595739,3.326435606676365,4.684625714571255,3.767908893566743,4.944360358926402,4.775518263031785,5.356834665975303,1.591991299357519,3.150277626022004,5.971768487079013,4.511614051490199,3.504700607712255,5.216323003473678,5.081811637687970,-0.047690752760475,3.056404894515528,4.304277221674441,1.251921761852106,4.907300782819525,5.777412258903135,2.510995010849111,2.327044350418708,3.171077970889808,3.732042286801683,7.429590767023756,2.977569318534255,2.771168228070516,7.135543315062383,2.346312245896222,3.136877148301186,0.839868699382113,2.500678480069462,4.403426939668157,3.805381989415916,
0.222584282700763,0.034212278677745,-0.008705399353869,-0.642460724630151,4.637493889382983,3.896301016900223,4.835200625663142,2.014369309075719,0.880857219752204,3.327777298200127,4.684368332444023,3.767905799230717,4.944256962427057,4.775619962956799,5.355671611380956,1.592247661559670,3.150150633105060,5.971325789094895,4.513332949931271,3.505260297520456,5.216393939645481,5.080697045120201,-0.048105264178529,3.057755403217505,4.304857720442869,1.253167388941979,4.907410975006266,5.777301796105286,2.511077889286531,2.326742197531472,3.171716466390817,3.732589049700017,7.432038185036278,2.978052709536302,2.774399681309573,7.136318339169535,2.346340490928741,3.137831708663505,0.841044406672494,2.501895624944234,4.403075324460551,3.805381989416384,
0.223772736331871,0.032555871613168,-0.009773080205898,-0.643410742437127,4.638269055101251,3.896373304557017,4.835674515595180,2.013950138914824,0.879793504976635,3.328101182124179,4.684076090541485,3.767902608543711,4.944451051620353,4.775713240860951,5.355330543624239,1.592551674144517,3.150035021290828,5.971663033675964,4.513860582919108,3.504867752528811,5.217056039765255,5.078828119132238,-0.048077544121612,3.058572313468644,4.305704387610723,1.254012252700041,4.907726625820200,5.776161286958260,2.511750060436492,2.326378392389505,3.172627800897295,3.731395072802647,7.433706103855510,2.979047313669513,2.778232799421273,7.137570128623110,2.346472341895853,3.138510903078136,0.841627014160706,2.502471080262116,4.402244484697158,3.805381989416638,
0.224743285111233,0.030238795172241,-0.010980768999147,-0.644478028592100,4.639639167846572,3.896011114569383,4.836340337022413,2.013368166732934,0.879825862449030,3.327039185684860,4.684266968391802,3.767938994258744,4.944689860179194,4.775658167150290,5.355234346673607,1.592409798255719,3.150071829572009,5.971913344502227,4.513957574827733,3.503300457361302,5.217552785073782,5.076954142793758,-0.047824797368540,3.059419907822123,4.307251079587561,1.254629206597647,4.907040605900526,5.775734569806221,2.512173054381486,2.326377268678943,3.173859493497484,3.730505521602930,7.434915805272141,2.980503272152903,2.782382540340895,7.138157961788976,2.346275160444425,3.140182707283720,0.841363720162104,2.502261831737378,4.402096467368796,3.805381989416927,
0.225271893905048,0.027989496643291,-0.012151248353329,-0.645593151372345,4.640946247610156,3.895887135244303,4.836934868293389,2.012860804609675,0.879919542978850,3.325934202776799,4.684478442948172,3.767974947077303,4.944671034059303,4.775623316731799,5.355219836615634,1.592241609663339,3.150089448623255,5.972285096845759,4.513959007186784,3.501578226739362,5.217807591984829,5.075294367274493,-0.047386580787626,3.060187564121480,4.308392053389533,1.255246628159044,4.906864209787829,5.775080120757379,2.512577757912303,2.326351151544976,3.175659427596184,3.730024935311072,7.436382804670259,2.981646148848684,2.785289779462559,7.138869242674479,2.346039103439950,3.141776105852473,0.841304787142856,2.502170084454394,4.401866180866564,3.805381989417240,
0.225738870921076,0.025957811200042,-0.012874508081260,-0.646451779339618,4.642157685745858,3.896036496468510,4.837444314279448,2.012432106096961,0.879414690759253,3.325914795787332,4.684503174381463,3.767995886482098,4.944198963849193,4.775580752894706,5.355573893674750,1.592254612246589,3.150118687579657,5.972941794276628,4.513847188624089,3.500604619882234,5.217643665408475,5.073964906191106,-0.046788602679259,3.060523319263329,4.309152906509339,1.256297920895451,4.907629254519851,5.774380531445175,2.512998675796244,2.326043056318038,3.177614548261508,3.729826211666600,7.438028015232360,2.982391514904217,2.787084212468899,7.139623730463982,2.346084971010834,3.142775052096191,0.841984182847585,2.502786375206868,4.401503337531865,3.805381989417412,
